1903 3
1756 4
81 6
147 6
869 6
1141 6
9 7
707 7
2115 7
2175 7
1206 7
568 8
2169 8
864 10
1485 10
752 11
44 12
1186 12
1403 12
491 13
634 13
524 14
848 14
480 16
567 16
1148 16
2101 18
1197 19
1628 19
32 20
88 21
359 21
604 21
1814 21
2235 22
141 23
1223 23
125 24
2170 24
1276 24
2078 25
1779 26
107 28
2133 28
2139 28
371 29
2214 29
1411 29
276 30
1916 30
169 33
736 33
1456 33
133 35
742 35
2046 35
1816 35
212 36
119 37
1355 37
821 38
1597 39
1898 39
389 40
774 41
1619 41
1785 41
356 42
688 42
1815 42
1579 43
1595 43
842 44
2229 44
1504 44
1224 45
1846 45
763 47
379 48
2070 48
1543 48
1203 49
1318 49
1541 49
2 50
540 50
2212 51
1371 51
1394 51
305 52
857 52
771 53
436 54
1100 55
1641 55
403 56
2103 56
1416 56
1797 57
28 58
1791 58
1786 60
379 62
1478 62
868 63
87 64
188 64
1903 64
629 65
1817 66
1996 66
382 67
712 68
1847 68
1418 69
1436 69
1442 69
135 70
13 72
1305 72
1709 72
2056 73
1470 73
1792 73
386 74
1791 74
497 75
2112 75
220 77
267 77
1522 77
1998 77
354 78
879 78
1630 78
289 80
324 80
2073 80
1404 81
587 82
1132 84
1462 84
115 85
2153 85
1706 85
2007 86
2015 86
1234 87
1767 87
314 88
2163 88
38 89
2093 89
1486 90
201 91
478 91
834 91
1257 94
1933 94
562 95
1325 96
66 97
585 97
1332 97
2199 98
338 100
1198 100
19 100.3
38 100.3
43 100.3
60 100.3
103 100.3
208 100.3
236 100.3
263 100.3
298 100.3
351 100.3
397 100.3
405 100.3
539 100.3
608 100.3
627 100.3
729 100.3
878 100.3
1139 100.3
1686 100.3
1743 100.3
1764 100.3
1936 100.3
1991 100.3
2205 100.3
23 101.3
127 101.3
143 101.3
190 101.3
237 101.3
256 101.3
283 101.3
325 101.3
365 101.3
566 101.3
575 101.3
630 101.3
748 101.3
792 101.3
1122 101.3
1174 101.3
1192 101.3
1238 101.3
1256 101.3
1270 101.3
1532 101.3
1616 101.3
1683 101.3
1797 101.3
1830 101.3
2022 101.3
2069 101.3
2147 101.3
2153 101.3
2214 101.3
2 102.3
22 102.3
144 102.3
209 102.3
253 102.3
275 102.3
348 102.3
428 102.3
511 102.3
621 102.3
632 102.3
727 102.3
734 102.3
866 102.3
1299 102.3
1357 102.3
1426 102.3
1499 102.3
1565 102.3
1618 102.3
1811 102.3
1931 102.3
1963 102.3
1975 102.3
1998 102.3
2119 102.3
2131 102.3
171 103.3
198 103.3
273 103.3
276 103.3
289 103.3
1576 103.3
1583 103.3
1715 103.3
2062 103.3
11 104.3
230 104.3
235 104.3
649 104.3
1418 104.3
1862 104.3
2099 104.3
2235 104.3
156 105.3
181 105.3
343 105.3
385 105.3
406 105.3
678 105.3
690 105.3
863 105.3
1477 105.3
1560 105.3
1617 105.3
30 106.3
84 106.3
222 106.3
292 106.3
438 106.3
706 106.3
772 106.3
1133 106.3
1363 106.3
1603 106.3
1741 106.3
1818 106.3
1836 106.3
1950 106.3
1973 106.3
2134 106.3
2186 106.3
38 107.3
83 107.3
146 107.3
204 107.3
239 107.3
261 107.3
307 107.3
317 107.3
443 107.3
450 107.3
465 107.3
514 107.3
753 107.3
795 107.3
1214 107.3
1288 107.3
1457 107.3
1601 107.3
1642 107.3
1660 107.3
1703 107.3
1782 107.3
1909 107.3
1955 107.3
2143 107.3
2167 107.3
2168 107.3
2191 107.3
35 108.3
48 108.3
64 108.3
78 108.3
108 108.3
111 108.3
116 108.3
130 108.3
225 108.3
227 108.3
286 108.3
324 108.3
337 108.3
455 108.3
696 108.3
725 108.3
1179 108.3
1305 108.3
1507 108.3
1521 108.3
1585 108.3
1650 108.3
1653 108.3
1709 108.3
1898 108.3
1966 108.3
2174 108.3
107 109.3
166 109.3
177 109.3
331 109.3
440 109.3
494 109.3
627 109.3
631 109.3
1554 109.3
1644 109.3
2111 109.3
228 110.3
231 110.3
269 110.3
403 110.3
786 110.3
1126 110.3
1323 110.3
1666 110.3
1760 110.3
36 111.3
183 111.3
191 111.3
220 111.3
258 111.3
556 111.3
866 111.3
1394 111.3
1873 111.3
1969 111.3
2083 111.3
232 112.3
287 112.3
379 112.3
552 112.3
1231 112.3
1358 112.3
1792 112.3
1878 112.3
1879 112.3
1925 112.3
1959 112.3
1981 112.3
169 113.3
277 113.3
285 113.3
322 113.3
384 113.3
444 113.3
506 113.3
534 113.3
542 113.3
603 113.3
695 113.3
722 113.3
738 113.3
857 113.3
1055 113.3
1451 113.3
1548 113.3
1748 113.3
1832 113.3
46 114.3
86 114.3
120 114.3
124 114.3
128 114.3
133 114.3
159 114.3
209 114.3
212 114.3
215 114.3
249 114.3
259 114.3
265 114.3
283 114.3
318 114.3
407 114.3
466 114.3
472 114.3
495 114.3
529 114.3
659 114.3
729 114.3
1123 114.3
1227 114.3
1624 114.3
1678 114.3
1684 114.3
1730 114.3
1870 114.3
2029 114.3
2173 114.3
82 115.3
104 115.3
147 115.3
189 115.3
226 115.3
350 115.3
374 115.3
396 115.3
535 115.3
781 115.3
873 115.3
1129 115.3
1243 115.3
1472 115.3
1610 115.3
1672 115.3
2073 115.3
184 116.3
245 116.3
279 116.3
280 116.3
300 116.3
380 116.3
417 116.3
435 116.3
441 116.3
589 116.3
819 116.3
1154 116.3
1234 116.3
1297 116.3
1410 116.3
1665 116.3
1700 116.3
2114 116.3
2216 116.3
173 117.3
191 117.3
262 117.3
268 117.3
342 117.3
629 117.3
852 117.3
1431 117.3
1668 117.3
79 118.3
148 118.3
156 118.3
168 118.3
234 118.3
258 118.3
430 118.3
459 118.3
681 118.3
775 118.3
1065 118.3
1477 118.3
2160 118.3
117 119.3
213 119.3
294 119.3
307 119.3
335 119.3
365 119.3
366 119.3
443 119.3
463 119.3
1132 119.3
1261 119.3
1643 119.3
1676 119.3
1786 119.3
2005 119.3
2048 119.3
63 120.3
164 120.3
186 120.3
195 120.3
334 120.3
465 120.3
489 120.3
490 120.3
491 120.3
502 120.3
507 120.3
521 120.3
585 120.3
663 120.3
1014 120.3
1161 120.3
1337 120.3
1401 120.3
1530 120.3
1606 120.3
1722 120.3
2152 120.3
41 121.3
139 121.3
160 121.3
237 121.3
250 121.3
276 121.3
316 121.3
353 121.3
389 121.3
401 121.3
416 121.3
564 121.3
656 121.3
673 121.3
809 121.3
817 121.3
1191 121.3
1247 121.3
1572 121.3
1773 121.3
1804 121.3
1842 121.3
1921 121.3
1931 121.3
2091 121.3
2120 121.3
2127 121.3
2206 121.3
2210 121.3
299 122.3
352 122.3
359 122.3
477 122.3
483 122.3
597 122.3
691 122.3
1204 122.3
1361 122.3
1412 122.3
1475 122.3
1576 122.3
1577 122.3
1757 122.3
107 123.3
325 123.3
336 123.3
399 123.3
419 123.3
846 123.3
1044 123.3
1164 123.3
1422 123.3
1683 123.3
1828 123.3
1918 123.3
59 124.3
98 124.3
350 124.3
376 124.3
554 124.3
1186 124.3
80 125.3
403 125.3
620 125.3
941 125.3
1152 125.3
1284 125.3
1332 125.3
1426 125.3
1488 125.3
1803 125.3
1858 125.3
264 126.3
310 126.3
348 126.3
392 126.3
406 126.3
429 126.3
599 126.3
798 126.3
800 126.3
1178 126.3
1280 126.3
1335 126.3
1377 126.3
1398 126.3
1513 126.3
1590 126.3
1603 126.3
1676 126.3
1768 126.3
83 127.3
84 127.3
104 127.3
147 127.3
153 127.3
190 127.3
213 127.3
221 127.3
232 127.3
246 127.3
290 127.3
337 127.3
354 127.3
360 127.3
371 127.3
375 127.3
448 127.3
468 127.3
522 127.3
539 127.3
543 127.3
590 127.3
959 127.3
979 127.3
1281 127.3
1435 127.3
1436 127.3
1542 127.3
1677 127.3
1711 127.3
1794 127.3
1835 127.3
1980 127.3
2050 127.3
2056 127.3
2136 127.3
33 128.3
124 128.3
163 128.3
276 128.3
361 128.3
395 128.3
410 128.3
544 128.3
780 128.3
786 128.3
799 128.3
822 128.3
845 128.3
1144 128.3
1288 128.3
1387 128.3
1478 128.3
1688 128.3
1901 128.3
1915 128.3
1960 128.3
2184 128.3
239 129.3
288 129.3
305 129.3
326 129.3
407 129.3
423 129.3
532 129.3
670 129.3
671 129.3
749 129.3
811 129.3
1239 129.3
1578 129.3
1611 129.3
1771 129.3
1787 129.3
1922 129.3
2085 129.3
2232 129.3
316 130.3
328 130.3
503 130.3
558 130.3
561 130.3
726 130.3
745 130.3
1265 130.3
1704 130.3
1746 130.3
1759 130.3
160 131.3
207 131.3
229 131.3
268 131.3
274 131.3
370 131.3
383 131.3
664 131.3
741 131.3
1162 131.3
1222 131.3
2135 131.3
139 132.3
279 132.3
311 132.3
364 132.3
495 132.3
576 132.3
685 132.3
1388 132.3
1562 132.3
1707 132.3
8 133.3
85 133.3
109 133.3
203 133.3
312 133.3
338 133.3
359 133.3
363 133.3
380 133.3
418 133.3
443 133.3
678 133.3
869 133.3
1290 133.3
1392 133.3
1849 133.3
1874 133.3
1909 133.3
1933 133.3
2061 133.3
194 134.3
204 134.3
292 134.3
320 134.3
340 134.3
342 134.3
346 134.3
396 134.3
402 134.3
422 134.3
455 134.3
479 134.3
492 134.3
504 134.3
510 134.3
517 134.3
577 134.3
1369 134.3
1371 134.3
1442 134.3
1481 134.3
1558 134.3
1863 134.3
1897 134.3
2098 134.3
285 135.3
315 135.3
329 135.3
394 135.3
399 135.3
444 135.3
582 135.3
634 135.3
676 135.3
862 135.3
878 135.3
1074 135.3
1180 135.3
1242 135.3
1341 135.3
1413 135.3
1506 135.3
1577 135.3
1649 135.3
1905 135.3
1974 135.3
164 136.3
317 136.3
374 136.3
429 136.3
461 136.3
490 136.3
615 136.3
638 136.3
1280 136.3
1352 136.3
1970 136.3
2215 136.3
377 137.3
406 137.3
774 137.3
1498 137.3
1578 137.3
1845 137.3
1870 137.3
2083 137.3
2199 137.3
232 138.3
238 138.3
251 138.3
304 138.3
323 138.3
404 138.3
431 138.3
527 138.3
759 138.3
857 138.3
1185 138.3
1672 138.3
1701 138.3
2041 138.3
67 139.3
80 139.3
112 139.3
116 139.3
306 139.3
371 139.3
480 139.3
518 139.3
625 139.3
643 139.3
671 139.3
710 139.3
951 139.3
1130 139.3
1541 139.3
1811 139.3
264 140.3
298 140.3
350 140.3
413 140.3
439 140.3
474 140.3
513 140.3
578 140.3
598 140.3
622 140.3
627 140.3
691 140.3
733 140.3
786 140.3
852 140.3
1121 140.3
1131 140.3
1169 140.3
1205 140.3
1251 140.3
1294 140.3
1305 140.3
1321 140.3
1630 140.3
1735 140.3
1810 140.3
1954 140.3
61 141.3
148 141.3
149 141.3
187 141.3
194 141.3
282 141.3
393 141.3
428 141.3
435 141.3
522 141.3
567 141.3
583 141.3
619 141.3
634 141.3
651 141.3
820 141.3
1296 141.3
1664 141.3
1714 141.3
1772 141.3
1801 141.3
1862 141.3
1885 141.3
1911 141.3
2089 141.3
2148 141.3
2203 141.3
2221 141.3
2224 141.3
207 142.3
288 142.3
314 142.3
316 142.3
378 142.3
427 142.3
477 142.3
525 142.3
749 142.3
1140 142.3
1238 142.3
1250 142.3
1339 142.3
1527 142.3
1871 142.3
1965 142.3
2110 142.3
2129 142.3
159 143.3
209 143.3
310 143.3
383 143.3
468 143.3
496 143.3
696 143.3
867 143.3
978 143.3
1128 143.3
1266 143.3
1560 143.3
55 144.3
83 144.3
85 144.3
191 144.3
590 144.3
625 144.3
1196 144.3
1230 144.3
1248 144.3
1302 144.3
2015 144.3
2068 144.3
297 145.3
441 145.3
442 145.3
520 145.3
649 145.3
711 145.3
843 145.3
1368 145.3
1467 145.3
1574 145.3
1640 145.3
1893 145.3
1899 145.3
2064 145.3
167 146.3
299 146.3
317 146.3
356 146.3
462 146.3
476 146.3
556 146.3
595 146.3
637 146.3
765 146.3
825 146.3
1190 146.3
1293 146.3
1528 146.3
1612 146.3
1650 146.3
1699 146.3
24 147.3
123 147.3
340 147.3
367 147.3
393 147.3
540 147.3
548 147.3
555 147.3
602 147.3
684 147.3
706 147.3
761 147.3
796 147.3
801 147.3
908 147.3
1126 147.3
1347 147.3
1393 147.3
1542 147.3
1878 147.3
1902 147.3
2180 147.3
2197 147.3
174 148.3
182 148.3
234 148.3
309 148.3
328 148.3
337 148.3
368 148.3
421 148.3
446 148.3
455 148.3
509 148.3
524 148.3
535 148.3
554 148.3
583 148.3
638 148.3
688 148.3
717 148.3
719 148.3
1028 148.3
1276 148.3
1332 148.3
1397 148.3
1598 148.3
1632 148.3
1746 148.3
1817 148.3
1922 148.3
2186 148.3
2223 148.3
2 149.3
53 149.3
414 149.3
578 149.3
710 149.3
1462 149.3
1468 149.3
1702 149.3
2187 149.3
29 150.3
39 150.3
374 150.3
562 150.3
1247 150.3
1269 150.3
1283 150.3
1383 150.3
1735 150.3
1759 150.3
170 151.3
358 151.3
424 151.3
549 151.3
582 151.3
599 151.3
666 151.3
721 151.3
1706 151.3
1853 151.3
1871 151.3
323 152.3
335 152.3
450 152.3
581 152.3
643 152.3
669 152.3
737 152.3
791 152.3
804 152.3
1601 152.3
1636 152.3
1707 152.3
1843 152.3
1955 152.3
2092 152.3
2096 152.3
98 153.3
177 153.3
422 153.3
492 153.3
545 153.3
624 153.3
733 153.3
1365 153.3
1785 153.3
1805 153.3
1807 153.3
1814 153.3
1912 153.3
1990 153.3
2117 153.3
2124 153.3
67 154.3
146 154.3
147 154.3
278 154.3
321 154.3
379 154.3
410 154.3
420 154.3
458 154.3
484 154.3
568 154.3
594 154.3
605 154.3
614 154.3
653 154.3
654 154.3
715 154.3
751 154.3
1443 154.3
1573 154.3
1585 154.3
1602 154.3
1610 154.3
1626 154.3
1675 154.3
1760 154.3
1809 154.3
1877 154.3
1890 154.3
1931 154.3
2220 154.3
32 155.3
249 155.3
309 155.3
497 155.3
498 155.3
532 155.3
597 155.3
632 155.3
672 155.3
681 155.3
761 155.3
865 155.3
1127 155.3
1154 155.3
1189 155.3
1264 155.3
1539 155.3
1893 155.3
1894 155.3
2154 155.3
2166 155.3
1 156.3
344 156.3
373 156.3
386 156.3
546 156.3
618 156.3
691 156.3
788 156.3
1266 156.3
1360 156.3
1880 156.3
2024 156.3
2091 156.3
609 157.3
627 157.3
700 157.3
1586 157.3
1740 157.3
2040 157.3
2161 157.3
10 158.3
413 158.3
560 158.3
678 158.3
1286 158.3
1887 158.3
2189 158.3
2194 158.3
270 159.3
320 159.3
401 159.3
405 159.3
456 159.3
463 159.3
719 159.3
838 159.3
1093 159.3
1243 159.3
1395 159.3
1446 159.3
1520 159.3
1554 159.3
1652 159.3
2151 159.3
58 160.3
85 160.3
509 160.3
566 160.3
576 160.3
615 160.3
649 160.3
667 160.3
668 160.3
737 160.3
869 160.3
896 160.3
1095 160.3
1312 160.3
1462 160.3
1510 160.3
1526 160.3
1541 160.3
1757 160.3
1818 160.3
2185 160.3
248 161.3
297 161.3
368 161.3
393 161.3
406 161.3
450 161.3
476 161.3
479 161.3
482 161.3
495 161.3
552 161.3
558 161.3
583 161.3
591 161.3
669 161.3
670 161.3
702 161.3
756 161.3
795 161.3
1000 161.3
1136 161.3
1230 161.3
1249 161.3
1351 161.3
1527 161.3
1714 161.3
1806 161.3
1860 161.3
2180 161.3
66 162.3
106 162.3
114 162.3
301 162.3
455 162.3
466 162.3
468 162.3
484 162.3
489 162.3
530 162.3
561 162.3
581 162.3
611 162.3
674 162.3
705 162.3
714 162.3
764 162.3
814 162.3
1188 162.3
1355 162.3
1495 162.3
1533 162.3
1748 162.3
2109 162.3
177 163.3
206 163.3
302 163.3
449 163.3
579 163.3
601 163.3
633 163.3
693 163.3
787 163.3
820 163.3
1175 163.3
1405 163.3
1790 163.3
1868 163.3
1934 163.3
2187 163.3
128 164.3
564 164.3
613 164.3
695 164.3
1303 164.3
1643 164.3
1917 164.3
1990 164.3
2046 164.3
41 165.3
100 165.3
270 165.3
525 165.3
599 165.3
1617 165.3
1669 165.3
1766 165.3
1912 165.3
1916 165.3
2157 165.3
461 166.3
471 166.3
528 166.3
688 166.3
745 166.3
858 166.3
1125 166.3
1184 166.3
1257 166.3
1360 166.3
1389 166.3
1432 166.3
1581 166.3
1690 166.3
118 167.3
180 167.3
237 167.3
292 167.3
344 167.3
364 167.3
387 167.3
451 167.3
507 167.3
541 167.3
604 167.3
646 167.3
700 167.3
707 167.3
711 167.3
727 167.3
740 167.3
742 167.3
779 167.3
897 167.3
1215 167.3
1260 167.3
1437 167.3
1579 167.3
1642 167.3
1789 167.3
1974 167.3
2026 167.3
2035 167.3
2061 167.3
2073 167.3
173 168.3
241 168.3
251 168.3
391 168.3
419 168.3
434 168.3
437 168.3
464 168.3
571 168.3
665 168.3
743 168.3
776 168.3
778 168.3
796 168.3
797 168.3
1129 168.3
1182 168.3
1280 168.3
1318 168.3
1637 168.3
1727 168.3
2018 168.3
2144 168.3
418 169.3
501 169.3
513 169.3
644 169.3
744 169.3
821 169.3
360 170.3
481 170.3
638 170.3
651 170.3
916 170.3
1115 170.3
1656 170.3
1838 170.3
1930 170.3
2044 170.3
2163 170.3
349 171.3
466 171.3
470 171.3
1211 171.3
1433 171.3
1928 171.3
1991 171.3
159 172.3
263 172.3
392 172.3
502 172.3
664 172.3
675 172.3
691 172.3
836 172.3
847 172.3
870 172.3
1699 172.3
1742 172.3
1782 172.3
1836 172.3
2173 172.3
20 173.3
178 173.3
181 173.3
184 173.3
193 173.3
342 173.3
425 173.3
450 173.3
559 173.3
717 173.3
814 173.3
1164 173.3
1218 173.3
1225 173.3
1495 173.3
1683 173.3
1746 173.3
1904 173.3
2079 173.3
2113 173.3
22 174.3
36 174.3
41 174.3
51 174.3
90 174.3
121 174.3
136 174.3
141 174.3
149 174.3
200 174.3
512 174.3
515 174.3
567 174.3
665 174.3
777 174.3
871 174.3
1175 174.3
1547 174.3
1596 174.3
1603 174.3
1708 174.3
1780 174.3
1796 174.3
1826 174.3
1841 174.3
1862 174.3
1995 174.3
2046 174.3
2086 174.3
2100 174.3
2194 174.3
2196 174.3
4 175.3
409 175.3
509 175.3
630 175.3
669 175.3
734 175.3
749 175.3
1231 175.3
1284 175.3
1342 175.3
1441 175.3
1527 175.3
1627 175.3
1877 175.3
1895 175.3
2160 175.3
240 176.3
271 176.3
329 176.3
623 176.3
627 176.3
636 176.3
709 176.3
1410 176.3
1524 176.3
1672 176.3
1849 176.3
1987 176.3
174 177.3
261 177.3
420 177.3
1150 177.3
1227 177.3
1711 177.3
1850 177.3
413 178.3
416 178.3
620 178.3
745 178.3
837 178.3
1252 178.3
1815 178.3
1983 178.3
2219 178.3
402 179.3
455 179.3
483 179.3
570 179.3
600 179.3
794 179.3
839 179.3
849 179.3
985 179.3
1182 179.3
1399 179.3
1563 179.3
1828 179.3
2215 179.3
59 180.3
63 180.3
71 180.3
170 180.3
257 180.3
325 180.3
412 180.3
414 180.3
441 180.3
464 180.3
526 180.3
541 180.3
546 180.3
606 180.3
608 180.3
612 180.3
650 180.3
677 180.3
708 180.3
722 180.3
865 180.3
968 180.3
1172 180.3
1189 180.3
1337 180.3
1415 180.3
1440 180.3
1459 180.3
1525 180.3
1620 180.3
1640 180.3
1706 180.3
1739 180.3
1784 180.3
1839 180.3
2154 180.3
29 181.3
37 181.3
260 181.3
411 181.3
450 181.3
530 181.3
544 181.3
556 181.3
558 181.3
571 181.3
577 181.3
586 181.3
589 181.3
605 181.3
622 181.3
641 181.3
716 181.3
1212 181.3
1213 181.3
1374 181.3
1381 181.3
1452 181.3
1500 181.3
1565 181.3
1625 181.3
1695 181.3
1772 181.3
1814 181.3
1837 181.3
1853 181.3
1919 181.3
1963 181.3
1990 181.3
2111 181.3
14 182.3
350 182.3
651 182.3
655 182.3
838 182.3
895 182.3
1530 182.3
1593 182.3
1658 182.3
1822 182.3
680 183.3
681 183.3
714 183.3
883 183.3
1146 183.3
1174 183.3
1359 183.3
1400 183.3
1624 183.3
2053 183.3
78 184.3
103 184.3
156 184.3
234 184.3
248 184.3
310 184.3
396 184.3
511 184.3
779 184.3
783 184.3
1279 184.3
1665 184.3
1980 184.3
2150 184.3
97 185.3
125 185.3
297 185.3
364 185.3
542 185.3
563 185.3
620 185.3
799 185.3
943 185.3
1125 185.3
1162 185.3
1176 185.3
1294 185.3
1582 185.3
1873 185.3
1982 185.3
2222 185.3
76 186.3
427 186.3
488 186.3
569 186.3
731 186.3
748 186.3
789 186.3
823 186.3
869 186.3
1204 186.3
1436 186.3
1507 186.3
1609 186.3
1611 186.3
1617 186.3
1667 186.3
1819 186.3
1892 186.3
1905 186.3
2041 186.3
119 187.3
275 187.3
302 187.3
346 187.3
354 187.3
536 187.3
561 187.3
562 187.3
566 187.3
617 187.3
751 187.3
757 187.3
766 187.3
882 187.3
939 187.3
1214 187.3
1329 187.3
1343 187.3
1414 187.3
1417 187.3
1664 187.3
1673 187.3
1719 187.3
1786 187.3
1797 187.3
1818 187.3
1877 187.3
1943 187.3
2188 187.3
2198 187.3
2216 187.3
39 188.3
135 188.3
262 188.3
319 188.3
451 188.3
461 188.3
535 188.3
557 188.3
631 188.3
673 188.3
686 188.3
726 188.3
776 188.3
861 188.3
1144 188.3
1155 188.3
1395 188.3
1515 188.3
1531 188.3
1544 188.3
1608 188.3
1702 188.3
1707 188.3
1731 188.3
1987 188.3
2044 188.3
2046 188.3
2106 188.3
35 189.3
628 189.3
638 189.3
705 189.3
754 189.3
806 189.3
807 189.3
922 189.3
1293 189.3
1724 189.3
1832 189.3
1872 189.3
616 190.3
667 190.3
834 190.3
884 190.3
902 190.3
1550 190.3
1564 190.3
1758 190.3
1938 190.3
158 191.3
578 191.3
662 191.3
691 191.3
729 191.3
1156 191.3
1442 191.3
1445 191.3
1516 191.3
1741 191.3
1762 191.3
1981 191.3
2063 191.3
2171 191.3
192 192.3
586 192.3
693 192.3
852 192.3
1383 192.3
1438 192.3
1918 192.3
27 193.3
261 193.3
473 193.3
602 193.3
625 193.3
665 193.3
743 193.3
795 193.3
825 193.3
921 193.3
938 193.3
1513 193.3
1711 193.3
1831 193.3
52 194.3
112 194.3
314 194.3
320 194.3
554 194.3
555 194.3
562 194.3
601 194.3
661 194.3
675 194.3
676 194.3
701 194.3
715 194.3
736 194.3
810 194.3
842 194.3
850 194.3
853 194.3
1240 194.3
1242 194.3
1411 194.3
1431 194.3
1443 194.3
1659 194.3
1841 194.3
1854 194.3
1963 194.3
2095 194.3
2186 194.3
85 195.3
142 195.3
220 195.3
292 195.3
400 195.3
575 195.3
626 195.3
687 195.3
768 195.3
782 195.3
846 195.3
873 195.3
1228 195.3
1256 195.3
1547 195.3
1587 195.3
1647 195.3
1960 195.3
2116 195.3
452 196.3
463 196.3
654 196.3
702 196.3
750 196.3
756 196.3
792 196.3
1028 196.3
1243 196.3
1638 196.3
2033 196.3
46 197.3
54 197.3
309 197.3
396 197.3
523 197.3
715 197.3
730 197.3
752 197.3
864 197.3
1127 197.3
1272 197.3
1429 197.3
1658 197.3
2006 197.3
2083 197.3
230 198.3
497 198.3
561 198.3
757 198.3
855 198.3
856 198.3
891 198.3
907 198.3
920 198.3
1305 198.3
1331 198.3
1611 198.3
1950 198.3
2039 198.3
103 199.3
135 199.3
651 199.3
781 199.3
815 199.3
838 199.3
863 199.3
1121 199.3
1229 199.3
1369 199.3
1432 199.3
1455 199.3
1518 199.3
1649 199.3
1730 199.3
1835 199.3
1936 199.3
2042 199.3
1542 201
763 202
1280 204
1720 204
2105 205
2122 205
2231 208
1437 210
1814 211
1533 213
1248 214
744 215
1137 215
1886 216
1926 216
746 217
389 218
603 218
673 218
1157 218
227 219
765 219
2167 219
1485 220
120 221
131 221
1568 221
451 222
695 222
2129 222
1190 223
1337 223
1418 223
18 227
1144 227
1353 227
144 229
1060 229
1969 229
98 230
528 233
27 238
424 238
2198 238
1566 238
10 239
2190 240
687 241
1409 241
564 244
1329 244
1641 244
131 246
408 246
1958 246
154 247
1944 247
86 248
1967 248
395 249
1345 249
1790 249
13 250
291 250
198 251
1651 252
1496 253
1507 253
1607 253
1617 253
1747 253
1510 254
260 257
825 257
1296 257
1745 257
1799 258
2007 259
1836 259
1977 259
2185 260
1268 260
572 261
2022 261
408 262
532 262
2128 262
673 263
396 264
1223 264
173 265
1545 266
1556 266
63 269
1817 270
2079 271
2121 271
1894 272
823 274
607 275
1595 275
718 276
2188 276
1182 276
1148 277
1374 277
1529 277
1950 277
2012 278
49 279
600 279
1345 282
1410 282
366 283
1213 283
2143 284
33 285
778 285
1620 286
1656 286
1907 286
1278 287
1740 287
68 288
290 288
1236 288
167 289
346 289
1559 289
1982 289
31 290
205 290
1404 290
1598 292
2194 294
130 295
790 295
2078 295
1503 296
1362 297
1789 297
543 298
1333 298
710 299
2110 299
1303 299
1699 299
69 300
1291 300
