1872 1
1447 2
2182 3
418 4
1293 4
48 5
669 5
2116 5
2156 5
1539 6
1860 6
225 7
1184 7
193 8
1697 8
1482 9
2142 10
1480 10
255 12
157 13
249 13
2050 13
533 14
1506 14
1618 14
468 15
1937 15
2025 17
496 18
1182 18
1500 18
1533 18
1777 18
1183 19
1454 19
1544 19
1596 19
1924 19
142 20
704 20
1961 20
264 21
19 22
697 23
1747 24
102 25
1289 25
802 27
2003 27
2099 27
2151 27
2161 28
1803 28
147 29
809 29
1154 29
104 30
268 30
326 31
711 31
751 31
1604 31
1994 31
2150 32
585 33
2130 34
1749 34
29 35
422 35
445 35
401 36
1755 36
1979 36
846 37
1318 37
1363 37
1636 37
11 38
2147 40
69 41
2164 42
1277 43
2032 44
1640 44
755 47
768 47
2153 47
1244 47
1561 48
1838 48
745 49
1744 49
1699 50
94 51
265 51
2231 53
2046 54
2130 54
1591 54
1622 54
1628 54
1377 55
1478 55
1935 55
499 56
177 57
184 57
447 57
2059 57
1458 58
1357 59
217 60
389 60
624 60
1689 60
2058 61
2152 61
1473 61
1811 61
15 62
1546 63
1608 64
401 65
469 65
862 65
1568 65
2008 66
1813 66
2018 67
176 68
1647 68
313 69
1383 69
86 70
778 70
738 72
1290 72
1156 74
1847 75
58 76
2195 76
167 77
1139 77
137 78
344 78
872 78
792 79
766 81
1123 82
1397 82
556 83
598 84
1231 84
1546 84
445 86
2129 86
1142 86
1290 86
1679 86
2009 88
659 89
716 89
1454 89
1877 89
1325 90
1132 91
1783 91
338 92
515 92
845 93
1473 93
1232 94
25 95
1677 95
1771 95
1977 95
131 96
1642 96
1664 96
1742 96
126 97
1227 97
2069 98
594 99
601 99
872 99
2155 99
721 100
72 100.7
263 100.7
469 100.7
568 100.7
583 100.7
683 100.7
711 100.7
794 100.7
844 100.7
875 100.7
1097 100.7
1149 100.7
1150 100.7
1166 100.7
1167 100.7
1191 100.7
1256 100.7
1359 100.7
1547 100.7
1656 100.7
1784 100.7
1865 100.7
2048 100.7
2086 100.7
2087 100.7
296 101.7
306 101.7
327 101.7
333 101.7
373 101.7
574 101.7
684 101.7
723 101.7
801 101.7
963 101.7
1011 101.7
1145 101.7
1155 101.7
1216 101.7
1247 101.7
1272 101.7
1278 101.7
1280 101.7
1284 101.7
1286 101.7
1315 101.7
1428 101.7
1432 101.7
1549 101.7
1642 101.7
1702 101.7
2085 101.7
2220 101.7
59 102.7
115 102.7
201 102.7
407 102.7
477 102.7
487 102.7
598 102.7
601 102.7
734 102.7
1147 102.7
1186 102.7
1224 102.7
1351 102.7
1358 102.7
1381 102.7
1391 102.7
1807 102.7
1815 102.7
1885 102.7
1903 102.7
2063 102.7
2094 102.7
328 103.7
534 103.7
1130 103.7
1243 103.7
1308 103.7
1517 103.7
1914 103.7
2104 103.7
2161 103.7
75 104.7
92 104.7
98 104.7
434 104.7
630 104.7
1080 104.7
1140 104.7
1531 104.7
1541 104.7
1687 104.7
224 105.7
800 105.7
917 105.7
1073 105.7
1225 105.7
1670 105.7
1872 105.7
2129 105.7
156 106.7
307 106.7
614 106.7
639 106.7
823 106.7
1148 106.7
1168 106.7
1193 106.7
1246 106.7
1259 106.7
1311 106.7
1405 106.7
1616 106.7
1947 106.7
2013 106.7
2014 106.7
2214 106.7
25 107.7
60 107.7
193 107.7
248 107.7
486 107.7
753 107.7
1008 107.7
1178 107.7
1194 107.7
1209 107.7
1213 107.7
1226 107.7
1275 107.7
1352 107.7
1353 107.7
1354 107.7
1362 107.7
1378 107.7
1424 107.7
1433 107.7
1438 107.7
1615 107.7
1648 107.7
1693 107.7
1704 107.7
1772 107.7
1843 107.7
1912 107.7
1959 107.7
2131 107.7
182 108.7
308 108.7
319 108.7
400 108.7
573 108.7
715 108.7
756 108.7
1015 108.7
1105 108.7
1206 108.7
1255 108.7
1258 108.7
1347 108.7
1363 108.7
1367 108.7
1395 108.7
1543 108.7
1741 108.7
1745 108.7
1966 108.7
2148 108.7
63 109.7
203 109.7
233 109.7
1177 109.7
1218 109.7
1237 109.7
1261 109.7
1269 109.7
1296 109.7
1399 109.7
1454 109.7
1534 109.7
1762 109.7
1777 109.7
1849 109.7
1859 109.7
94 110.7
839 110.7
893 110.7
1116 110.7
1232 110.7
1271 110.7
1831 110.7
2093 110.7
95 111.7
499 111.7
821 111.7
1088 111.7
1090 111.7
1162 111.7
1196 111.7
1252 111.7
1256 111.7
1567 111.7
1721 111.7
1992 111.7
2066 111.7
2210 111.7
270 112.7
297 112.7
608 112.7
646 112.7
760 112.7
848 112.7
972 112.7
1064 112.7
1077 112.7
1087 112.7
1132 112.7
1158 112.7
1278 112.7
1280 112.7
1309 112.7
1323 112.7
1409 112.7
1696 112.7
1705 112.7
1928 112.7
2171 112.7
30 113.7
428 113.7
452 113.7
455 113.7
583 113.7
828 113.7
877 113.7
948 113.7
1015 113.7
1054 113.7
1070 113.7
1100 113.7
1107 113.7
1149 113.7
1257 113.7
1314 113.7
1326 113.7
1377 113.7
1466 113.7
1513 113.7
1570 113.7
1607 113.7
1806 113.7
2025 113.7
2070 113.7
2075 113.7
2115 113.7
15 114.7
180 114.7
247 114.7
381 114.7
695 114.7
750 114.7
1156 114.7
1183 114.7
1231 114.7
1264 114.7
1276 114.7
1368 114.7
1389 114.7
1390 114.7
1445 114.7
1500 114.7
1522 114.7
1588 114.7
1670 114.7
1795 114.7
1990 114.7
2157 114.7
2190 114.7
2228 114.7
2 115.7
55 115.7
71 115.7
84 115.7
240 115.7
363 115.7
1359 115.7
1385 115.7
1563 115.7
2104 115.7
2211 115.7
91 116.7
319 116.7
382 116.7
1310 116.7
1379 116.7
1476 116.7
1506 116.7
1516 116.7
1535 116.7
1634 116.7
1649 116.7
1859 116.7
1920 116.7
131 117.7
333 117.7
1001 117.7
1202 117.7
1203 117.7
1248 117.7
1330 117.7
1372 117.7
1543 117.7
1725 117.7
1760 117.7
1939 117.7
38 118.7
323 118.7
496 118.7
1235 118.7
1293 118.7
1485 118.7
2089 118.7
268 119.7
427 119.7
454 119.7
556 119.7
1082 119.7
1104 119.7
1196 119.7
1206 119.7
1351 119.7
1380 119.7
1413 119.7
1518 119.7
1519 119.7
1520 119.7
1609 119.7
1626 119.7
2014 119.7
2174 119.7
2197 119.7
16 120.7
23 120.7
97 120.7
169 120.7
301 120.7
435 120.7
509 120.7
670 120.7
671 120.7
672 120.7
679 120.7
715 120.7
741 120.7
1123 120.7
1134 120.7
1136 120.7
1149 120.7
1300 120.7
1355 120.7
1363 120.7
1384 120.7
1405 120.7
1437 120.7
1538 120.7
1694 120.7
1756 120.7
1862 120.7
1887 120.7
1896 120.7
2206 120.7
2226 120.7
36 121.7
41 121.7
83 121.7
86 121.7
430 121.7
455 121.7
548 121.7
622 121.7
825 121.7
829 121.7
955 121.7
1138 121.7
1204 121.7
1211 121.7
1285 121.7
1290 121.7
1338 121.7
1383 121.7
1481 121.7
1542 121.7
1559 121.7
1822 121.7
2137 121.7
2171 121.7
106 122.7
112 122.7
348 122.7
546 122.7
599 122.7
705 122.7
771 122.7
1066 122.7
1173 122.7
1253 122.7
1263 122.7
1274 122.7
1451 122.7
1477 122.7
1499 122.7
1521 122.7
1526 122.7
1951 122.7
2178 122.7
117 123.7
339 123.7
497 123.7
1279 123.7
1323 123.7
1421 123.7
1495 123.7
1498 123.7
1608 123.7
1784 123.7
1884 123.7
55 124.7
322 124.7
432 124.7
490 124.7
863 124.7
1238 124.7
1354 124.7
1408 124.7
1491 124.7
1581 124.7
1947 124.7
1954 124.7
25 125.7
735 125.7
775 125.7
1384 125.7
1461 125.7
1528 125.7
1545 125.7
1848 125.7
1960 125.7
2141 125.7
27 126.7
211 126.7
331 126.7
358 126.7
494 126.7
571 126.7
614 126.7
651 126.7
810 126.7
844 126.7
1141 126.7
1181 126.7
1273 126.7
1305 126.7
1325 126.7
1422 126.7
1553 126.7
1621 126.7
1670 126.7
1961 126.7
2179 126.7
350 127.7
368 127.7
393 127.7
451 127.7
483 127.7
489 127.7
530 127.7
543 127.7
631 127.7
645 127.7
759 127.7
774 127.7
969 127.7
1126 127.7
1159 127.7
1184 127.7
1208 127.7
1252 127.7
1272 127.7
1414 127.7
1426 127.7
1569 127.7
1590 127.7
1624 127.7
1637 127.7
1793 127.7
1821 127.7
1994 127.7
2000 127.7
2144 127.7
243 128.7
251 128.7
318 128.7
665 128.7
714 128.7
749 128.7
872 128.7
1119 128.7
1220 128.7
1323 128.7
1362 128.7
1453 128.7
1457 128.7
1469 128.7
1586 128.7
131 129.7
136 129.7
239 129.7
431 129.7
452 129.7
579 129.7
1163 129.7
1535 129.7
1599 129.7
1613 129.7
2009 129.7
2044 129.7
2053 129.7
2079 129.7
121 130.7
132 130.7
201 130.7
355 130.7
400 130.7
772 130.7
1197 130.7
1204 130.7
1206 130.7
1259 130.7
1538 130.7
1759 130.7
1784 130.7
1808 130.7
1811 130.7
1999 130.7
728 131.7
806 131.7
1284 131.7
1285 131.7
1468 131.7
1476 131.7
1550 131.7
1705 131.7
1835 131.7
2007 131.7
2171 131.7
508 132.7
531 132.7
597 132.7
742 132.7
1034 132.7
1089 132.7
1237 132.7
1449 132.7
1450 132.7
1539 132.7
1585 132.7
1631 132.7
1658 132.7
1675 132.7
1948 132.7
1951 132.7
1973 132.7
2005 132.7
159 133.7
387 133.7
421 133.7
550 133.7
692 133.7
701 133.7
738 133.7
741 133.7
795 133.7
1025 133.7
1223 133.7
1367 133.7
1462 133.7
1521 133.7
1524 133.7
1543 133.7
1544 133.7
1547 133.7
1577 133.7
1635 133.7
1682 133.7
1907 133.7
2069 133.7
201 134.7
207 134.7
275 134.7
305 134.7
398 134.7
427 134.7
437 134.7
537 134.7
546 134.7
618 134.7
704 134.7
850 134.7
890 134.7
938 134.7
1201 134.7
1253 134.7
1290 134.7
1324 134.7
1379 134.7
1402 134.7
1410 134.7
1451 134.7
1483 134.7
1553 134.7
1607 134.7
1668 134.7
1713 134.7
1730 134.7
1756 134.7
1801 134.7
1868 134.7
1869 134.7
1904 134.7
1921 134.7
1989 134.7
1996 134.7
2040 134.7
2128 134.7
509 135.7
573 135.7
1176 135.7
1232 135.7
1278 135.7
1302 135.7
1303 135.7
1322 135.7
1327 135.7
1522 135.7
1638 135.7
1877 135.7
1878 135.7
2126 135.7
204 136.7
251 136.7
395 136.7
527 136.7
617 136.7
854 136.7
1224 136.7
1283 136.7
1392 136.7
1498 136.7
1517 136.7
1589 136.7
1604 136.7
1699 136.7
1987 136.7
2236 136.7
67 137.7
122 137.7
441 137.7
533 137.7
607 137.7
1144 137.7
1455 137.7
1491 137.7
1616 137.7
1618 137.7
486 138.7
594 138.7
611 138.7
1257 138.7
1567 138.7
1918 138.7
2079 138.7
47 139.7
158 139.7
159 139.7
187 139.7
203 139.7
215 139.7
379 139.7
403 139.7
730 139.7
766 139.7
1002 139.7
1153 139.7
1174 139.7
1211 139.7
1458 139.7
1710 139.7
1727 139.7
1821 139.7
1876 139.7
12 140.7
20 140.7
182 140.7
206 140.7
245 140.7
266 140.7
307 140.7
334 140.7
396 140.7
529 140.7
563 140.7
685 140.7
696 140.7
749 140.7
769 140.7
879 140.7
894 140.7
950 140.7
1166 140.7
1180 140.7
1318 140.7
1338 140.7
1349 140.7
1356 140.7
1426 140.7
1434 140.7
1436 140.7
1469 140.7
1488 140.7
1524 140.7
1564 140.7
1634 140.7
1706 140.7
1712 140.7
1849 140.7
1880 140.7
2059 140.7
2094 140.7
2143 140.7
2183 140.7
81 141.7
141 141.7
157 141.7
262 141.7
329 141.7
477 141.7
483 141.7
568 141.7
636 141.7
1034 141.7
1185 141.7
1263 141.7
1289 141.7
1484 141.7
1531 141.7
1533 141.7
1551 141.7
1657 141.7
1669 141.7
1686 141.7
1693 141.7
1742 141.7
1951 141.7
2020 141.7
2048 141.7
2101 141.7
57 142.7
284 142.7
292 142.7
330 142.7
370 142.7
414 142.7
479 142.7
610 142.7
807 142.7
1252 142.7
1534 142.7
1590 142.7
1654 142.7
319 143.7
793 143.7
799 143.7
1370 143.7
1378 143.7
1400 143.7
1477 143.7
1506 143.7
1521 143.7
1748 143.7
1890 143.7
2131 143.7
184 144.7
433 144.7
702 144.7
1314 144.7
1493 144.7
1536 144.7
1705 144.7
1772 144.7
1791 144.7
111 145.7
453 145.7
528 145.7
663 145.7
778 145.7
1178 145.7
1362 145.7
1405 145.7
1440 145.7
1570 145.7
1903 145.7
2167 145.7
2234 145.7
24 146.7
48 146.7
140 146.7
457 146.7
577 146.7
804 146.7
834 146.7
1311 146.7
1361 146.7
1413 146.7
1416 146.7
1445 146.7
1457 146.7
1473 146.7
1486 146.7
1665 146.7
1763 146.7
1981 146.7
2113 146.7
102 147.7
187 147.7
298 147.7
307 147.7
456 147.7
777 147.7
1138 147.7
1182 147.7
1312 147.7
1339 147.7
1341 147.7
1417 147.7
1425 147.7
1492 147.7
1502 147.7
1543 147.7
1574 147.7
1580 147.7
1620 147.7
1667 147.7
1718 147.7
2028 147.7
2056 147.7
2092 147.7
2232 147.7
143 148.7
177 148.7
827 148.7
1192 148.7
1200 148.7
1215 148.7
1223 148.7
1262 148.7
1289 148.7
1313 148.7
1329 148.7
1390 148.7
1418 148.7
1432 148.7
1555 148.7
1567 148.7
1604 148.7
1649 148.7
1729 148.7
1758 148.7
1822 148.7
1994 148.7
151 149.7
397 149.7
411 149.7
561 149.7
595 149.7
874 149.7
930 149.7
1125 149.7
1176 149.7
1391 149.7
1517 149.7
1606 149.7
1660 149.7
1739 149.7
2067 149.7
1124 150.7
1128 150.7
1137 150.7
1175 150.7
1464 150.7
1553 150.7
1645 150.7
79 151.7
90 151.7
130 151.7
202 151.7
290 151.7
499 151.7
1233 151.7
1309 151.7
1319 151.7
1456 151.7
1523 151.7
1846 151.7
1912 151.7
2155 151.7
2204 151.7
2236 151.7
9 152.7
182 152.7
216 152.7
388 152.7
645 152.7
699 152.7
879 152.7
922 152.7
1452 152.7
1528 152.7
1627 152.7
1697 152.7
1855 152.7
2038 152.7
2074 152.7
2101 152.7
2161 152.7
2213 152.7
13 153.7
50 153.7
113 153.7
351 153.7
658 153.7
810 153.7
1168 153.7
1237 153.7
1398 153.7
1449 153.7
1475 153.7
1487 153.7
1531 153.7
1592 153.7
1671 153.7
1702 153.7
1709 153.7
1731 153.7
1771 153.7
1773 153.7
2006 153.7
2050 153.7
44 154.7
348 154.7
427 154.7
489 154.7
525 154.7
610 154.7
626 154.7
639 154.7
759 154.7
1078 154.7
1144 154.7
1173 154.7
1245 154.7
1343 154.7
1355 154.7
1368 154.7
1439 154.7
1541 154.7
1581 154.7
1598 154.7
1651 154.7
1665 154.7
1686 154.7
1966 154.7
292 155.7
387 155.7
1188 155.7
1445 155.7
1518 155.7
1536 155.7
1560 155.7
1575 155.7
1584 155.7
1608 155.7
1633 155.7
1646 155.7
1688 155.7
1726 155.7
1818 155.7
1834 155.7
239 156.7
263 156.7
563 156.7
992 156.7
1337 156.7
1548 156.7
1568 156.7
2125 156.7
235 157.7
1128 157.7
1145 157.7
1478 157.7
1546 157.7
1950 157.7
199 158.7
217 158.7
625 158.7
1148 158.7
1407 158.7
1505 158.7
1567 158.7
1615 158.7
1672 158.7
1691 158.7
1852 158.7
2110 158.7
2162 158.7
2218 158.7
278 159.7
385 159.7
660 159.7
758 159.7
1124 159.7
1300 159.7
1340 159.7
1412 159.7
1425 159.7
1502 159.7
1541 159.7
1542 159.7
1561 159.7
1582 159.7
1644 159.7
1741 159.7
1811 159.7
1842 159.7
1944 159.7
2100 159.7
244 160.7
366 160.7
372 160.7
435 160.7
604 160.7
669 160.7
836 160.7
856 160.7
1238 160.7
1367 160.7
1466 160.7
1477 160.7
1498 160.7
1520 160.7
1566 160.7
1588 160.7
1599 160.7
1606 160.7
1620 160.7
1626 160.7
1835 160.7
1911 160.7
1941 160.7
2177 160.7
2215 160.7
75 161.7
206 161.7
243 161.7
429 161.7
603 161.7
635 161.7
644 161.7
772 161.7
1259 161.7
1286 161.7
1357 161.7
1363 161.7
1365 161.7
1463 161.7
1544 161.7
1562 161.7
1601 161.7
1643 161.7
1690 161.7
1744 161.7
1849 161.7
1990 161.7
2154 161.7
2179 161.7
97 162.7
130 162.7
564 162.7
685 162.7
866 162.7
1153 162.7
1359 162.7
1385 162.7
1399 162.7
1411 162.7
1457 162.7
1458 162.7
1531 162.7
1622 162.7
1795 162.7
1805 162.7
2029 162.7
2164 162.7
2209 162.7
218 163.7
749 163.7
1260 163.7
1372 163.7
1585 163.7
1886 163.7
59 164.7
1437 164.7
1635 164.7
1711 164.7
2186 164.7
199 165.7
448 165.7
499 165.7
617 165.7
696 165.7
1323 165.7
1398 165.7
1438 165.7
1783 165.7
1863 165.7
1879 165.7
2050 165.7
2126 165.7
2221 165.7
108 166.7
193 166.7
228 166.7
445 166.7
1090 166.7
1161 166.7
1195 166.7
1213 166.7
1364 166.7
1551 166.7
1587 166.7
1630 166.7
1772 166.7
18 167.7
34 167.7
192 167.7
425 167.7
443 167.7
501 167.7
538 167.7
1131 167.7
1177 167.7
1206 167.7
1346 167.7
1515 167.7
1565 167.7
1574 167.7
1590 167.7
1619 167.7
1637 167.7
1655 167.7
1656 167.7
1843 167.7
1849 167.7
1983 167.7
2012 167.7
2066 167.7
146 168.7
154 168.7
163 168.7
582 168.7
768 168.7
984 168.7
1335 168.7
1446 168.7
1499 168.7
1604 168.7
1664 168.7
1687 168.7
1688 168.7
1895 168.7
2129 168.7
2223 168.7
69 169.7
205 169.7
252 169.7
557 169.7
570 169.7
571 169.7
600 169.7
662 169.7
1473 169.7
1594 169.7
1624 169.7
1634 169.7
1679 169.7
1800 169.7
1841 169.7
2013 169.7
2027 169.7
2079 169.7
403 170.7
639 170.7
870 170.7
1648 170.7
1701 170.7
1885 170.7
66 171.7
124 171.7
437 171.7
487 171.7
714 171.7
1123 171.7
1268 171.7
1532 171.7
1548 171.7
1572 171.7
1682 171.7
1725 171.7
1747 171.7
1765 171.7
1856 171.7
2070 171.7
216 172.7
415 172.7
452 172.7
703 172.7
867 172.7
1271 172.7
1374 172.7
1493 172.7
1507 172.7
1514 172.7
1523 172.7
1531 172.7
1731 172.7
1803 172.7
1922 172.7
2160 172.7
2227 172.7
33 173.7
67 173.7
145 173.7
230 173.7
323 173.7
433 173.7
465 173.7
469 173.7
526 173.7
660 173.7
666 173.7
704 173.7
773 173.7
1023 173.7
1218 173.7
1362 173.7
1393 173.7
1583 173.7
1608 173.7
1623 173.7
1678 173.7
1739 173.7
1817 173.7
1954 173.7
2068 173.7
2124 173.7
64 174.7
95 174.7
104 174.7
130 174.7
302 174.7
455 174.7
634 174.7
731 174.7
775 174.7
819 174.7
950 174.7
1344 174.7
1391 174.7
1396 174.7
1466 174.7
1529 174.7
1549 174.7
1579 174.7
1581 174.7
1671 174.7
1717 174.7
1761 174.7
1824 174.7
1953 174.7
2050 174.7
2162 174.7
2170 174.7
2236 174.7
2239 174.7
7 175.7
160 175.7
162 175.7
384 175.7
411 175.7
423 175.7
1308 175.7
1333 175.7
1544 175.7
1590 175.7
1787 175.7
1936 175.7
1949 175.7
2113 175.7
47 176.7
367 176.7
1280 176.7
1599 176.7
1737 176.7
1820 176.7
1912 176.7
1921 176.7
1971 176.7
1342 177.7
1523 177.7
1851 177.7
1928 177.7
2103 177.7
10 178.7
1293 178.7
1685 178.7
1690 178.7
1741 178.7
1745 178.7
1794 178.7
1955 178.7
193 179.7
363 179.7
422 179.7
519 179.7
589 179.7
651 179.7
743 179.7
1516 179.7
1653 179.7
1694 179.7
1751 179.7
1889 179.7
2079 179.7
2228 179.7
150 180.7
282 180.7
341 180.7
366 180.7
381 180.7
571 180.7
766 180.7
837 180.7
876 180.7
1233 180.7
1299 180.7
1340 180.7
1433 180.7
1458 180.7
1465 180.7
1467 180.7
1520 180.7
1554 180.7
1607 180.7
1628 180.7
1655 180.7
1660 180.7
1696 180.7
1757 180.7
1840 180.7
1867 180.7
1871 180.7
2065 180.7
6 181.7
180 181.7
310 181.7
425 181.7
1165 181.7
1292 181.7
1569 181.7
1580 181.7
1594 181.7
1630 181.7
1672 181.7
1680 181.7
1710 181.7
1734 181.7
1775 181.7
1816 181.7
1862 181.7
1890 181.7
2180 181.7
2225 181.7
94 182.7
485 182.7
636 182.7
650 182.7
869 182.7
1555 182.7
1558 182.7
1604 182.7
1752 182.7
1779 182.7
1849 182.7
1935 182.7
2179 182.7
2210 182.7
91 183.7
568 183.7
748 183.7
959 183.7
1498 183.7
1618 183.7
1666 183.7
1759 183.7
1762 183.7
1161 184.7
1191 184.7
1537 184.7
1679 184.7
1713 184.7
1878 184.7
2175 184.7
2230 184.7
430 185.7
1492 185.7
1536 185.7
1541 185.7
1612 185.7
1623 185.7
1830 185.7
1847 185.7
2049 185.7
269 186.7
354 186.7
380 186.7
434 186.7
559 186.7
641 186.7
870 186.7
874 186.7
1412 186.7
1513 186.7
1524 186.7
1576 186.7
1645 186.7
1646 186.7
1744 186.7
1804 186.7
1917 186.7
2023 186.7
2140 186.7
11 187.7
37 187.7
126 187.7
208 187.7
243 187.7
304 187.7
440 187.7
577 187.7
699 187.7
724 187.7
953 187.7
1230 187.7
1334 187.7
1347 187.7
1364 187.7
1557 187.7
1595 187.7
1627 187.7
1631 187.7
1650 187.7
1693 187.7
1777 187.7
1814 187.7
1817 187.7
1829 187.7
1889 187.7
2037 187.7
2189 187.7
29 188.7
144 188.7
337 188.7
413 188.7
544 188.7
675 188.7
846 188.7
1266 188.7
1285 188.7
1383 188.7
1563 188.7
1640 188.7
1888 188.7
1895 188.7
1973 188.7
152 189.7
266 189.7
472 189.7
1117 189.7
1420 189.7
1468 189.7
1564 189.7
1738 189.7
1858 189.7
1928 189.7
1939 189.7
1986 189.7
2012 189.7
2030 189.7
2032 189.7
24 190.7
77 190.7
709 190.7
773 190.7
787 190.7
1433 190.7
1803 190.7
277 191.7
287 191.7
343 191.7
396 191.7
462 191.7
647 191.7
779 191.7
860 191.7
1333 191.7
1379 191.7
1496 191.7
1684 191.7
1736 191.7
1743 191.7
1816 191.7
1852 191.7
1910 191.7
153 192.7
193 192.7
222 192.7
528 192.7
1297 192.7
1692 192.7
1696 192.7
1700 192.7
1723 192.7
1790 192.7
1812 192.7
1867 192.7
1902 192.7
1906 192.7
1927 192.7
2158 192.7
2180 192.7
2211 192.7
229 193.7
249 193.7
299 193.7
603 193.7
650 193.7
718 193.7
727 193.7
741 193.7
1029 193.7
1245 193.7
1248 193.7
1250 193.7
1387 193.7
1452 193.7
1561 193.7
1579 193.7
1679 193.7
1732 193.7
1740 193.7
1789 193.7
2138 193.7
2220 193.7
139 194.7
245 194.7
372 194.7
520 194.7
592 194.7
710 194.7
716 194.7
786 194.7
931 194.7
1178 194.7
1284 194.7
1398 194.7
1454 194.7
1487 194.7
1583 194.7
1588 194.7
1715 194.7
1819 194.7
1912 194.7
1949 194.7
1974 194.7
1983 194.7
1985 194.7
2103 194.7
2115 194.7
12 195.7
20 195.7
104 195.7
206 195.7
265 195.7
446 195.7
509 195.7
644 195.7
740 195.7
975 195.7
1639 195.7
1717 195.7
1849 195.7
1880 195.7
1893 195.7
1895 195.7
1913 195.7
1982 195.7
2041 195.7
64 196.7
78 196.7
747 196.7
852 196.7
1163 196.7
1413 196.7
1503 196.7
1567 196.7
1688 196.7
22 197.7
429 197.7
1445 197.7
1474 197.7
1757 197.7
1758 197.7
1841 197.7
1918 197.7
2077 197.7
124 198.7
170 198.7
218 198.7
483 198.7
501 198.7
751 198.7
879 198.7
1178 198.7
1924 198.7
1941 198.7
2226 198.7
52 199.7
67 199.7
353 199.7
726 199.7
916 199.7
1108 199.7
1142 199.7
1214 199.7
1313 199.7
1530 199.7
1532 199.7
1674 199.7
1701 199.7
1860 199.7
1878 199.7
1885 199.7
1964 199.7
127 201
264 201
460 201
872 201
2050 202
540 203
1123 203
1420 203
454 204
1687 204
1546 205
1133 207
1994 209
1364 210
2081 212
788 213
1611 213
111 214
1475 214
115 215
136 215
348 215
2121 215
2100 216
1289 220
1328 221
1922 222
371 225
2145 225
1891 225
1535 226
370 227
1667 227
413 228
1133 229
141 231
799 231
1440 231
382 233
707 234
821 234
1682 234
16 235
2034 236
1261 237
1257 238
467 239
1564 239
521 240
1362 240
1514 240
1885 241
1305 242
230 243
404 243
1521 243
44 244
449 244
1687 245
1726 245
1557 246
1909 246
1932 246
1162 247
1378 248
867 250
1133 250
1700 250
65 251
236 253
572 253
310 254
2213 256
2004 257
299 259
587 259
1646 260
30 261
1171 263
1165 264
1424 264
2236 265
1259 265
784 266
398 267
2096 268
1410 268
1466 268
140 269
1262 269
2152 271
1518 272
1206 273
2112 274
1161 274
1627 274
1993 274
303 276
1767 276
335 278
1349 278
645 279
1822 279
11 280
2128 280
630 281
1867 281
14 283
102 283
845 283
1325 283
1461 283
1953 283
1994 284
149 285
428 285
684 285
108 286
654 286
1499 286
1727 286
95 287
130 287
1619 287
1681 287
553 288
412 289
1862 289
1203 290
133 291
138 291
547 291
2003 291
1127 291
1319 291
190 292
1570 292
1963 292
1238 293
751 295
2010 296
36 297
2085 297
1931 297
1933 297
1781 298
1324 299
408 300
1262 300
