1627 1
1654 1
75 2
179 2
807 2
1128 2
1320 2
423 3
1377 4
215 5
278 6
833 6
2108 6
2143 6
638 7
739 8
1282 10
1344 11
1458 12
1272 13
145 15
3 16
142 16
2105 16
2198 16
1974 16
2233 17
1359 19
1509 19
1844 20
261 22
842 22
844 22
1785 24
1896 25
1546 26
1863 26
234 27
239 27
864 27
1233 27
821 29
2156 29
118 30
388 30
1844 30
368 31
112 32
815 32
2031 32
105 33
284 33
2034 33
1707 33
1888 33
240 34
1847 34
173 35
312 35
1524 35
1968 35
1405 36
1687 37
203 38
1136 38
1175 38
1640 38
199 39
1977 39
1177 40
707 41
1854 44
794 45
479 46
1449 46
478 47
756 47
1383 47
1674 47
2001 48
2170 48
746 49
1648 50
165 51
2059 51
1141 51
1712 51
153 52
283 52
433 52
259 53
1765 54
1829 54
1863 54
203 55
2115 55
1165 56
518 57
1983 57
812 58
393 59
661 60
1152 60
429 61
431 61
17 62
169 62
333 63
1155 63
1574 63
306 64
766 65
1606 65
26 66
708 66
1162 66
1073 68
809 69
1287 70
1835 70
319 71
417 71
93 72
593 73
1402 75
1286 76
1147 77
1576 77
192 78
298 78
661 78
2036 78
132 79
383 79
1263 79
1889 79
306 80
400 80
1123 80
1606 80
1689 80
627 82
2104 82
1617 82
1965 82
733 83
1597 83
1885 83
134 84
1273 84
2151 85
1148 86
2002 87
210 88
585 88
732 88
1258 88
796 89
1133 89
1363 90
1253 91
1137 92
1498 93
493 94
795 95
91 97
896 97
2044 97
1340 98
251 99
116 100
642 100
78 101
121 101
157 101
164 101
272 101
575 101
778 101
785 101
1344 101
2159 101
120 102
143 102
206 102
211 102
1160 102
1172 102
1262 102
1307 102
1340 102
1759 102
1804 102
1821 102
1979 102
1991 102
2090 102
30 103
183 103
238 103
241 103
262 103
281 103
345 103
407 103
736 103
768 103
796 103
799 103
877 103
1219 103
1364 103
1881 103
1956 103
1998 103
18 104
108 104
131 104
169 104
212 104
297 104
368 104
486 104
619 104
779 104
783 104
814 104
1218 104
1289 104
1525 104
1547 104
1648 104
1686 104
1764 104
1937 104
1967 104
2101 104
2197 104
15 105
22 105
186 105
245 105
252 105
335 105
370 105
471 105
485 105
489 105
589 105
683 105
737 105
740 105
945 105
1147 105
1200 105
1231 105
1468 105
1546 105
1642 105
1848 105
1853 105
2048 105
2083 105
2145 105
106 106
218 106
352 106
359 106
1390 106
1739 106
1847 106
2115 106
2142 106
42 107
172 107
276 107
523 107
1136 107
1637 107
1978 107
2061 107
124 108
396 108
419 108
651 108
1162 108
1223 108
1472 108
1522 108
1977 108
2077 108
45 109
68 109
155 109
613 109
1308 109
1330 109
1401 109
1425 109
1580 109
1598 109
1928 109
2032 109
2051 109
2087 109
84 110
152 110
390 110
402 110
519 110
525 110
532 110
614 110
703 110
1326 110
1621 110
1633 110
1700 110
1887 110
1923 110
1931 110
1964 110
2039 110
2194 110
20 111
47 111
73 111
199 111
221 111
225 111
237 111
247 111
270 111
277 111
294 111
318 111
362 111
479 111
491 111
537 111
661 111
1172 111
1316 111
1458 111
1491 111
1528 111
1755 111
1800 111
1804 111
1831 111
1851 111
2114 111
34 112
111 112
164 112
178 112
231 112
257 112
431 112
535 112
542 112
617 112
1385 112
1394 112
1427 112
1464 112
1534 112
1974 112
1993 112
2045 112
2206 112
230 113
284 113
395 113
1372 113
1382 113
1560 113
1629 113
1684 113
1990 113
2093 113
39 114
159 114
335 114
361 114
496 114
541 114
600 114
708 114
1757 114
1948 114
2174 114
25 115
51 115
113 115
146 115
212 115
247 115
330 115
444 115
835 115
1020 115
1220 115
1383 115
1506 115
1953 115
1967 115
2138 115
11 116
135 116
306 116
311 116
319 116
359 116
575 116
655 116
823 116
982 116
1192 116
1242 116
1526 116
1542 116
1642 116
1779 116
1789 116
1938 116
56 117
62 117
122 117
143 117
162 117
220 117
224 117
312 117
343 117
378 117
380 117
460 117
515 117
549 117
577 117
777 117
899 117
1259 117
1291 117
1344 117
1461 117
1540 117
1773 117
1792 117
2237 117
42 118
129 118
141 118
146 118
166 118
240 118
258 118
341 118
345 118
415 118
423 118
429 118
544 118
589 118
669 118
953 118
1397 118
1426 118
1462 118
1470 118
1554 118
1634 118
1648 118
1727 118
1795 118
1822 118
1831 118
1879 118
2015 118
2017 118
2189 118
172 119
175 119
316 119
407 119
630 119
746 119
798 119
845 119
1167 119
1257 119
1439 119
1469 119
1787 119
1851 119
1918 119
2013 119
2062 119
128 120
257 120
321 120
360 120
572 120
1205 120
1245 120
1388 120
1411 120
1636 120
2169 120
110 121
176 121
225 121
242 121
749 121
829 121
1241 121
1704 121
1801 121
66 122
89 122
285 122
314 122
484 122
561 122
1063 122
1582 122
2076 122
97 123
139 123
145 123
246 123
344 123
446 123
547 123
804 123
851 123
1398 123
1415 123
1455 123
1489 123
1507 123
1572 123
1679 123
1941 123
14 124
58 124
106 124
244 124
311 124
411 124
447 124
470 124
606 124
704 124
787 124
831 124
1364 124
1491 124
1520 124
1630 124
1631 124
1707 124
1865 124
1914 124
1969 124
1973 124
2074 124
57 125
207 125
216 125
771 125
1127 125
1230 125
1334 125
1451 125
1551 125
1678 125
1710 125
1781 125
1797 125
1834 125
1835 125
1995 125
2102 125
174 126
477 126
497 126
1239 126
1370 126
1427 126
1881 126
83 127
109 127
255 127
760 127
766 127
781 127
872 127
873 127
1214 127
1362 127
1920 127
2228 127
52 128
64 128
81 128
130 128
146 128
320 128
372 128
490 128
742 128
783 128
857 128
1141 128
1322 128
1346 128
1517 128
1953 128
1984 128
2205 128
528 129
560 129
801 129
1251 129
1758 129
1866 129
1905 129
1955 129
189 130
237 130
279 130
294 130
448 130
455 130
853 130
855 130
887 130
1147 130
1288 130
1377 130
1454 130
1558 130
2157 130
2166 130
2223 130
14 131
53 131
206 131
239 131
253 131
310 131
351 131
356 131
379 131
380 131
521 131
553 131
628 131
630 131
786 131
812 131
817 131
875 131
1120 131
1157 131
1337 131
1500 131
1525 131
1825 131
2167 131
2207 131
56 132
90 132
167 132
170 132
194 132
229 132
336 132
389 132
463 132
1374 132
1555 132
1775 132
1826 132
1921 132
2094 132
185 133
217 133
303 133
1581 133
1717 133
1799 133
1987 133
68 134
345 134
390 134
427 134
777 134
1321 134
1521 134
2198 134
154 135
179 135
209 135
431 135
481 135
607 135
782 135
1211 135
2017 135
2126 135
2150 135
28 136
125 136
126 136
215 136
274 136
329 136
573 136
622 136
803 136
1205 136
1212 136
1314 136
1480 136
1702 136
1914 136
1927 136
2029 136
2043 136
2116 136
21 137
99 137
110 137
145 137
147 137
166 137
176 137
177 137
210 137
224 137
237 137
252 137
261 137
395 137
440 137
773 137
1299 137
1483 137
1539 137
1662 137
1891 137
1942 137
2203 137
2235 137
59 138
117 138
189 138
200 138
206 138
238 138
269 138
276 138
281 138
334 138
352 138
401 138
408 138
540 138
715 138
798 138
813 138
870 138
979 138
1271 138
1280 138
1613 138
1632 138
1684 138
1835 138
1849 138
1912 138
2087 138
2097 138
50 139
190 139
203 139
247 139
365 139
385 139
432 139
449 139
1148 139
1287 139
1712 139
2062 139
104 140
161 140
388 140
469 140
639 140
735 140
796 140
1180 140
1284 140
1333 140
1954 140
2108 140
155 141
303 141
1043 141
1306 141
1780 141
2122 141
314 142
341 142
354 142
369 142
475 142
543 142
622 142
1039 142
1152 142
1179 142
1450 142
1793 142
1855 142
2215 142
118 143
340 143
345 143
386 143
500 143
595 143
797 143
829 143
1219 143
1463 143
1604 143
1776 143
2196 143
119 144
196 144
204 144
231 144
287 144
352 144
382 144
411 144
413 144
434 144
461 144
598 144
677 144
691 144
771 144
846 144
1222 144
1357 144
1411 144
1431 144
1498 144
1516 144
1521 144
1538 144
1588 144
1608 144
1893 144
1926 144
1948 144
2000 144
2168 144
2194 144
185 145
232 145
339 145
364 145
435 145
490 145
541 145
692 145
1047 145
1296 145
1694 145
1915 145
2163 145
150 146
258 146
259 146
298 146
323 146
407 146
451 146
526 146
848 146
1269 146
1409 146
1671 146
1710 146
1712 146
1904 146
459 147
518 147
641 147
719 147
872 147
1149 147
1922 147
2136 147
2174 147
71 148
83 148
267 148
294 148
584 148
1356 148
1544 148
2058 148
2224 148
205 149
222 149
317 149
326 149
420 149
467 149
528 149
781 149
809 149
866 149
1251 149
1652 149
1703 149
1715 149
1764 149
1811 149
1871 149
2160 149
375 150
381 150
409 150
491 150
534 150
550 150
643 150
649 150
694 150
784 150
824 150
1158 150
1555 150
1679 150
1794 150
1797 150
2021 150
19 151
55 151
66 151
74 151
88 151
137 151
252 151
255 151
280 151
414 151
450 151
535 151
549 151
558 151
572 151
577 151
605 151
639 151
807 151
851 151
874 151
1271 151
1284 151
1541 151
1620 151
1692 151
1737 151
1738 151
1744 151
1769 151
1863 151
1961 151
403 152
408 152
485 152
642 152
693 152
741 152
1247 152
1327 152
1435 152
1726 152
1900 152
1946 152
2043 152
2099 152
2186 152
17 153
54 153
145 153
166 153
374 153
488 153
497 153
515 153
618 153
680 153
1244 153
1378 153
1428 153
1522 153
1872 153
1967 153
1999 153
2007 153
2141 153
67 154
295 154
477 154
622 154
644 154
793 154
1339 154
1375 154
1389 154
1749 154
1910 154
2183 154
263 155
305 155
335 155
441 155
475 155
902 155
1252 155
1392 155
1393 155
1528 155
1677 155
1837 155
2148 155
304 156
358 156
493 156
531 156
581 156
727 156
1279 156
2026 156
19 157
31 157
61 157
112 157
213 157
292 157
324 157
344 157
433 157
509 157
542 157
553 157
617 157
661 157
732 157
802 157
855 157
974 157
1201 157
1257 157
1402 157
2129 157
2163 157
2220 157
8 158
48 158
71 158
192 158
265 158
351 158
377 158
386 158
434 158
467 158
496 158
566 158
820 158
847 158
1131 158
1188 158
1209 158
1306 158
1328 158
1443 158
1549 158
1641 158
1673 158
1752 158
2005 158
81 159
115 159
234 159
564 159
651 159
667 159
769 159
862 159
931 159
1104 159
1129 159
1130 159
1638 159
1792 159
2042 159
2130 159
18 160
272 160
346 160
369 160
574 160
1413 160
1475 160
1782 160
2217 160
118 161
185 161
270 161
303 161
729 161
821 161
1369 161
2087 161
207 162
409 162
465 162
593 162
624 162
1231 162
1256 162
1433 162
1653 162
1798 162
1818 162
1862 162
2094 162
258 163
290 163
332 163
356 163
365 163
420 163
442 163
510 163
713 163
749 163
822 163
826 163
1144 163
1446 163
1604 163
1671 163
1867 163
1955 163
2010 163
2237 163
152 164
199 164
380 164
402 164
457 164
526 164
734 164
740 164
809 164
834 164
871 164
925 164
1187 164
1197 164
1361 164
1438 164
1726 164
1991 164
2134 164
2184 164
2232 164
122 165
161 165
320 165
329 165
392 165
516 165
598 165
602 165
612 165
660 165
696 165
1072 165
1266 165
1337 165
1391 165
1503 165
1548 165
1550 165
1757 165
1811 165
1972 165
2159 165
2174 165
116 166
165 166
408 166
444 166
458 166
460 166
617 166
758 166
1195 166
1211 166
1217 166
1234 166
1743 166
1885 166
1953 166
2068 166
2131 166
251 167
359 167
404 167
2016 167
142 168
211 168
218 168
481 168
488 168
701 168
832 168
1331 168
1674 168
1761 168
1956 168
2020 168
275 169
289 169
305 169
427 169
445 169
606 169
1175 169
1290 169
1294 169
1665 169
1699 169
1730 169
1844 169
2118 169
129 170
344 170
487 170
489 170
509 170
513 170
553 170
652 170
708 170
748 170
1385 170
1454 170
1500 170
1551 170
1637 170
1705 170
1783 170
1863 170
1929 170
2160 170
90 171
422 171
462 171
574 171
577 171
622 171
654 171
744 171
844 171
878 171
960 171
1306 171
1343 171
1390 171
1456 171
1494 171
1626 171
1662 171
1670 171
1678 171
1744 171
1772 171
1831 171
1849 171
1857 171
1873 171
125 172
493 172
494 172
556 172
578 172
589 172
593 172
692 172
828 172
1273 172
1365 172
1530 172
1533 172
1635 172
1816 172
11 173
261 173
335 173
418 173
464 173
728 173
754 173
797 173
810 173
851 173
1554 173
1606 173
2007 173
2058 173
160 174
178 174
318 174
412 174
564 174
687 174
1891 174
2001 174
2109 174
2161 174
343 175
463 175
495 175
637 175
737 175
1317 175
1624 175
1921 175
286 176
361 176
365 176
519 176
549 176
599 176
605 176
618 176
656 176
1280 176
1864 176
185 177
234 177
246 177
359 177
397 177
452 177
505 177
511 177
521 177
558 177
572 177
659 177
686 177
715 177
750 177
1135 177
1143 177
1203 177
1228 177
1318 177
1366 177
1458 177
1477 177
1633 177
1713 177
1889 177
2087 177
2174 177
2175 177
151 178
195 178
209 178
334 178
366 178
392 178
398 178
523 178
548 178
570 178
633 178
709 178
744 178
844 178
892 178
1047 178
1122 178
1348 178
1424 178
1451 178
1576 178
1683 178
1797 178
1808 178
1829 178
1940 178
1972 178
2105 178
2168 178
190 179
302 179
471 179
628 179
746 179
767 179
1029 179
1123 179
1134 179
1159 179
1183 179
1454 179
1550 179
2224 179
590 180
802 180
805 180
878 180
1219 180
1322 180
155 181
280 181
482 181
485 181
670 181
1265 181
1424 181
1574 181
1778 181
1918 181
2098 181
2219 181
73 182
80 182
233 182
253 182
437 182
515 182
571 182
596 182
740 182
822 182
1164 182
1414 182
1910 182
1956 182
165 183
241 183
413 183
581 183
756 183
1290 183
1369 183
1567 183
1723 183
1725 183
1727 183
1906 183
2008 183
26 184
266 184
349 184
378 184
456 184
472 184
490 184
507 184
540 184
727 184
728 184
763 184
777 184
796 184
854 184
1146 184
1378 184
1392 184
1406 184
1411 184
1672 184
1801 184
1863 184
1901 184
1984 184
56 185
71 185
82 185
114 185
399 185
432 185
438 185
445 185
492 185
528 185
625 185
646 185
657 185
752 185
1090 185
1165 185
1405 185
1873 185
2027 185
2056 185
2167 185
2206 185
128 186
134 186
367 186
388 186
390 186
524 186
668 186
681 186
691 186
714 186
1652 186
1938 186
132 187
255 187
380 187
396 187
648 187
711 187
811 187
1184 187
1537 187
1900 187
243 188
677 188
710 188
754 188
764 188
825 188
1263 188
1334 188
1579 188
19 189
324 189
386 189
442 189
457 189
514 189
520 189
605 189
773 189
874 189
1118 189
1246 189
1488 189
1602 189
1761 189
1815 189
1826 189
1952 189
41 190
344 190
400 190
403 190
470 190
515 190
685 190
770 190
1267 190
1319 190
1610 190
1752 190
1953 190
2140 190
2193 190
30 191
98 191
120 191
272 191
287 191
392 191
416 191
465 191
523 191
634 191
693 191
717 191
729 191
762 191
784 191
878 191
1355 191
1360 191
1416 191
1735 191
1804 191
1858 191
1902 191
1998 191
2030 191
2166 191
2220 191
177 192
369 192
424 192
443 192
695 192
829 192
895 192
1443 192
2065 192
2104 192
2107 192
2119 192
2227 192
105 193
398 193
406 193
427 193
454 193
666 193
753 193
765 193
774 193
778 193
822 193
832 193
858 193
1111 193
1195 193
1300 193
1450 193
1695 193
1748 193
1749 193
1856 193
1931 193
2010 193
2217 193
602 194
622 194
647 194
705 194
723 194
1236 194
1776 194
1792 194
1987 194
63 195
142 195
471 195
620 195
630 195
732 195
746 195
779 195
863 195
867 195
1186 195
1277 195
1338 195
1889 195
149 196
160 196
258 196
497 196
522 196
744 196
747 196
766 196
788 196
864 196
870 196
1247 196
1252 196
1421 196
1477 196
25 197
33 197
112 197
435 197
466 197
588 197
609 197
645 197
793 197
805 197
831 197
861 197
868 197
1121 197
1192 197
1334 197
1517 197
1582 197
1619 197
1703 197
1725 197
1765 197
1905 197
1950 197
1982 197
2019 197
2043 197
188 198
250 198
519 198
603 198
624 198
641 198
652 198
701 198
710 198
716 198
752 198
776 198
855 198
869 198
877 198
911 198
920 198
1014 198
1285 198
1301 198
1623 198
1704 198
2149 198
11 199
363 199
369 199
493 199
509 199
512 199
606 199
607 199
691 199
1373 199
1626 199
1773 199
1919 199
1995 199
277 200
364 200
537 200
666 200
748 200
814 200
862 200
1366 200
1410 200
1602 200
1854 200
1908 200
2091 200
2159 200
76 201
334 201
158 202
2178 202
1130 203
132 204
1572 204
1884 205
1826 207
679 208
1249 208
1921 209
612 211
262 212
394 212
1974 212
574 213
609 214
110 215
832 215
1246 215
1397 215
2143 216
2184 216
239 217
244 218
1137 220
1406 220
1459 221
262 222
1278 222
1319 223
1920 224
279 226
290 226
308 226
1165 226
1675 227
2045 228
1599 228
3 229
1882 229
550 230
1154 230
1503 231
2135 232
1542 232
1594 232
2096 236
699 237
1925 237
682 239
1897 239
863 241
918 241
1991 241
1316 242
1647 242
2216 243
1175 246
859 247
1206 249
1658 249
1688 249
709 253
564 255
422 256
1642 256
1768 257
2210 258
1342 258
1 259
233 259
69 260
1321 261
1766 261
1811 261
1847 261
482 262
257 263
1411 263
1432 263
1362 264
1623 264
754 265
1191 265
1412 265
1759 265
3 266
2016 266
1208 266
1579 268
764 269
1167 269
1864 269
488 270
1907 270
455 272
2027 272
1371 272
1853 272
1971 272
1129 273
815 274
2111 274
1939 274
352 275
588 275
1446 275
61 276
487 276
1395 276
478 278
2137 278
1860 278
165 280
589 281
769 281
34 282
53 282
1374 282
1437 282
618 284
829 284
1830 284
1729 286
47 287
1238 287
1811 287
761 288
233 289
1917 290
1381 291
1805 291
339 292
1399 292
1748 292
2107 293
202 296
2000 296
697 297
1731 297
1204 298
1904 299
501 300
756 300
2098 300
2186 300
