316 1
715 1
1650 1
1700 1
348 2
1734 3
1902 5
1335 6
470 7
1133 7
1582 7
1844 7
444 8
526 8
1907 8
350 9
393 9
331 12
1095 12
1231 12
1758 12
1863 14
190 15
2221 15
1226 15
1589 15
1656 15
453 16
1586 16
283 17
12 18
80 18
1358 18
337 19
276 20
1330 20
1690 21
1746 21
420 23
796 23
2019 23
2057 23
1387 23
879 24
2118 25
1095 25
1281 28
527 29
551 29
1304 29
1984 30
461 31
563 31
608 31
1320 31
1551 31
1921 31
1986 32
459 33
1595 33
1731 33
1761 33
454 34
2049 34
82 36
635 36
1526 36
1834 36
2152 37
1302 38
1693 38
195 39
237 39
1715 39
2180 40
1614 40
1734 40
389 41
623 41
780 41
800 41
1203 41
140 43
1599 43
1674 43
425 44
2104 44
1220 44
205 46
650 46
412 47
1120 47
125 48
731 48
656 49
755 49
1789 49
341 50
1816 50
503 51
2154 51
1323 51
10 52
1250 52
1347 52
1867 52
422 54
430 54
1689 54
1767 55
305 57
1208 57
2092 58
1144 58
1194 58
1267 58
1371 58
1843 58
2217 59
354 60
623 61
332 63
851 63
2041 63
1889 63
1942 63
440 64
535 64
842 64
497 65
784 65
190 66
343 66
738 66
2217 66
1789 66
33 67
441 68
104 69
2007 70
1355 70
640 71
844 71
243 72
739 72
637 73
2084 73
188 75
1377 75
567 76
218 77
324 77
452 77
2013 77
925 77
1442 77
1640 77
114 78
1632 78
1293 79
1787 79
375 81
1880 81
236 82
785 82
811 82
1572 83
500 84
2199 86
96 88
1823 88
703 90
733 90
1925 90
736 92
2203 92
471 93
625 94
134 95
140 95
549 95
1777 95
256 96
695 96
1513 96
1719 96
97 98
1140 98
1315 98
1479 98
644 99
1985 100
221 101
237 101
540 101
1291 101
1663 101
1802 101
1869 101
2051 101
2097 101
2130 101
2217 101
82 102
1246 102
1312 102
1410 102
1553 102
1694 102
1773 102
1789 102
2044 102
218 103
393 103
449 103
614 103
687 103
707 103
870 103
1081 103
1107 103
1126 103
1192 103
1219 103
1256 103
1308 103
1513 103
1544 103
1684 103
1842 103
1997 103
127 104
136 104
359 104
413 104
717 104
738 104
778 104
854 104
1056 104
1161 104
1231 104
1281 104
1289 104
1322 104
1340 104
1368 104
1370 104
1402 104
1471 104
1548 104
1563 104
1608 104
1651 104
1716 104
2126 104
16 105
39 105
186 105
362 105
384 105
428 105
621 105
714 105
833 105
955 105
1060 105
1116 105
1122 105
1164 105
1181 105
1185 105
1239 105
1253 105
1260 105
1333 105
1409 105
1415 105
1416 105
1431 105
1445 105
1487 105
1522 105
1640 105
1732 105
1832 105
1933 105
2076 105
12 106
208 106
234 106
256 106
291 106
329 106
523 106
584 106
679 106
688 106
725 106
1183 106
1257 106
1627 106
1630 106
1722 106
1729 106
1758 106
103 107
255 107
292 107
422 107
462 107
575 107
1265 107
1277 107
1327 107
1414 107
1478 107
2155 107
124 108
200 108
337 108
344 108
378 108
1295 108
1321 108
1335 108
1746 108
441 109
553 109
645 109
757 109
828 109
1323 109
1399 109
1407 109
1460 109
1470 109
1574 109
1672 109
1819 109
2016 109
79 110
471 110
590 110
747 110
829 110
1271 110
1343 110
1446 110
1465 110
1475 110
1480 110
1491 110
1528 110
1665 110
1964 110
2167 110
19 111
72 111
147 111
210 111
403 111
500 111
634 111
686 111
783 111
834 111
849 111
1103 111
1182 111
1184 111
1218 111
1223 111
1273 111
1282 111
1286 111
1307 111
1354 111
1358 111
1364 111
1386 111
1488 111
1490 111
1505 111
1529 111
1583 111
1658 111
1770 111
1779 111
1799 111
21 112
200 112
340 112
492 112
591 112
1077 112
1148 112
1196 112
1278 112
1283 112
1300 112
1424 112
1513 112
1680 112
1762 112
1928 112
2063 112
239 113
267 113
361 113
674 113
857 113
1133 113
1373 113
1565 113
1645 113
1725 113
1738 113
2069 113
18 114
257 114
1392 114
1804 114
148 115
211 115
220 115
389 115
542 115
689 115
780 115
1142 115
1197 115
1222 115
1462 115
1474 115
1516 115
1586 115
2052 115
37 116
754 116
755 116
854 116
1177 116
1257 116
1298 116
1438 116
1491 116
1554 116
1575 116
1632 116
1753 116
1848 116
1859 116
1995 116
2118 116
113 117
294 117
688 117
1176 117
1225 117
1332 117
1440 117
1523 117
1535 117
1579 117
1584 117
1705 117
1791 117
1866 117
2138 117
22 118
109 118
150 118
230 118
406 118
515 118
684 118
690 118
725 118
1238 118
1337 118
1425 118
1439 118
1459 118
1497 118
1611 118
1690 118
1696 118
1760 118
1907 118
1918 118
1972 118
2092 118
2164 118
356 119
766 119
1173 119
1258 119
1285 119
1291 119
1292 119
1355 119
1496 119
1567 119
1590 119
1751 119
1763 119
1802 119
1901 119
2110 119
4 120
146 120
176 120
206 120
208 120
451 120
468 120
620 120
676 120
759 120
790 120
1241 120
1261 120
1444 120
1563 120
1748 120
1911 120
1964 120
2159 120
191 121
376 121
623 121
1158 121
1489 121
1528 121
1557 121
1594 121
205 122
494 122
557 122
694 122
1009 122
1694 122
1756 122
1898 122
1976 122
1996 122
2066 122
147 123
520 123
771 123
879 123
1259 123
1333 123
1341 123
1370 123
1375 123
1430 123
1473 123
1615 123
1847 123
1927 123
122 124
164 124
172 124
433 124
472 124
491 124
667 124
831 124
1124 124
1134 124
1265 124
1303 124
1349 124
1363 124
1386 124
1409 124
1475 124
1513 124
1592 124
1622 124
1631 124
1665 124
1716 124
1853 124
1936 124
1940 124
32 125
179 125
332 125
625 125
820 125
840 125
980 125
1140 125
1239 125
1421 125
1543 125
2096 125
2108 125
2188 125
135 126
152 126
265 126
817 126
839 126
1107 126
1242 126
1368 126
1403 126
1436 126
1553 126
1558 126
1812 126
127 127
183 127
421 127
1232 127
1575 127
1715 127
1737 127
2088 127
371 128
545 128
825 128
867 128
1307 128
1511 128
2067 128
40 129
68 129
245 129
284 129
337 129
1135 129
1253 129
1278 129
1360 129
1407 129
1514 129
1546 129
1570 129
1678 129
1688 129
1840 129
2081 129
177 130
250 130
309 130
312 130
432 130
473 130
509 130
635 130
1266 130
1281 130
1338 130
1376 130
1389 130
1410 130
1422 130
1443 130
1516 130
1649 130
1771 130
1774 130
2141 130
6 131
71 131
119 131
136 131
148 131
157 131
273 131
334 131
766 131
779 131
818 131
1193 131
1254 131
1279 131
1305 131
1337 131
1424 131
1449 131
1462 131
1521 131
1561 131
1572 131
1579 131
1588 131
1673 131
1705 131
1708 131
1866 131
2068 131
2124 131
429 132
631 132
848 132
1353 132
1392 132
1441 132
1523 132
1529 132
1537 132
1567 132
1593 132
1630 132
1662 132
687 133
758 133
815 133
1381 133
1445 133
1539 133
1557 133
1617 133
1645 133
1703 133
1747 133
1791 133
1797 133
2085 133
2234 133
142 134
159 134
188 134
255 134
1295 134
1505 134
1543 134
1629 134
1717 134
1732 134
2039 134
2041 134
193 135
507 135
566 135
747 135
781 135
1139 135
1257 135
1278 135
1402 135
1490 135
1596 135
1631 135
2057 135
2088 135
129 136
328 136
535 136
660 136
831 136
955 136
1258 136
1272 136
1313 136
1460 136
1497 136
1655 136
1769 136
1839 136
1949 136
1996 136
2021 136
2104 136
133 137
242 137
315 137
505 137
1210 137
1284 137
1384 137
1418 137
1428 137
1475 137
1598 137
1644 137
1684 137
1695 137
1812 137
1827 137
1922 137
2129 137
106 138
168 138
452 138
508 138
630 138
693 138
825 138
1016 138
1162 138
1197 138
1205 138
1351 138
1403 138
1502 138
1507 138
1519 138
1556 138
1711 138
1993 138
2174 138
2237 138
219 139
520 139
691 139
804 139
872 139
1335 139
1423 139
1440 139
1540 139
1555 139
1671 139
1799 139
1906 139
1915 139
2155 139
156 140
1290 140
1359 140
1390 140
1402 140
1533 140
1551 140
1620 140
1632 140
1635 140
1648 140
1766 140
1 141
39 141
329 141
601 141
676 141
1438 141
1446 141
1676 141
1737 141
1899 141
2084 141
2239 141
5 142
87 142
112 142
208 142
568 142
673 142
865 142
1289 142
1310 142
1487 142
1526 142
1581 142
1606 142
1741 142
1750 142
1873 142
1897 142
207 143
666 143
741 143
775 143
1320 143
1387 143
1434 143
1435 143
1525 143
1654 143
1686 143
1702 143
1811 143
52 144
249 144
385 144
531 144
555 144
630 144
819 144
1161 144
1346 144
1383 144
1395 144
1401 144
1404 144
1478 144
1480 144
1524 144
1529 144
1535 144
1601 144
1617 144
1626 144
1628 144
1700 144
1707 144
1797 144
1913 144
1955 144
1956 144
142 145
143 145
252 145
317 145
400 145
444 145
506 145
514 145
518 145
542 145
554 145
628 145
656 145
1339 145
1408 145
1498 145
1510 145
1561 145
1573 145
1608 145
1744 145
1767 145
1802 145
1805 145
1831 145
2011 145
498 146
792 146
967 146
1258 146
1282 146
1302 146
1304 146
1354 146
1372 146
1546 146
1590 146
1636 146
1652 146
1770 146
1780 146
618 147
668 147
670 147
697 147
1459 147
1720 147
1721 147
1724 147
29 148
123 148
683 148
1417 148
1501 148
2069 148
187 149
458 149
481 149
661 149
823 149
850 149
1420 149
1589 149
2046 149
95 150
205 150
415 150
662 150
681 150
1336 150
1416 150
1422 150
1477 150
1479 150
1488 150
1518 150
1520 150
1545 150
1609 150
1653 150
1683 150
1715 150
1754 150
1769 150
1846 150
1868 150
1906 150
1925 150
61 151
132 151
171 151
294 151
304 151
320 151
375 151
677 151
692 151
714 151
745 151
767 151
802 151
844 151
1078 151
1234 151
1264 151
1340 151
1368 151
1376 151
1410 151
1493 151
1522 151
1555 151
1556 151
1558 151
1578 151
1584 151
1689 151
1716 151
1719 151
1785 151
1799 151
2049 151
308 152
535 152
784 152
833 152
836 152
1189 152
1207 152
1231 152
1274 152
1374 152
1404 152
1481 152
1686 152
1857 152
1881 152
1924 152
1962 152
2198 152
26 153
97 153
258 153
1188 153
1270 153
1337 153
1366 153
1614 153
1620 153
1845 153
455 154
864 154
1150 154
1159 154
1316 154
1344 154
1412 154
1588 154
1817 154
1827 154
1981 154
239 155
502 155
617 155
793 155
1230 155
1387 155
1407 155
1542 155
1733 155
1738 155
1739 155
1865 155
1905 155
169 156
591 156
720 156
856 156
1137 156
1464 156
1531 156
1612 156
1624 156
1691 156
1886 156
1988 156
2027 156
2166 156
2208 156
57 157
86 157
207 157
263 157
276 157
474 157
514 157
1121 157
1131 157
1342 157
1489 157
1591 157
1618 157
1651 157
1758 157
1788 157
1850 157
1876 157
1992 157
2179 157
65 158
87 158
225 158
262 158
278 158
306 158
322 158
419 158
445 158
476 158
674 158
712 158
754 158
769 158
861 158
1120 158
1319 158
1356 158
1399 158
1512 158
1539 158
1636 158
1647 158
1745 158
1747 158
1804 158
1939 158
1947 158
2056 158
2102 158
457 159
471 159
488 159
1217 159
1390 159
1436 159
1519 159
1540 159
1566 159
1592 159
1596 159
1601 159
1610 159
1666 159
1682 159
1748 159
1858 159
1888 159
2120 159
2201 159
333 160
407 160
463 160
673 160
714 160
819 160
1280 160
1406 160
1447 160
1461 160
1643 160
1781 160
1977 160
2122 160
7 161
828 161
1420 161
1494 161
1495 161
1513 161
1517 161
1538 161
1727 161
1782 161
1854 161
2023 161
1262 162
1425 162
1637 162
1649 162
1728 162
1773 162
1775 162
2065 162
2147 162
2155 162
2205 162
35 163
38 163
138 163
151 163
185 163
206 163
496 163
615 163
727 163
807 163
968 163
1442 163
1737 163
1806 163
1849 163
1859 163
1862 163
2064 163
2068 163
66 164
100 164
164 164
265 164
402 164
455 164
641 164
680 164
747 164
824 164
1126 164
1209 164
1271 164
1289 164
1367 164
1482 164
1546 164
1550 164
1579 164
1584 164
1618 164
1634 164
1689 164
1744 164
1777 164
1778 164
1785 164
1815 164
1894 164
1902 164
1915 164
1918 164
2107 164
2153 164
45 165
77 165
220 165
256 165
480 165
635 165
849 165
1191 165
1192 165
1433 165
1478 165
1630 165
1741 165
1766 165
1768 165
1786 165
1935 165
1940 165
2123 165
2179 165
2181 165
2211 165
81 166
204 166
328 166
389 166
395 166
433 166
715 166
757 166
798 166
872 166
1249 166
1277 166
1380 166
1641 166
1837 166
2045 166
2132 166
2182 166
275 167
315 167
530 167
1415 167
1560 167
1589 167
1625 167
1691 167
2189 167
318 168
1071 168
1948 168
101 169
203 169
215 169
271 169
554 169
556 169
596 169
792 169
1292 169
1503 169
1680 169
1726 169
1825 169
1909 169
2233 169
85 170
168 170
218 170
252 170
577 170
654 170
670 170
689 170
1166 170
1218 170
1261 170
1545 170
1623 170
1690 170
1836 170
1901 170
1913 170
1928 170
1957 170
2064 170
8 171
360 171
478 171
682 171
781 171
920 171
988 171
1188 171
1501 171
1601 171
1633 171
1673 171
1720 171
1769 171
1777 171
1803 171
1999 171
2157 171
22 172
68 172
145 172
146 172
541 172
618 172
624 172
675 172
701 172
732 172
755 172
764 172
870 172
917 172
1231 172
1400 172
1578 172
1642 172
1677 172
1719 172
1753 172
1776 172
1796 172
1842 172
1952 172
128 173
819 173
823 173
1106 173
1423 173
1573 173
1631 173
1643 173
1645 173
1674 173
1712 173
1799 173
1811 173
1875 173
77 174
233 174
255 174
652 174
806 174
815 174
1480 174
1610 174
1639 174
1688 174
256 175
473 175
638 175
1252 175
1852 175
1997 175
2098 175
2147 175
202 176
328 176
398 176
622 176
846 176
1198 176
1289 176
1451 176
1591 176
1725 176
1879 176
1905 176
2129 176
2239 176
16 177
98 177
189 177
614 177
1189 177
1328 177
1438 177
1497 177
1658 177
1686 177
1692 177
1745 177
1763 177
1831 177
1833 177
1843 177
1855 177
1945 177
1979 177
1989 177
2003 177
2021 177
122 178
212 178
216 178
340 178
367 178
397 178
531 178
646 178
855 178
860 178
1126 178
1418 178
1419 178
1475 178
1513 178
1523 178
1597 178
1630 178
1647 178
1650 178
1760 178
1794 178
1821 178
1830 178
1838 178
1840 178
1930 178
1977 178
2067 178
2073 178
2175 178
2194 178
384 179
448 179
875 179
1142 179
1260 179
1395 179
1450 179
1662 179
1733 179
1943 179
2027 179
2064 179
226 180
649 180
762 180
1285 180
1392 180
1846 180
1849 180
1971 180
2038 180
2066 180
377 181
705 181
1213 181
1517 181
1543 181
1595 181
1735 181
1973 181
2222 181
519 182
1525 182
1829 182
1890 182
1954 182
2106 182
18 183
42 183
310 183
419 183
564 183
1520 183
1566 183
1696 183
1783 183
1997 183
2041 183
1 184
28 184
52 184
131 184
204 184
354 184
610 184
660 184
788 184
835 184
862 184
1239 184
1341 184
1366 184
1474 184
1536 184
1622 184
1629 184
1651 184
1659 184
1673 184
1700 184
1808 184
1859 184
1863 184
1865 184
1911 184
1920 184
2006 184
2008 184
2015 184
2112 184
37 185
116 185
308 185
458 185
484 185
518 185
584 185
588 185
606 185
778 185
851 185
1178 185
1310 185
1362 185
1403 185
1437 185
1617 185
1630 185
1683 185
1766 185
1768 185
1824 185
1845 185
1903 185
1913 185
1925 185
2052 185
2107 185
2142 185
118 186
353 186
465 186
520 186
679 186
833 186
1259 186
1506 186
1694 186
1746 186
1754 186
1886 186
1938 186
1957 186
1992 186
2136 186
67 187
453 187
604 187
675 187
766 187
1857 187
1858 187
1887 187
1968 187
1984 187
2154 187
142 188
1453 188
1600 188
1722 188
1953 188
1972 188
107 189
605 189
813 189
1217 189
1445 189
1674 189
1677 189
1688 189
1736 189
1763 189
1846 189
1856 189
1955 189
191 190
317 190
341 190
485 190
953 190
1148 190
1596 190
1714 190
1781 190
1875 190
1896 190
21 191
141 191
184 191
257 191
412 191
505 191
1173 191
1195 191
1386 191
1394 191
1503 191
1623 191
1648 191
1730 191
1737 191
1806 191
1821 191
1872 191
1990 191
2159 191
15 192
47 192
217 192
276 192
343 192
456 192
556 192
966 192
1290 192
1299 192
1534 192
1610 192
1715 192
1801 192
1876 192
39 193
527 193
688 193
1194 193
1463 193
1547 193
1799 193
1844 193
1923 193
1940 193
2055 193
300 194
741 194
838 194
1155 194
1493 194
1794 194
1795 194
985 195
1663 195
1885 195
2101 195
44 196
68 196
298 196
383 196
540 196
1237 196
1279 196
1575 196
1612 196
1890 196
1932 196
1945 196
2117 196
2128 196
51 197
431 197
509 197
530 197
548 197
625 197
790 197
1114 197
1278 197
1336 197
1361 197
1459 197
1468 197
1491 197
1510 197
1653 197
1701 197
1743 197
1754 197
1789 197
1831 197
1842 197
1855 197
1950 197
1965 197
1976 197
2120 197
2154 197
37 198
243 198
367 198
458 198
516 198
561 198
852 198
1152 198
1299 198
1344 198
1350 198
1420 198
1477 198
1524 198
1558 198
1739 198
1750 198
1791 198
1854 198
1877 198
1899 198
1915 198
1931 198
62 199
398 199
575 199
1250 199
1478 199
1676 199
1680 199
1867 199
1941 199
1981 199
2140 199
2214 199
29 200
88 200
504 200
649 200
1475 200
1481 200
1528 200
1568 200
1774 200
1824 200
1873 200
2050 200
2144 200
449 201
686 202
2236 202
120 203
585 203
328 204
827 204
1757 204
1365 205
1558 205
133 207
487 208
293 209
512 209
1269 209
1446 209
1593 209
688 211
716 211
1704 211
321 212
42 213
406 213
451 213
412 214
838 217
1565 217
1361 218
1770 219
143 220
872 220
2039 220
1484 220
1223 221
2227 222
713 224
826 225
1500 225
216 226
438 226
1980 227
1575 228
272 229
457 229
583 229
683 230
1194 230
292 231
2180 231
1620 231
233 233
521 233
1398 233
1837 233
118 234
1413 234
181 235
1270 235
1122 236
1403 236
34 237
236 237
165 239
653 239
621 241
443 242
13 243
543 243
558 243
1749 243
657 244
347 245
1513 246
1867 246
522 247
576 247
1195 247
831 248
1565 248
1620 249
674 250
498 252
1148 252
1226 252
1314 252
1863 252
592 253
1320 254
559 255
734 255
370 256
720 257
1432 257
1713 257
85 259
276 260
448 260
1528 261
101 262
1880 262
480 263
1534 263
31 264
199 265
1355 265
2054 267
777 268
824 268
2125 268
1548 268
245 269
304 270
472 270
2005 270
816 271
827 271
2171 271
1875 271
135 272
2145 272
631 273
1195 273
1400 273
1262 274
1422 274
285 276
654 276
1576 277
2229 278
1297 278
1907 278
467 279
158 280
2124 281
2136 281
1192 281
720 282
2119 282
74 283
2190 283
1156 284
1077 285
1800 285
1828 285
1850 286
621 287
1623 287
1685 287
362 288
2109 288
2174 288
1556 288
443 290
541 290
2003 290
656 291
320 292
341 292
725 292
749 292
1500 292
1789 292
641 293
1280 293
35 294
89 295
259 295
1516 295
1910 295
390 296
142 297
1137 297
782 298
604 299
1197 299
1931 299
2084 300
1852 300
