1246 1
780 2
449 3
2166 3
336 4
626 4
1593 4
1921 4
2064 6
1331 7
1906 7
751 8
1676 8
62 9
108 9
1672 9
660 10
2199 10
1158 10
2083 12
1857 12
1870 12
463 13
1823 13
733 14
1744 14
141 15
2126 15
1683 15
1390 16
1476 16
1575 16
1144 17
1263 17
585 18
1730 18
805 19
229 21
2172 21
1514 21
1857 21
660 22
1549 23
1758 23
124 24
237 24
2017 25
1253 27
1711 27
367 30
1031 30
1144 30
37 31
607 31
2018 31
1171 32
1267 32
872 33
2047 33
2058 33
1247 33
58 34
598 36
1935 36
420 37
1428 37
1694 38
1901 38
1467 39
2142 44
204 45
1474 47
4 48
477 48
1395 48
13 49
866 50
778 51
1798 51
161 52
493 52
496 52
1817 52
721 53
2045 53
1421 53
1524 54
850 56
1607 56
1805 57
1887 57
1628 58
509 59
421 60
1794 60
2071 61
1494 61
178 63
723 63
2081 63
709 64
1663 66
1815 66
377 67
547 67
1143 68
1853 68
387 69
698 70
1679 70
1556 71
1921 72
2239 73
1194 74
189 75
949 75
501 76
554 77
824 78
1747 78
733 79
773 81
372 82
2082 82
1961 82
328 83
363 83
1433 84
2056 85
1138 86
1422 86
320 87
1461 88
1798 89
842 90
1374 90
1690 90
283 91
288 91
838 91
39 92
584 92
713 92
1550 92
514 93
740 93
2082 93
1124 93
20 94
1278 94
1857 95
1163 96
1879 97
57 98
143 98
1372 98
1574 98
228 99
1486 99
822 100
17 100.7
53 100.7
92 100.7
121 100.7
232 100.7
272 100.7
276 100.7
355 100.7
376 100.7
468 100.7
497 100.7
678 100.7
828 100.7
1187 100.7
1319 100.7
1598 100.7
1623 100.7
1726 100.7
1748 100.7
1752 100.7
1753 100.7
1812 100.7
1847 100.7
1884 100.7
1917 100.7
1926 100.7
1928 100.7
1935 100.7
2046 100.7
2058 100.7
2089 100.7
42 101.7
248 101.7
480 101.7
512 101.7
547 101.7
583 101.7
607 101.7
838 101.7
1284 101.7
1379 101.7
1408 101.7
1604 101.7
1642 101.7
1775 101.7
1849 101.7
1858 101.7
1927 101.7
1949 101.7
1954 101.7
1975 101.7
82 102.7
213 102.7
216 102.7
309 102.7
332 102.7
500 102.7
526 102.7
1259 102.7
1294 102.7
1342 102.7
1346 102.7
1506 102.7
1606 102.7
1934 102.7
202 103.7
388 103.7
851 103.7
1231 103.7
1634 103.7
1712 103.7
1902 103.7
18 104.7
27 104.7
48 104.7
76 104.7
194 104.7
441 104.7
1407 104.7
1428 104.7
1707 104.7
1873 104.7
2128 104.7
2238 104.7
0 105.7
44 105.7
57 105.7
84 105.7
218 105.7
359 105.7
371 105.7
380 105.7
807 105.7
866 105.7
1142 105.7
1465 105.7
1647 105.7
1851 105.7
2112 105.7
111 106.7
196 106.7
642 106.7
663 106.7
711 106.7
870 106.7
1409 106.7
1533 106.7
1545 106.7
1821 106.7
1884 106.7
1912 106.7
1944 106.7
2220 106.7
55 107.7
95 107.7
110 107.7
189 107.7
210 107.7
260 107.7
394 107.7
543 107.7
546 107.7
637 107.7
762 107.7
775 107.7
904 107.7
1251 107.7
1389 107.7
1466 107.7
1472 107.7
1504 107.7
1699 107.7
1814 107.7
1881 107.7
1956 107.7
1982 107.7
2017 107.7
2019 107.7
2025 107.7
2079 107.7
176 108.7
227 108.7
238 108.7
351 108.7
485 108.7
794 108.7
1223 108.7
1268 108.7
1994 108.7
2007 108.7
2164 108.7
31 109.7
109 109.7
182 109.7
300 109.7
331 109.7
429 109.7
653 109.7
731 109.7
830 109.7
1176 109.7
1220 109.7
1221 109.7
1280 109.7
1316 109.7
1672 109.7
1730 109.7
1890 109.7
1925 109.7
1942 109.7
1952 109.7
1963 109.7
166 110.7
255 110.7
330 110.7
824 110.7
1228 110.7
1282 110.7
1717 110.7
1915 110.7
2121 110.7
23 111.7
73 111.7
302 111.7
319 111.7
803 111.7
876 111.7
1289 111.7
1292 111.7
1416 111.7
1742 111.7
1880 111.7
436 112.7
495 112.7
1391 112.7
1496 112.7
1789 112.7
2022 112.7
2073 112.7
45 113.7
58 113.7
157 113.7
204 113.7
221 113.7
224 113.7
285 113.7
316 113.7
396 113.7
551 113.7
751 113.7
757 113.7
819 113.7
1305 113.7
1313 113.7
1430 113.7
1495 113.7
1530 113.7
1716 113.7
1728 113.7
1765 113.7
1836 113.7
1924 113.7
1933 113.7
1982 113.7
2015 113.7
2088 113.7
2095 113.7
2134 113.7
2196 113.7
50 114.7
52 114.7
56 114.7
69 114.7
102 114.7
140 114.7
170 114.7
186 114.7
213 114.7
235 114.7
245 114.7
313 114.7
619 114.7
842 114.7
938 114.7
1188 114.7
1241 114.7
1311 114.7
1463 114.7
1543 114.7
1625 114.7
1750 114.7
1856 114.7
1901 114.7
1902 114.7
1947 114.7
1981 114.7
2077 114.7
2113 114.7
2198 114.7
2219 114.7
2235 114.7
4 115.7
11 115.7
24 115.7
41 115.7
76 115.7
237 115.7
269 115.7
309 115.7
311 115.7
493 115.7
520 115.7
521 115.7
730 115.7
1515 115.7
1566 115.7
1747 115.7
1916 115.7
1987 115.7
2056 115.7
2152 115.7
638 116.7
750 116.7
1440 116.7
1887 116.7
1920 116.7
2150 116.7
2160 116.7
96 117.7
271 117.7
408 117.7
538 117.7
723 117.7
1626 117.7
1993 117.7
2028 117.7
2125 117.7
29 118.7
65 118.7
70 118.7
132 118.7
195 118.7
569 118.7
634 118.7
793 118.7
811 118.7
815 118.7
1127 118.7
1978 118.7
1999 118.7
2054 118.7
2126 118.7
2232 118.7
19 119.7
84 119.7
122 119.7
199 119.7
247 119.7
326 119.7
537 119.7
680 119.7
764 119.7
850 119.7
1133 119.7
1137 119.7
1242 119.7
1576 119.7
1758 119.7
1799 119.7
1954 119.7
1962 119.7
10 120.7
53 120.7
93 120.7
164 120.7
201 120.7
202 120.7
275 120.7
282 120.7
329 120.7
371 120.7
420 120.7
554 120.7
795 120.7
848 120.7
1135 120.7
1507 120.7
1536 120.7
1595 120.7
1712 120.7
1754 120.7
1776 120.7
1792 120.7
1849 120.7
1865 120.7
1985 120.7
2078 120.7
2133 120.7
2148 120.7
2194 120.7
82 121.7
119 121.7
144 121.7
244 121.7
256 121.7
315 121.7
385 121.7
487 121.7
499 121.7
656 121.7
658 121.7
735 121.7
852 121.7
1368 121.7
1482 121.7
1549 121.7
1670 121.7
1687 121.7
1847 121.7
1857 121.7
1879 121.7
54 122.7
67 122.7
161 122.7
393 122.7
418 122.7
527 122.7
1151 122.7
1222 122.7
1258 122.7
1294 122.7
1500 122.7
1832 122.7
1947 122.7
2193 122.7
0 123.7
64 123.7
245 123.7
307 123.7
365 123.7
846 123.7
1030 123.7
1034 123.7
1122 123.7
1150 123.7
1289 123.7
1313 123.7
1864 123.7
1874 123.7
65 124.7
100 124.7
117 124.7
137 124.7
177 124.7
216 124.7
422 124.7
507 124.7
511 124.7
739 124.7
1787 124.7
1802 124.7
1909 124.7
1960 124.7
2004 124.7
2023 124.7
2163 124.7
2191 124.7
32 125.7
116 125.7
129 125.7
198 125.7
214 125.7
316 125.7
667 125.7
689 125.7
874 125.7
1274 125.7
1431 125.7
1936 125.7
1958 125.7
2031 125.7
118 126.7
139 126.7
203 126.7
265 126.7
296 126.7
310 126.7
321 126.7
419 126.7
545 126.7
668 126.7
758 126.7
1159 126.7
1234 126.7
1399 126.7
1469 126.7
1653 126.7
1691 126.7
1862 126.7
1880 126.7
1908 126.7
1924 126.7
1969 126.7
2045 126.7
6 127.7
71 127.7
164 127.7
183 127.7
205 127.7
207 127.7
229 127.7
232 127.7
274 127.7
277 127.7
335 127.7
349 127.7
429 127.7
478 127.7
517 127.7
572 127.7
655 127.7
709 127.7
869 127.7
1068 127.7
1128 127.7
1211 127.7
1227 127.7
1253 127.7
1427 127.7
1492 127.7
1521 127.7
1545 127.7
1647 127.7
1701 127.7
1775 127.7
1825 127.7
1968 127.7
2112 127.7
2126 127.7
170 128.7
374 128.7
379 128.7
547 128.7
571 128.7
625 128.7
660 128.7
840 128.7
1144 128.7
1158 128.7
1457 128.7
1611 128.7
1642 128.7
1713 128.7
1746 128.7
1993 128.7
43 129.7
64 129.7
115 129.7
193 129.7
210 129.7
345 129.7
877 129.7
1237 129.7
1376 129.7
1415 129.7
1452 129.7
1548 129.7
1791 129.7
2013 129.7
2121 129.7
103 130.7
187 130.7
219 130.7
292 130.7
499 130.7
685 130.7
1558 130.7
1846 130.7
347 131.7
815 131.7
1299 131.7
1305 131.7
1314 131.7
1535 131.7
1550 131.7
1684 131.7
1884 131.7
2113 131.7
12 132.7
128 132.7
351 132.7
419 132.7
553 132.7
1307 132.7
1399 132.7
1602 132.7
1649 132.7
20 133.7
35 133.7
39 133.7
51 133.7
125 133.7
163 133.7
341 133.7
464 133.7
506 133.7
556 133.7
620 133.7
649 133.7
750 133.7
753 133.7
821 133.7
1495 133.7
1544 133.7
1742 133.7
2174 133.7
2239 133.7
63 134.7
85 134.7
113 134.7
144 134.7
251 134.7
301 134.7
377 134.7
444 134.7
454 134.7
462 134.7
484 134.7
507 134.7
597 134.7
696 134.7
711 134.7
1044 134.7
1131 134.7
1142 134.7
1413 134.7
1490 134.7
1539 134.7
1571 134.7
1637 134.7
1671 134.7
1860 134.7
1878 134.7
1932 134.7
1933 134.7
1941 134.7
2096 134.7
60 135.7
140 135.7
150 135.7
154 135.7
161 135.7
168 135.7
192 135.7
223 135.7
426 135.7
588 135.7
667 135.7
708 135.7
749 135.7
1192 135.7
1779 135.7
1898 135.7
1931 135.7
136 136.7
289 136.7
308 136.7
1553 136.7
1606 136.7
1771 136.7
1895 136.7
1910 136.7
1954 136.7
84 137.7
305 137.7
372 137.7
587 137.7
592 137.7
635 137.7
670 137.7
766 137.7
1220 137.7
1252 137.7
1675 137.7
1837 137.7
74 138.7
342 138.7
362 138.7
414 138.7
1506 138.7
1683 138.7
1718 138.7
1936 138.7
85 139.7
124 139.7
266 139.7
327 139.7
340 139.7
368 139.7
413 139.7
430 139.7
440 139.7
501 139.7
707 139.7
1154 139.7
1232 139.7
1389 139.7
1983 139.7
18 140.7
120 140.7
151 140.7
185 140.7
226 140.7
249 140.7
273 140.7
337 140.7
354 140.7
403 140.7
612 140.7
706 140.7
716 140.7
828 140.7
846 140.7
1172 140.7
1661 140.7
1783 140.7
1853 140.7
1874 140.7
2145 140.7
2230 140.7
83 141.7
124 141.7
165 141.7
180 141.7
197 141.7
202 141.7
208 141.7
244 141.7
272 141.7
290 141.7
334 141.7
478 141.7
619 141.7
776 141.7
873 141.7
1133 141.7
1214 141.7
1504 141.7
1528 141.7
1627 141.7
1628 141.7
1644 141.7
2003 141.7
2060 141.7
2085 141.7
2204 141.7
2238 141.7
264 142.7
286 142.7
313 142.7
322 142.7
469 142.7
589 142.7
710 142.7
913 142.7
1063 142.7
1317 142.7
1798 142.7
1884 142.7
2014 142.7
2030 142.7
2070 142.7
2151 142.7
98 143.7
108 143.7
154 143.7
307 143.7
1267 143.7
1650 143.7
49 144.7
53 144.7
91 144.7
203 144.7
227 144.7
1269 144.7
1563 144.7
1747 144.7
2052 144.7
57 145.7
58 145.7
66 145.7
112 145.7
139 145.7
187 145.7
308 145.7
571 145.7
1517 145.7
1519 145.7
1693 145.7
50 146.7
183 146.7
333 146.7
367 146.7
417 146.7
428 146.7
448 146.7
462 146.7
488 146.7
563 146.7
593 146.7
843 146.7
1138 146.7
1144 146.7
1411 146.7
1478 146.7
1819 146.7
1893 146.7
2214 146.7
16 147.7
113 147.7
127 147.7
180 147.7
198 147.7
222 147.7
268 147.7
291 147.7
394 147.7
450 147.7
466 147.7
492 147.7
572 147.7
632 147.7
650 147.7
800 147.7
838 147.7
1026 147.7
1128 147.7
1197 147.7
1298 147.7
1324 147.7
1486 147.7
1499 147.7
1533 147.7
1590 147.7
1608 147.7
1701 147.7
1746 147.7
1750 147.7
1763 147.7
1821 147.7
2158 147.7
2189 147.7
2202 147.7
36 148.7
221 148.7
249 148.7
266 148.7
284 148.7
288 148.7
298 148.7
480 148.7
500 148.7
518 148.7
611 148.7
635 148.7
763 148.7
1183 148.7
1210 148.7
1407 148.7
1655 148.7
1807 148.7
1809 148.7
1830 148.7
1943 148.7
1958 148.7
2220 148.7
41 149.7
174 149.7
228 149.7
418 149.7
477 149.7
661 149.7
674 149.7
818 149.7
1173 149.7
1195 149.7
1206 149.7
1288 149.7
1748 149.7
1787 149.7
2121 149.7
79 150.7
150 150.7
239 150.7
313 150.7
416 150.7
429 150.7
458 150.7
542 150.7
585 150.7
718 150.7
807 150.7
2023 150.7
97 151.7
137 151.7
360 151.7
483 151.7
629 151.7
1489 151.7
1742 151.7
1795 151.7
68 152.7
71 152.7
201 152.7
263 152.7
312 152.7
327 152.7
387 152.7
465 152.7
544 152.7
609 152.7
816 152.7
1296 152.7
1911 152.7
37 153.7
96 153.7
152 153.7
341 153.7
348 153.7
358 153.7
430 153.7
491 153.7
1153 153.7
1562 153.7
1743 153.7
1845 153.7
2106 153.7
109 154.7
167 154.7
229 154.7
240 154.7
268 154.7
296 154.7
342 154.7
623 154.7
673 154.7
676 154.7
802 154.7
872 154.7
1258 154.7
1338 154.7
1374 154.7
1511 154.7
1552 154.7
1683 154.7
1750 154.7
2108 154.7
2170 154.7
2208 154.7
83 155.7
106 155.7
131 155.7
255 155.7
286 155.7
299 155.7
428 155.7
456 155.7
463 155.7
550 155.7
1133 155.7
1456 155.7
1458 155.7
1650 155.7
1966 155.7
2096 155.7
38 156.7
140 156.7
187 156.7
242 156.7
320 156.7
321 156.7
347 156.7
459 156.7
519 156.7
689 156.7
754 156.7
848 156.7
1147 156.7
1265 156.7
1388 156.7
1424 156.7
1463 156.7
1583 156.7
1622 156.7
1675 156.7
2039 156.7
319 157.7
403 157.7
425 157.7
481 157.7
592 157.7
770 157.7
1846 157.7
2046 157.7
303 158.7
424 158.7
533 158.7
554 158.7
600 158.7
1372 158.7
1600 158.7
1658 158.7
1670 158.7
2153 158.7
161 159.7
206 159.7
241 159.7
259 159.7
323 159.7
378 159.7
383 159.7
388 159.7
396 159.7
648 159.7
679 159.7
700 159.7
877 159.7
1216 159.7
1315 159.7
1345 159.7
1395 159.7
1412 159.7
1748 159.7
1793 159.7
43 160.7
136 160.7
217 160.7
225 160.7
250 160.7
260 160.7
317 160.7
351 160.7
364 160.7
440 160.7
448 160.7
449 160.7
575 160.7
593 160.7
763 160.7
1172 160.7
1178 160.7
1249 160.7
1292 160.7
1422 160.7
1476 160.7
1525 160.7
1690 160.7
1746 160.7
1827 160.7
2066 160.7
82 161.7
155 161.7
202 161.7
216 161.7
233 161.7
242 161.7
341 161.7
359 161.7
367 161.7
417 161.7
534 161.7
720 161.7
742 161.7
764 161.7
808 161.7
1326 161.7
1348 161.7
1468 161.7
1511 161.7
1672 161.7
1766 161.7
1784 161.7
2163 161.7
142 162.7
353 162.7
423 162.7
445 162.7
454 162.7
713 162.7
1307 162.7
1318 162.7
1450 162.7
2106 162.7
126 163.7
293 163.7
394 163.7
431 163.7
478 163.7
583 163.7
614 163.7
1337 163.7
231 164.7
517 164.7
588 164.7
793 164.7
1069 164.7
1223 164.7
1962 164.7
2007 164.7
2141 164.7
219 165.7
268 165.7
288 165.7
372 165.7
442 165.7
511 165.7
556 165.7
560 165.7
564 165.7
647 165.7
1168 165.7
1501 165.7
1509 165.7
1550 165.7
1555 165.7
1557 165.7
1570 165.7
1765 165.7
1789 165.7
1814 165.7
140 166.7
220 166.7
300 166.7
308 166.7
410 166.7
413 166.7
443 166.7
493 166.7
519 166.7
618 166.7
697 166.7
1283 166.7
1290 166.7
1375 166.7
1464 166.7
1526 166.7
1677 166.7
1934 166.7
2101 166.7
87 167.7
97 167.7
104 167.7
116 167.7
144 167.7
205 167.7
223 167.7
227 167.7
341 167.7
475 167.7
483 167.7
512 167.7
514 167.7
762 167.7
914 167.7
1347 167.7
1395 167.7
1534 167.7
1644 167.7
1651 167.7
1657 167.7
1695 167.7
1800 167.7
1835 167.7
1993 167.7
2048 167.7
2052 167.7
2152 167.7
151 168.7
169 168.7
196 168.7
210 168.7
228 168.7
288 168.7
376 168.7
381 168.7
414 168.7
439 168.7
498 168.7
510 168.7
515 168.7
602 168.7
637 168.7
659 168.7
683 168.7
1328 168.7
1397 168.7
1515 168.7
1916 168.7
2159 168.7
2182 168.7
339 169.7
426 169.7
486 169.7
524 169.7
609 169.7
956 169.7
1139 169.7
1429 169.7
1605 169.7
2103 169.7
2154 169.7
2195 169.7
31 170.7
392 170.7
576 170.7
1306 170.7
1510 170.7
1757 170.7
2163 170.7
289 171.7
334 171.7
383 171.7
388 171.7
463 171.7
676 171.7
679 171.7
1195 171.7
1531 171.7
1734 171.7
1801 171.7
2234 171.7
44 172.7
313 172.7
318 172.7
421 172.7
489 172.7
523 172.7
541 172.7
605 172.7
1153 172.7
1169 172.7
1478 172.7
1542 172.7
1578 172.7
1673 172.7
1724 172.7
1988 172.7
2150 172.7
57 173.7
176 173.7
233 173.7
247 173.7
251 173.7
265 173.7
321 173.7
348 173.7
350 173.7
351 173.7
353 173.7
428 173.7
452 173.7
491 173.7
500 173.7
533 173.7
553 173.7
611 173.7
633 173.7
649 173.7
757 173.7
1257 173.7
1367 173.7
1484 173.7
1503 173.7
1782 173.7
1848 173.7
1865 173.7
1963 173.7
2180 173.7
2202 173.7
157 174.7
313 174.7
462 174.7
530 174.7
559 174.7
627 174.7
794 174.7
876 174.7
1168 174.7
1235 174.7
1312 174.7
1349 174.7
1382 174.7
1486 174.7
1523 174.7
1571 174.7
1602 174.7
1627 174.7
1634 174.7
1788 174.7
2021 174.7
2081 174.7
2129 174.7
34 175.7
79 175.7
114 175.7
398 175.7
423 175.7
620 175.7
817 175.7
862 175.7
1125 175.7
1148 175.7
1411 175.7
1583 175.7
1699 175.7
1751 175.7
1871 175.7
2099 175.7
132 176.7
238 176.7
370 176.7
395 176.7
721 176.7
752 176.7
1197 176.7
1298 176.7
1391 176.7
1726 176.7
1767 176.7
1833 176.7
1965 176.7
411 177.7
684 177.7
842 177.7
1511 177.7
1858 177.7
2022 177.7
2054 177.7
89 178.7
291 178.7
316 178.7
393 178.7
496 178.7
823 178.7
904 178.7
919 178.7
1279 178.7
1366 178.7
1645 178.7
2009 178.7
2131 178.7
2186 178.7
2218 178.7
10 179.7
35 179.7
174 179.7
224 179.7
338 179.7
347 179.7
359 179.7
406 179.7
551 179.7
554 179.7
609 179.7
624 179.7
648 179.7
711 179.7
720 179.7
727 179.7
1157 179.7
1489 179.7
1796 179.7
1854 179.7
1946 179.7
2215 179.7
4 180.7
215 180.7
251 180.7
282 180.7
327 180.7
364 180.7
440 180.7
447 180.7
490 180.7
555 180.7
582 180.7
584 180.7
751 180.7
780 180.7
836 180.7
1372 180.7
1521 180.7
1542 180.7
1664 180.7
1693 180.7
1769 180.7
1875 180.7
1925 180.7
2140 180.7
2172 180.7
23 181.7
186 181.7
240 181.7
257 181.7
307 181.7
374 181.7
424 181.7
472 181.7
558 181.7
614 181.7
623 181.7
668 181.7
1956 181.7
2150 181.7
152 182.7
208 182.7
283 182.7
400 182.7
457 182.7
465 182.7
514 182.7
699 182.7
1081 182.7
1163 182.7
1375 182.7
1453 182.7
1549 182.7
1591 182.7
1734 182.7
1904 182.7
2098 182.7
2190 182.7
298 183.7
308 183.7
369 183.7
530 183.7
581 183.7
1691 183.7
1711 183.7
2065 183.7
178 184.7
754 184.7
1406 184.7
1720 184.7
1767 184.7
1886 184.7
1914 184.7
251 185.7
277 185.7
319 185.7
512 185.7
548 185.7
566 185.7
674 185.7
1001 185.7
1136 185.7
1347 185.7
1353 185.7
1924 185.7
2030 185.7
2093 185.7
2221 185.7
27 186.7
125 186.7
218 186.7
236 186.7
245 186.7
377 186.7
387 186.7
401 186.7
418 186.7
442 186.7
525 186.7
701 186.7
1255 186.7
1415 186.7
1481 186.7
1525 186.7
1616 186.7
1782 186.7
1894 186.7
2027 186.7
2043 186.7
2133 186.7
2189 186.7
367 187.7
434 187.7
450 187.7
688 187.7
704 187.7
715 187.7
806 187.7
890 187.7
1139 187.7
1190 187.7
1228 187.7
1321 187.7
1392 187.7
1666 187.7
1829 187.7
1958 187.7
2013 187.7
2157 187.7
130 188.7
162 188.7
350 188.7
402 188.7
403 188.7
408 188.7
420 188.7
433 188.7
439 188.7
466 188.7
498 188.7
537 188.7
539 188.7
552 188.7
662 188.7
711 188.7
835 188.7
1391 188.7
1519 188.7
1547 188.7
1763 188.7
1877 188.7
35 189.7
425 189.7
438 189.7
558 189.7
646 189.7
663 189.7
749 189.7
853 189.7
857 189.7
1154 189.7
1789 189.7
1917 189.7
2064 189.7
241 190.7
366 190.7
541 190.7
681 190.7
693 190.7
830 190.7
1664 190.7
2135 190.7
388 191.7
421 191.7
512 191.7
575 191.7
619 191.7
620 191.7
637 191.7
694 191.7
1246 191.7
1248 191.7
1431 191.7
1665 191.7
1692 191.7
1874 191.7
9 192.7
34 192.7
429 192.7
548 192.7
576 192.7
627 192.7
677 192.7
682 192.7
758 192.7
1460 192.7
2017 192.7
2200 192.7
64 193.7
168 193.7
285 193.7
346 193.7
424 193.7
426 193.7
503 193.7
532 193.7
567 193.7
589 193.7
642 193.7
736 193.7
793 193.7
1162 193.7
1281 193.7
1596 193.7
1614 193.7
1622 193.7
1757 193.7
1846 193.7
2171 193.7
2214 193.7
122 194.7
127 194.7
174 194.7
360 194.7
362 194.7
397 194.7
470 194.7
504 194.7
506 194.7
590 194.7
610 194.7
618 194.7
684 194.7
1148 194.7
1349 194.7
1416 194.7
1445 194.7
1488 194.7
1527 194.7
1581 194.7
1775 194.7
1809 194.7
443 195.7
527 195.7
772 195.7
813 195.7
1369 195.7
1385 195.7
1388 195.7
1467 195.7
1499 195.7
1967 195.7
1992 195.7
2215 195.7
12 196.7
229 196.7
428 196.7
472 196.7
607 196.7
623 196.7
650 196.7
685 196.7
1345 196.7
1687 196.7
1783 196.7
1857 196.7
2068 196.7
254 197.7
594 197.7
639 197.7
678 197.7
701 197.7
865 197.7
1142 197.7
2193 197.7
121 198.7
138 198.7
159 198.7
160 198.7
187 198.7
221 198.7
420 198.7
513 198.7
673 198.7
734 198.7
862 198.7
879 198.7
1194 198.7
1554 198.7
1640 198.7
1780 198.7
1881 198.7
1930 198.7
1996 198.7
2010 198.7
2036 198.7
2217 198.7
212 199.7
396 199.7
425 199.7
493 199.7
661 199.7
747 199.7
788 199.7
1128 199.7
1591 199.7
1673 199.7
1678 199.7
1723 199.7
1778 199.7
1899 199.7
217 202
354 202
1379 202
1951 205
841 206
1233 207
1753 207
1817 207
1156 209
1760 209
395 210
1324 211
1925 211
265 212
503 212
806 212
1845 213
617 214
479 216
1144 216
497 217
1266 217
1738 217
500 218
503 219
1211 219
1270 219
1532 219
1559 219
1608 219
1717 219
1906 221
311 223
1594 224
1203 227
671 228
1541 228
1598 228
315 230
1564 230
1791 230
1887 230
2192 231
1220 231
841 232
1742 235
301 236
1188 237
693 238
505 239
1224 239
1417 239
1932 239
748 240
1742 241
73 242
2131 242
1446 242
1763 242
95 243
123 243
41 244
85 245
759 245
1528 245
422 246
1544 246
1820 246
479 248
758 248
223 250
2028 250
1281 250
1727 250
622 251
2083 251
18 252
565 252
693 253
1253 253
1738 253
1513 256
1521 256
1891 256
278 260
476 260
564 260
1351 260
847 261
1438 261
1896 262
204 263
1180 264
1251 264
1676 264
358 265
626 265
751 265
1168 265
1879 266
408 268
1381 268
1610 268
757 269
468 271
673 271
2120 271
2170 271
854 272
131 273
1229 273
50 274
1638 274
1315 276
1365 276
1523 276
151 277
2221 277
1847 279
1941 279
211 280
757 280
1604 280
608 281
1299 282
413 283
2115 284
1610 285
2073 286
753 287
2140 287
137 288
781 288
1743 288
767 289
550 290
515 292
2045 292
707 293
879 293
1349 293
133 294
342 295
1260 295
1637 295
1797 295
2090 296
1864 297
1736 298
766 299
2134 299
