1238 1
1881 1
79 5
534 5
593 6
1965 6
690 10
819 10
2082 10
585 12
1878 12
775 13
849 13
2226 13
1611 13
224 14
1870 16
2106 18
1304 20
1429 20
2127 21
1891 21
96 22
513 22
736 22
496 23
592 23
66 24
1599 24
266 25
629 25
1360 26
1480 26
412 27
1676 28
1367 31
219 32
1998 33
778 35
1584 35
237 36
1252 37
1295 37
1735 37
1363 38
1862 38
1149 42
1168 42
1351 42
2034 43
1784 43
432 45
1871 46
461 47
302 48
341 48
636 48
1394 48
1800 49
1806 50
1920 50
1853 54
1928 54
1931 54
1746 55
2152 56
788 57
782 58
1461 58
311 59
522 60
1416 61
1496 61
1848 62
15 64
420 64
312 65
350 65
2113 65
493 66
2191 66
1637 68
669 69
1586 69
668 70
2156 70
759 71
1948 71
758 72
2222 72
1169 72
1361 73
1971 73
2005 74
1666 74
1669 75
600 77
1323 77
1625 77
1537 78
1878 78
274 79
468 79
1463 79
1626 79
1898 79
755 80
1688 80
1926 80
1968 80
857 81
1393 81
1533 81
1711 81
1943 82
105 84
1647 84
1850 85
537 86
2091 86
1232 86
53 87
1427 87
1613 87
1221 88
495 90
496 90
124 92
404 92
646 92
734 92
2087 92
1147 92
1735 93
1844 93
740 94
855 95
470 96
1835 96
243 97
1038 97
1968 99
1608 100
170 100.3
731 100.3
873 100.3
879 100.3
982 100.3
1022 100.3
1026 100.3
1814 100.3
600 101.3
816 101.3
840 101.3
1126 101.3
1176 101.3
1272 101.3
1311 101.3
1730 101.3
1833 101.3
2009 101.3
63 102.3
282 102.3
352 102.3
643 102.3
666 102.3
871 102.3
1098 102.3
1183 102.3
1277 102.3
1632 102.3
1763 102.3
1890 102.3
1955 102.3
138 103.3
319 103.3
415 103.3
607 103.3
648 103.3
651 103.3
674 103.3
1020 103.3
1063 103.3
1481 103.3
1557 103.3
1627 103.3
1732 103.3
1847 103.3
1902 103.3
242 104.3
253 104.3
278 104.3
484 104.3
543 104.3
555 104.3
596 104.3
661 104.3
955 104.3
1028 104.3
1064 104.3
1067 104.3
1083 104.3
1090 104.3
1114 104.3
1247 104.3
1331 104.3
1378 104.3
1441 104.3
1663 104.3
1704 104.3
1818 104.3
1821 104.3
1872 104.3
2013 104.3
2167 104.3
15 105.3
40 105.3
75 105.3
191 105.3
249 105.3
1019 105.3
1031 105.3
1038 105.3
1068 105.3
1070 105.3
1154 105.3
1234 105.3
1346 105.3
1358 105.3
1375 105.3
1572 105.3
1623 105.3
1624 105.3
332 106.3
364 106.3
966 106.3
1030 106.3
1033 106.3
1116 106.3
1398 106.3
1674 106.3
1793 106.3
141 107.3
172 107.3
326 107.3
333 107.3
780 107.3
1199 107.3
1473 107.3
1743 107.3
1771 107.3
476 108.3
705 108.3
741 108.3
746 108.3
817 108.3
839 108.3
1132 108.3
1133 108.3
1157 108.3
1241 108.3
1560 108.3
1921 108.3
2088 108.3
2183 108.3
136 109.3
228 109.3
441 109.3
478 109.3
545 109.3
650 109.3
672 109.3
847 109.3
859 109.3
1124 109.3
1174 109.3
1177 109.3
1195 109.3
1271 109.3
1287 109.3
1316 109.3
1330 109.3
1338 109.3
1417 109.3
1430 109.3
1574 109.3
1765 109.3
2023 109.3
2103 109.3
2130 109.3
105 110.3
226 110.3
256 110.3
274 110.3
405 110.3
466 110.3
573 110.3
928 110.3
1041 110.3
1109 110.3
1152 110.3
1161 110.3
1205 110.3
1244 110.3
1281 110.3
1312 110.3
1383 110.3
1490 110.3
1669 110.3
1774 110.3
1870 110.3
1937 110.3
1981 110.3
2 111.3
11 111.3
38 111.3
76 111.3
92 111.3
153 111.3
245 111.3
281 111.3
287 111.3
329 111.3
339 111.3
457 111.3
488 111.3
542 111.3
796 111.3
832 111.3
850 111.3
862 111.3
922 111.3
1057 111.3
1061 111.3
1089 111.3
1091 111.3
1153 111.3
1170 111.3
1275 111.3
1299 111.3
1368 111.3
1396 111.3
1515 111.3
1570 111.3
1705 111.3
1764 111.3
2101 111.3
2138 111.3
2217 111.3
60 112.3
212 112.3
486 112.3
506 112.3
585 112.3
710 112.3
751 112.3
1012 112.3
1148 112.3
1209 112.3
1225 112.3
1255 112.3
1322 112.3
1357 112.3
1365 112.3
1406 112.3
1456 112.3
1804 112.3
303 113.3
340 113.3
608 113.3
756 113.3
825 113.3
1001 113.3
1155 113.3
1216 113.3
1345 113.3
1380 113.3
1925 113.3
259 114.3
282 114.3
369 114.3
1029 114.3
1039 114.3
1141 114.3
1233 114.3
1243 114.3
1273 114.3
1556 114.3
1607 114.3
1790 114.3
1915 114.3
2074 114.3
2095 114.3
357 115.3
971 115.3
1081 115.3
1193 115.3
1238 115.3
1420 115.3
1477 115.3
1551 115.3
1703 115.3
1867 115.3
2062 115.3
2077 115.3
2224 115.3
653 116.3
755 116.3
914 116.3
1071 116.3
1189 116.3
1232 116.3
1261 116.3
1282 116.3
1391 116.3
1698 116.3
2089 116.3
2120 116.3
2200 116.3
363 117.3
426 117.3
530 117.3
633 117.3
674 117.3
686 117.3
695 117.3
743 117.3
915 117.3
1055 117.3
1059 117.3
1181 117.3
1192 117.3
1212 117.3
1223 117.3
1317 117.3
1319 117.3
1668 117.3
1754 117.3
1851 117.3
1988 117.3
1995 117.3
1998 117.3
2034 117.3
120 118.3
239 118.3
701 118.3
709 118.3
764 118.3
841 118.3
879 118.3
1200 118.3
1211 118.3
1280 118.3
1294 118.3
1333 118.3
1339 118.3
1396 118.3
1806 118.3
1812 118.3
1847 118.3
2104 118.3
2134 118.3
2137 118.3
2148 118.3
92 119.3
252 119.3
409 119.3
513 119.3
665 119.3
801 119.3
858 119.3
974 119.3
991 119.3
1007 119.3
1203 119.3
1205 119.3
1214 119.3
1328 119.3
1590 119.3
1640 119.3
1665 119.3
1881 119.3
1911 119.3
2172 119.3
1497 120.3
1529 120.3
2010 120.3
2056 120.3
2060 120.3
562 121.3
659 121.3
687 121.3
921 121.3
1058 121.3
1096 121.3
1154 121.3
1283 121.3
1903 121.3
2071 121.3
2233 121.3
432 122.3
512 122.3
635 122.3
761 122.3
763 122.3
1063 122.3
1126 122.3
1229 122.3
1248 122.3
1290 122.3
1305 122.3
1419 122.3
1428 122.3
1501 122.3
1526 122.3
1552 122.3
1608 122.3
1764 122.3
1893 122.3
2006 122.3
12 123.3
30 123.3
186 123.3
304 123.3
750 123.3
830 123.3
1195 123.3
1260 123.3
1372 123.3
1459 123.3
1795 123.3
1953 123.3
2042 123.3
109 124.3
271 124.3
545 124.3
606 124.3
644 124.3
804 124.3
931 124.3
1017 124.3
1080 124.3
1179 124.3
1213 124.3
1240 124.3
1286 124.3
1463 124.3
1485 124.3
1518 124.3
1892 124.3
1960 124.3
2036 124.3
2080 124.3
73 125.3
318 125.3
679 125.3
694 125.3
738 125.3
1181 125.3
1182 125.3
1198 125.3
1276 125.3
1602 125.3
1618 125.3
1790 125.3
1981 125.3
603 126.3
782 126.3
1034 126.3
1174 126.3
1188 126.3
1201 126.3
1249 126.3
1299 126.3
1494 126.3
1553 126.3
1575 126.3
1639 126.3
1788 126.3
2232 126.3
101 127.3
280 127.3
303 127.3
335 127.3
484 127.3
773 127.3
1308 127.3
1357 127.3
1453 127.3
1888 127.3
79 128.3
236 128.3
266 128.3
680 128.3
1448 128.3
2216 128.3
106 129.3
127 129.3
165 129.3
190 129.3
628 129.3
855 129.3
869 129.3
1210 129.3
1211 129.3
1214 129.3
1278 129.3
1323 129.3
1331 129.3
1380 129.3
1490 129.3
1560 129.3
1821 129.3
1842 129.3
14 130.3
193 130.3
500 130.3
572 130.3
699 130.3
1079 130.3
1111 130.3
1116 130.3
1192 130.3
1217 130.3
1318 130.3
1324 130.3
1379 130.3
1601 130.3
1703 130.3
1997 130.3
2076 130.3
2133 130.3
65 131.3
294 131.3
310 131.3
350 131.3
425 131.3
465 131.3
475 131.3
730 131.3
1037 131.3
1143 131.3
1197 131.3
1209 131.3
1232 131.3
1257 131.3
1302 131.3
1303 131.3
1317 131.3
1320 131.3
1329 131.3
1351 131.3
1353 131.3
1400 131.3
1423 131.3
1475 131.3
1484 131.3
1543 131.3
1753 131.3
1774 131.3
1980 131.3
1988 131.3
2014 131.3
2069 131.3
2162 131.3
172 132.3
227 132.3
262 132.3
324 132.3
523 132.3
708 132.3
764 132.3
1078 132.3
1139 132.3
1178 132.3
1208 132.3
1310 132.3
1368 132.3
1383 132.3
1519 132.3
1649 132.3
1652 132.3
1686 132.3
1738 132.3
1766 132.3
1869 132.3
1870 132.3
2039 132.3
160 133.3
394 133.3
729 133.3
1002 133.3
1193 133.3
1271 133.3
1307 133.3
1378 133.3
1417 133.3
1510 133.3
1511 133.3
1750 133.3
344 134.3
471 134.3
1155 134.3
1235 134.3
1268 134.3
1269 134.3
1516 134.3
1616 134.3
2012 134.3
24 135.3
122 135.3
259 135.3
453 135.3
622 135.3
669 135.3
1183 135.3
1224 135.3
1335 135.3
1538 135.3
1983 135.3
170 136.3
287 136.3
735 136.3
802 136.3
819 136.3
1118 136.3
1170 136.3
1184 136.3
1240 136.3
1242 136.3
1280 136.3
1347 136.3
1358 136.3
1469 136.3
1547 136.3
1570 136.3
1962 136.3
2175 136.3
35 137.3
48 137.3
53 137.3
186 137.3
383 137.3
415 137.3
487 137.3
533 137.3
577 137.3
732 137.3
785 137.3
1035 137.3
1057 137.3
1124 137.3
1291 137.3
1297 137.3
1334 137.3
1346 137.3
1349 137.3
1386 137.3
1393 137.3
1407 137.3
1458 137.3
1506 137.3
1691 137.3
1955 137.3
1993 137.3
2169 137.3
192 138.3
434 138.3
468 138.3
595 138.3
725 138.3
761 138.3
1059 138.3
1116 138.3
1154 138.3
1258 138.3
1310 138.3
1366 138.3
1558 138.3
1615 138.3
1789 138.3
1891 138.3
2211 138.3
101 139.3
454 139.3
572 139.3
844 139.3
978 139.3
1085 139.3
1121 139.3
1140 139.3
1220 139.3
1223 139.3
1264 139.3
1367 139.3
1411 139.3
1450 139.3
1474 139.3
1517 139.3
1719 139.3
1818 139.3
2177 139.3
175 140.3
199 140.3
437 140.3
554 140.3
653 140.3
782 140.3
1420 140.3
1431 140.3
1776 140.3
1834 140.3
426 141.3
463 141.3
531 141.3
864 141.3
1180 141.3
1222 141.3
1459 141.3
1639 141.3
2007 141.3
224 142.3
320 142.3
574 142.3
810 142.3
1162 142.3
1191 142.3
1228 142.3
1326 142.3
1384 142.3
1401 142.3
1442 142.3
1500 142.3
1586 142.3
1752 142.3
1775 142.3
2078 142.3
142 143.3
163 143.3
335 143.3
407 143.3
583 143.3
1177 143.3
1189 143.3
1201 143.3
1243 143.3
1331 143.3
1418 143.3
1479 143.3
1498 143.3
1507 143.3
1591 143.3
1756 143.3
1897 143.3
1961 143.3
2104 143.3
2121 143.3
353 144.3
377 144.3
517 144.3
613 144.3
639 144.3
699 144.3
829 144.3
866 144.3
1206 144.3
1271 144.3
1281 144.3
1318 144.3
1319 144.3
1428 144.3
1432 144.3
1433 144.3
1443 144.3
1447 144.3
1449 144.3
1465 144.3
1527 144.3
1634 144.3
1659 144.3
1748 144.3
1837 144.3
1839 144.3
1991 144.3
2235 144.3
383 145.3
706 145.3
768 145.3
1161 145.3
1173 145.3
1225 145.3
1286 145.3
1289 145.3
1297 145.3
1303 145.3
1333 145.3
1445 145.3
1525 145.3
1598 145.3
1729 145.3
1772 145.3
1803 145.3
215 146.3
285 146.3
443 146.3
474 146.3
538 146.3
1178 146.3
1197 146.3
1279 146.3
1416 146.3
1419 146.3
1516 146.3
1550 146.3
2093 146.3
10 147.3
235 147.3
458 147.3
631 147.3
724 147.3
1280 147.3
1322 147.3
1355 147.3
1425 147.3
1471 147.3
1936 147.3
80 148.3
478 148.3
700 148.3
1247 148.3
1341 148.3
1425 148.3
1441 148.3
1472 148.3
1596 148.3
1715 148.3
2019 148.3
280 149.3
442 149.3
698 149.3
703 149.3
989 149.3
1273 149.3
1293 149.3
1320 149.3
1388 149.3
1698 149.3
2000 149.3
2068 149.3
2083 149.3
2092 149.3
249 150.3
270 150.3
328 150.3
822 150.3
867 150.3
1207 150.3
1212 150.3
1256 150.3
1359 150.3
1363 150.3
1372 150.3
1613 150.3
1616 150.3
1619 150.3
1622 150.3
1762 150.3
1933 150.3
2016 150.3
2063 150.3
44 151.3
63 151.3
102 151.3
142 151.3
179 151.3
403 151.3
563 151.3
614 151.3
678 151.3
715 151.3
862 151.3
1042 151.3
1063 151.3
1172 151.3
1305 151.3
1315 151.3
1411 151.3
1455 151.3
1520 151.3
1522 151.3
1550 151.3
1624 151.3
1718 151.3
1756 151.3
1776 151.3
1819 151.3
1879 151.3
1884 151.3
1923 151.3
1951 151.3
2205 151.3
2232 151.3
106 152.3
247 152.3
427 152.3
582 152.3
623 152.3
858 152.3
1168 152.3
1352 152.3
1431 152.3
1604 152.3
1892 152.3
1990 152.3
2052 152.3
2147 152.3
94 153.3
139 153.3
330 153.3
541 153.3
554 153.3
811 153.3
1204 153.3
1224 153.3
1594 153.3
1731 153.3
2 154.3
492 154.3
820 154.3
1201 154.3
1 155.3
6 155.3
50 155.3
110 155.3
111 155.3
266 155.3
269 155.3
307 155.3
402 155.3
1332 155.3
1334 155.3
1373 155.3
1376 155.3
1408 155.3
1504 155.3
1541 155.3
1548 155.3
1805 155.3
2085 155.3
67 156.3
152 156.3
505 156.3
644 156.3
650 156.3
804 156.3
1177 156.3
1233 156.3
1374 156.3
1434 156.3
1456 156.3
1473 156.3
1481 156.3
1517 156.3
1783 156.3
1919 156.3
2061 156.3
2108 156.3
292 157.3
489 157.3
664 157.3
668 157.3
681 157.3
774 157.3
1215 157.3
1234 157.3
1238 157.3
1267 157.3
1316 157.3
1394 157.3
1398 157.3
1417 157.3
1478 157.3
1495 157.3
1509 157.3
1566 157.3
1590 157.3
1782 157.3
1863 157.3
1979 157.3
1988 157.3
2032 157.3
2160 157.3
2198 157.3
139 158.3
355 158.3
391 158.3
425 158.3
673 158.3
696 158.3
833 158.3
1210 158.3
1273 158.3
1275 158.3
1307 158.3
1353 158.3
1375 158.3
1380 158.3
1407 158.3
1409 158.3
1413 158.3
1420 158.3
1432 158.3
1446 158.3
1449 158.3
1486 158.3
1573 158.3
1576 158.3
1580 158.3
1599 158.3
1836 158.3
1888 158.3
1889 158.3
1974 158.3
2078 158.3
389 159.3
491 159.3
501 159.3
525 159.3
770 159.3
1222 159.3
1339 159.3
1382 159.3
1390 159.3
1391 159.3
1422 159.3
1429 159.3
1437 159.3
1462 159.3
1468 159.3
1493 159.3
1497 159.3
1600 159.3
1637 159.3
1718 159.3
1835 159.3
1858 159.3
1914 159.3
268 160.3
304 160.3
925 160.3
1843 160.3
2045 160.3
61 161.3
190 161.3
737 161.3
1430 161.3
1489 161.3
1606 161.3
68 162.3
70 162.3
157 162.3
233 162.3
414 162.3
1259 162.3
1279 162.3
1312 162.3
1386 162.3
1405 162.3
1447 162.3
1746 162.3
1773 162.3
1916 162.3
2049 162.3
2051 162.3
2124 162.3
71 163.3
77 163.3
280 163.3
474 163.3
590 163.3
702 163.3
837 163.3
1150 163.3
1212 163.3
1458 163.3
1463 163.3
1567 163.3
1611 163.3
1755 163.3
1772 163.3
1788 163.3
1908 163.3
1999 163.3
2025 163.3
13 164.3
51 164.3
136 164.3
159 164.3
226 164.3
332 164.3
364 164.3
407 164.3
509 164.3
531 164.3
631 164.3
675 164.3
803 164.3
907 164.3
1014 164.3
1138 164.3
1334 164.3
1338 164.3
1357 164.3
1412 164.3
1418 164.3
1440 164.3
1472 164.3
1481 164.3
1498 164.3
1528 164.3
1536 164.3
1597 164.3
1671 164.3
1682 164.3
1764 164.3
1823 164.3
1848 164.3
1917 164.3
1937 164.3
55 165.3
83 165.3
123 165.3
358 165.3
507 165.3
512 165.3
594 165.3
616 165.3
693 165.3
727 165.3
788 165.3
879 165.3
1381 165.3
1398 165.3
1424 165.3
1452 165.3
1540 165.3
1542 165.3
1718 165.3
1723 165.3
1977 165.3
2152 165.3
2164 165.3
2197 165.3
251 166.3
282 166.3
686 166.3
708 166.3
716 166.3
815 166.3
840 166.3
1124 166.3
1206 166.3
1384 166.3
1444 166.3
1454 166.3
1490 166.3
1635 166.3
1650 166.3
1870 166.3
1876 166.3
1922 166.3
627 167.3
705 167.3
1187 167.3
1259 167.3
1276 167.3
1354 167.3
1449 167.3
1479 167.3
1518 167.3
1618 167.3
485 168.3
541 168.3
688 168.3
1145 168.3
1244 168.3
1253 168.3
1324 168.3
1476 168.3
1479 168.3
1565 168.3
1585 168.3
1603 168.3
1620 168.3
1954 168.3
2106 168.3
1 169.3
74 169.3
245 169.3
259 169.3
554 169.3
1131 169.3
1347 169.3
1351 169.3
1392 169.3
1509 169.3
1531 169.3
1545 169.3
1675 169.3
1715 169.3
1747 169.3
1953 169.3
2077 169.3
51 170.3
120 170.3
170 170.3
366 170.3
394 170.3
508 170.3
529 170.3
535 170.3
731 170.3
759 170.3
901 170.3
1144 170.3
1176 170.3
1196 170.3
1273 170.3
1314 170.3
1322 170.3
1323 170.3
1586 170.3
1596 170.3
1598 170.3
1633 170.3
2092 170.3
56 171.3
224 171.3
301 171.3
326 171.3
807 171.3
811 171.3
824 171.3
825 171.3
838 171.3
1265 171.3
1331 171.3
1376 171.3
1387 171.3
1436 171.3
1441 171.3
1443 171.3
1459 171.3
1540 171.3
1549 171.3
1583 171.3
1605 171.3
1681 171.3
1866 171.3
1877 171.3
1988 171.3
2045 171.3
2084 171.3
2168 171.3
2237 171.3
1404 172.3
1496 172.3
1503 172.3
1539 172.3
1638 172.3
227 173.3
583 173.3
736 173.3
766 173.3
1145 173.3
1251 173.3
1360 173.3
1470 173.3
1662 173.3
1706 173.3
1727 173.3
1970 173.3
2011 173.3
140 174.3
144 174.3
158 174.3
176 174.3
519 174.3
615 174.3
1181 174.3
1272 174.3
1302 174.3
1396 174.3
1515 174.3
1525 174.3
1704 174.3
2171 174.3
1286 175.3
1317 175.3
1372 175.3
1557 175.3
1722 175.3
391 176.3
511 176.3
513 176.3
524 176.3
525 176.3
545 176.3
597 176.3
665 176.3
701 176.3
1185 176.3
1386 176.3
1397 176.3
1456 176.3
1472 176.3
1488 176.3
1512 176.3
1520 176.3
1523 176.3
1575 176.3
1855 176.3
1884 176.3
6 177.3
81 177.3
371 177.3
445 177.3
504 177.3
506 177.3
515 177.3
636 177.3
645 177.3
777 177.3
1306 177.3
1465 177.3
1487 177.3
1501 177.3
1588 177.3
1602 177.3
1628 177.3
1694 177.3
1738 177.3
1802 177.3
1892 177.3
1925 177.3
1929 177.3
2214 177.3
53 178.3
128 178.3
186 178.3
333 178.3
417 178.3
432 178.3
577 178.3
660 178.3
826 178.3
1300 178.3
1361 178.3
1428 178.3
1474 178.3
1534 178.3
1587 178.3
1622 178.3
1642 178.3
1648 178.3
1676 178.3
1697 178.3
1736 178.3
1764 178.3
1783 178.3
2052 178.3
229 179.3
309 179.3
383 179.3
569 179.3
1093 179.3
1151 179.3
1377 179.3
1416 179.3
1454 179.3
1494 179.3
1508 179.3
1598 179.3
1613 179.3
1685 179.3
1769 179.3
1775 179.3
1796 179.3
2134 179.3
98 180.3
565 180.3
582 180.3
707 180.3
1345 180.3
1410 180.3
1412 180.3
1611 180.3
1644 180.3
1762 180.3
1815 180.3
1941 180.3
2137 180.3
251 181.3
1560 181.3
1603 181.3
1662 181.3
1696 181.3
1719 181.3
2046 181.3
201 182.3
322 182.3
404 182.3
497 182.3
675 182.3
869 182.3
1213 182.3
1607 182.3
1629 182.3
1657 182.3
1678 182.3
2032 182.3
24 183.3
76 183.3
91 183.3
187 183.3
382 183.3
519 183.3
709 183.3
719 183.3
762 183.3
767 183.3
861 183.3
1200 183.3
1215 183.3
1370 183.3
1469 183.3
1486 183.3
1516 183.3
1675 183.3
1817 183.3
2076 183.3
2086 183.3
2088 183.3
2211 183.3
40 184.3
133 184.3
257 184.3
443 184.3
512 184.3
599 184.3
727 184.3
860 184.3
866 184.3
1174 184.3
1188 184.3
1333 184.3
1339 184.3
1444 184.3
1470 184.3
1498 184.3
1645 184.3
1798 184.3
1828 184.3
2225 184.3
258 185.3
341 185.3
405 185.3
597 185.3
622 185.3
1145 185.3
1539 185.3
1548 185.3
1643 185.3
1707 185.3
1715 185.3
1735 185.3
1801 185.3
1853 185.3
1946 185.3
2156 185.3
162 186.3
171 186.3
529 186.3
642 186.3
693 186.3
1285 186.3
1450 186.3
1503 186.3
1642 186.3
1810 186.3
2057 186.3
2065 186.3
11 187.3
267 187.3
499 187.3
1747 187.3
1808 187.3
1858 187.3
193 188.3
220 188.3
344 188.3
375 188.3
425 188.3
469 188.3
530 188.3
551 188.3
748 188.3
1453 188.3
1484 188.3
1568 188.3
1630 188.3
1741 188.3
1745 188.3
1891 188.3
221 189.3
369 189.3
380 189.3
414 189.3
515 189.3
657 189.3
663 189.3
669 189.3
1241 189.3
1298 189.3
1455 189.3
1592 189.3
1650 189.3
1703 189.3
1750 189.3
1856 189.3
2197 189.3
2235 189.3
2 190.3
158 190.3
387 190.3
389 190.3
420 190.3
421 190.3
482 190.3
563 190.3
574 190.3
617 190.3
763 190.3
1142 190.3
1290 190.3
1304 190.3
1335 190.3
1510 190.3
1518 190.3
1793 190.3
2019 190.3
2068 190.3
2128 190.3
2138 190.3
2184 190.3
2194 190.3
153 191.3
376 191.3
378 191.3
410 191.3
418 191.3
423 191.3
453 191.3
586 191.3
643 191.3
927 191.3
1130 191.3
1132 191.3
1136 191.3
1182 191.3
1202 191.3
1288 191.3
1309 191.3
1358 191.3
1483 191.3
1492 191.3
1496 191.3
1519 191.3
1537 191.3
1556 191.3
1563 191.3
1611 191.3
1654 191.3
1687 191.3
1692 191.3
1787 191.3
1816 191.3
1871 191.3
1879 191.3
1929 191.3
2151 191.3
2216 191.3
2218 191.3
16 192.3
67 192.3
110 192.3
351 192.3
656 192.3
1240 192.3
1639 192.3
1686 192.3
1742 192.3
1784 192.3
1876 192.3
129 193.3
245 193.3
275 193.3
772 193.3
851 193.3
877 193.3
1235 193.3
1278 193.3
1438 193.3
1461 193.3
1529 193.3
1546 193.3
1652 193.3
1699 193.3
1701 193.3
1836 193.3
1843 193.3
1920 193.3
228 194.3
659 194.3
798 194.3
1054 194.3
1697 194.3
1769 194.3
1794 194.3
1893 194.3
1921 194.3
477 195.3
760 195.3
1148 195.3
1178 195.3
1227 195.3
1347 195.3
1431 195.3
1436 195.3
1448 195.3
1481 195.3
1493 195.3
1550 195.3
1597 195.3
1707 195.3
1727 195.3
1770 195.3
1774 195.3
1792 195.3
1850 195.3
1922 195.3
2134 195.3
415 196.3
1190 196.3
1272 196.3
1457 196.3
1547 196.3
1585 196.3
1636 196.3
1691 196.3
1711 196.3
1716 196.3
1771 196.3
1848 196.3
1855 196.3
162 197.3
297 197.3
394 197.3
689 197.3
786 197.3
872 197.3
1243 197.3
1280 197.3
1382 197.3
1387 197.3
1430 197.3
1602 197.3
1613 197.3
1664 197.3
1724 197.3
1743 197.3
1772 197.3
1819 197.3
1824 197.3
1827 197.3
1875 197.3
1911 197.3
1949 197.3
2046 197.3
2145 197.3
2158 197.3
2225 197.3
2228 197.3
4 198.3
96 198.3
97 198.3
344 198.3
506 198.3
587 198.3
761 198.3
1125 198.3
1169 198.3
1255 198.3
1259 198.3
1302 198.3
1467 198.3
1532 198.3
1622 198.3
1651 198.3
1693 198.3
1751 198.3
1764 198.3
2104 198.3
2168 198.3
202 199.3
320 199.3
480 199.3
517 199.3
571 199.3
1348 199.3
1465 199.3
1501 199.3
1655 199.3
1671 199.3
1686 199.3
179 203
385 203
1758 204
247 205
702 205
1544 205
1705 206
1721 206
1723 207
47 209
1244 209
2103 211
1462 211
1870 211
1893 211
1294 212
1924 212
122 213
2201 213
2225 213
841 214
1621 214
2064 216
1273 217
1747 218
1124 219
1864 219
35 220
185 220
311 220
450 220
1160 220
1163 220
2100 221
2185 221
1164 221
48 223
1916 224
359 225
1451 225
1633 225
349 226
1271 226
1703 226
1856 226
260 227
252 228
1721 228
352 229
1977 229
608 230
237 233
711 233
1681 233
1699 233
557 234
763 234
372 236
442 236
1555 236
1822 236
509 238
1447 238
1491 238
1726 238
543 239
1234 240
1441 240
1570 240
23 241
878 241
1930 241
1355 242
1858 243
1948 243
153 245
374 245
219 246
807 246
1615 246
437 247
1239 248
401 249
482 249
1414 249
1490 250
1258 251
31 252
1831 252
203 253
238 253
1304 253
439 255
488 255
2232 255
756 256
2150 256
1389 256
1412 256
1808 256
706 257
1138 257
247 258
718 258
384 259
540 259
1644 259
1337 260
1470 261
1598 262
1672 262
1962 263
306 264
1435 264
1666 264
28 265
1549 265
1592 265
1966 265
1792 266
1935 267
1970 267
79 268
1651 268
1942 268
816 269
2052 270
2192 271
301 272
375 272
2188 272
1768 272
1817 272
1832 272
1327 273
1495 273
2204 274
1581 274
1925 274
268 275
1877 275
1784 276
816 277
2140 281
1282 281
636 282
2056 283
1995 284
16 285
139 285
2226 285
1250 286
1403 286
1970 286
230 287
443 287
86 288
678 288
2163 288
1807 288
1 289
374 291
759 292
1935 292
40 293
265 293
737 293
2077 293
1282 293
59 294
198 294
2126 294
1237 295
1931 295
71 296
1430 296
1762 296
33 297
674 297
850 297
1203 298
1547 298
1729 299
205 300
