6 1
140 1
1290 2
775 3
141 4
675 4
866 4
2091 4
1796 4
673 6
22 7
80 7
125 7
1991 7
2123 8
1913 9
30 10
95 10
1736 10
792 11
620 12
1416 12
429 14
504 15
866 16
150 17
2194 17
318 18
709 18
1556 18
1809 19
1841 19
333 20
1788 22
2190 24
531 25
1682 25
478 26
135 27
1049 28
1359 28
1814 28
76 29
2017 29
1458 30
1536 30
342 31
1473 31
2075 33
182 34
1144 35
554 37
1477 37
380 41
433 42
469 42
1180 42
1438 42
1625 42
649 43
1814 43
692 44
2096 44
114 45
330 47
15 48
1552 48
1796 48
238 49
397 50
1123 50
1461 50
1473 50
1867 51
1982 51
430 52
770 52
1751 53
117 54
326 55
2094 55
1525 56
1803 56
439 57
2207 59
1217 59
1627 59
1309 60
1764 60
215 63
650 63
1489 63
330 64
399 64
1727 64
354 65
1135 65
1533 66
2138 68
1291 68
2144 69
1701 69
1614 70
2178 71
57 73
320 73
150 74
2218 74
1641 74
127 75
626 75
811 77
200 79
1463 80
26 81
2112 81
1628 81
1899 82
444 83
484 83
706 83
262 84
511 84
1137 85
1306 85
1477 85
1827 86
1835 86
1174 87
1640 87
849 88
2069 88
1347 88
1554 88
1442 89
1909 89
2205 90
154 92
1744 94
438 95
1545 95
1691 95
146 96
744 96
1253 98
1207 99
389 100.7
398 100.7
718 100.7
797 100.7
912 100.7
968 100.7
1149 100.7
1303 100.7
1437 100.7
559 101.7
674 101.7
1065 101.7
1238 101.7
1467 101.7
1524 101.7
1685 101.7
2070 101.7
958 102.7
1123 102.7
1169 102.7
1279 102.7
1502 102.7
1537 102.7
2121 102.7
2157 102.7
77 103.7
364 103.7
544 103.7
546 103.7
568 103.7
653 103.7
685 103.7
708 103.7
863 103.7
871 103.7
872 103.7
906 103.7
911 103.7
940 103.7
957 103.7
980 103.7
1042 103.7
1431 103.7
1496 103.7
1607 103.7
1608 103.7
1932 103.7
2009 103.7
2191 103.7
121 104.7
170 104.7
177 104.7
369 104.7
407 104.7
462 104.7
507 104.7
531 104.7
597 104.7
700 104.7
766 104.7
864 104.7
891 104.7
893 104.7
1001 104.7
1040 104.7
1093 104.7
1265 104.7
1280 104.7
1294 104.7
1371 104.7
1419 104.7
1448 104.7
1587 104.7
1674 104.7
1729 104.7
1749 104.7
1751 104.7
1822 104.7
1863 104.7
2012 104.7
2182 104.7
2221 104.7
49 105.7
301 105.7
348 105.7
626 105.7
712 105.7
718 105.7
754 105.7
783 105.7
786 105.7
788 105.7
921 105.7
961 105.7
1151 105.7
1158 105.7
1166 105.7
1177 105.7
1237 105.7
1309 105.7
1488 105.7
1609 105.7
1618 105.7
1668 105.7
1731 105.7
355 106.7
375 106.7
828 106.7
920 106.7
932 106.7
962 106.7
979 106.7
1124 106.7
1922 106.7
65 107.7
684 107.7
1235 107.7
1596 107.7
1891 107.7
1901 107.7
2169 107.7
203 108.7
206 108.7
326 108.7
455 108.7
509 108.7
808 108.7
837 108.7
1484 108.7
1534 108.7
1550 108.7
1676 108.7
1836 108.7
2168 108.7
3 109.7
242 109.7
285 109.7
663 109.7
759 109.7
1013 109.7
1093 109.7
1105 109.7
1138 109.7
1217 109.7
1337 109.7
1426 109.7
1544 109.7
1595 109.7
1734 109.7
1817 109.7
1858 109.7
1870 109.7
1928 109.7
2112 109.7
11 110.7
224 110.7
241 110.7
294 110.7
460 110.7
471 110.7
522 110.7
526 110.7
539 110.7
784 110.7
819 110.7
841 110.7
900 110.7
924 110.7
935 110.7
1003 110.7
1118 110.7
1122 110.7
1125 110.7
1391 110.7
1514 110.7
1647 110.7
1696 110.7
1699 110.7
1866 110.7
1958 110.7
2001 110.7
2015 110.7
2153 110.7
2223 110.7
17 111.7
24 111.7
303 111.7
337 111.7
358 111.7
576 111.7
777 111.7
851 111.7
859 111.7
874 111.7
905 111.7
956 111.7
957 111.7
999 111.7
1017 111.7
1055 111.7
1063 111.7
1067 111.7
1155 111.7
1186 111.7
1364 111.7
1478 111.7
1540 111.7
1708 111.7
1710 111.7
1774 111.7
1784 111.7
1999 111.7
2164 111.7
2220 111.7
2221 111.7
189 112.7
443 112.7
730 112.7
787 112.7
896 112.7
1126 112.7
1175 112.7
1269 112.7
1356 112.7
1365 112.7
1625 112.7
1666 112.7
2031 112.7
2077 112.7
2106 112.7
2140 112.7
2237 112.7
159 113.7
425 113.7
845 113.7
855 113.7
987 113.7
997 113.7
1081 113.7
1157 113.7
1681 113.7
1767 113.7
2226 113.7
426 114.7
439 114.7
733 114.7
877 114.7
891 114.7
988 114.7
1023 114.7
1046 114.7
1392 114.7
1473 114.7
1532 114.7
1617 114.7
135 115.7
165 115.7
194 115.7
231 115.7
298 115.7
316 115.7
362 115.7
421 115.7
553 115.7
647 115.7
797 115.7
802 115.7
833 115.7
944 115.7
1041 115.7
1129 115.7
1181 115.7
1202 115.7
1349 115.7
1649 115.7
2116 115.7
147 116.7
187 116.7
280 116.7
550 116.7
703 116.7
715 116.7
728 116.7
1072 116.7
1123 116.7
1127 116.7
1159 116.7
1168 116.7
1324 116.7
1326 116.7
1504 116.7
1802 116.7
1933 116.7
60 117.7
86 117.7
175 117.7
259 117.7
332 117.7
333 117.7
429 117.7
483 117.7
492 117.7
631 117.7
734 117.7
740 117.7
822 117.7
847 117.7
884 117.7
888 117.7
975 117.7
1011 117.7
1033 117.7
1113 117.7
1165 117.7
1271 117.7
1338 117.7
1570 117.7
1647 117.7
1652 117.7
1701 117.7
1977 117.7
2024 117.7
2096 117.7
2166 117.7
2182 117.7
111 118.7
178 118.7
236 118.7
472 118.7
1000 118.7
1014 118.7
1050 118.7
1128 118.7
1268 118.7
1285 118.7
1437 118.7
2076 118.7
560 119.7
1008 119.7
1125 119.7
1158 119.7
1190 119.7
1482 119.7
1882 119.7
2230 119.7
37 120.7
99 120.7
128 120.7
161 120.7
871 120.7
962 120.7
1841 120.7
136 121.7
179 121.7
308 121.7
494 121.7
501 121.7
921 121.7
1003 121.7
1012 121.7
1194 121.7
1238 121.7
1259 121.7
1367 121.7
2027 121.7
2032 121.7
2082 121.7
77 122.7
535 122.7
679 122.7
927 122.7
967 122.7
1142 122.7
1225 122.7
1405 122.7
1449 122.7
1520 122.7
1640 122.7
1677 122.7
87 123.7
96 123.7
338 123.7
692 123.7
797 123.7
917 123.7
935 123.7
980 123.7
1060 123.7
1074 123.7
1097 123.7
1102 123.7
1106 123.7
1140 123.7
1156 123.7
1207 123.7
1264 123.7
1313 123.7
1348 123.7
1366 123.7
1463 123.7
1589 123.7
1806 123.7
1894 123.7
1938 123.7
2103 123.7
2144 123.7
2145 123.7
2239 123.7
15 124.7
31 124.7
49 124.7
162 124.7
229 124.7
249 124.7
664 124.7
716 124.7
734 124.7
807 124.7
882 124.7
943 124.7
983 124.7
1028 124.7
1091 124.7
1153 124.7
1230 124.7
1243 124.7
1277 124.7
1300 124.7
1466 124.7
1705 124.7
1724 124.7
1759 124.7
1796 124.7
1900 124.7
1981 124.7
2040 124.7
2138 124.7
2192 124.7
2204 124.7
17 125.7
177 125.7
580 125.7
620 125.7
719 125.7
772 125.7
823 125.7
940 125.7
1080 125.7
1095 125.7
1107 125.7
1172 125.7
1214 125.7
1505 125.7
1506 125.7
2068 125.7
223 126.7
364 126.7
448 126.7
464 126.7
690 126.7
693 126.7
944 126.7
952 126.7
1089 126.7
1572 126.7
1812 126.7
2088 126.7
2206 126.7
67 127.7
146 127.7
825 127.7
1261 127.7
1535 127.7
1602 127.7
1651 127.7
450 128.7
613 128.7
675 128.7
999 128.7
1037 128.7
1221 128.7
1319 128.7
1423 128.7
1546 128.7
1564 128.7
1833 128.7
2020 128.7
2061 128.7
94 129.7
115 129.7
262 129.7
270 129.7
425 129.7
760 129.7
822 129.7
868 129.7
876 129.7
929 129.7
985 129.7
1005 129.7
1110 129.7
1121 129.7
1169 129.7
1879 129.7
85 130.7
205 130.7
219 130.7
228 130.7
362 130.7
449 130.7
460 130.7
566 130.7
820 130.7
864 130.7
879 130.7
902 130.7
1024 130.7
1046 130.7
1072 130.7
1079 130.7
1117 130.7
1136 130.7
1143 130.7
1194 130.7
1440 130.7
1562 130.7
1607 130.7
1638 130.7
1747 130.7
1782 130.7
1797 130.7
2022 130.7
2043 130.7
2174 130.7
2181 130.7
114 131.7
214 131.7
301 131.7
462 131.7
726 131.7
794 131.7
815 131.7
955 131.7
958 131.7
1122 131.7
1126 131.7
1129 131.7
1131 131.7
1157 131.7
1196 131.7
1213 131.7
1241 131.7
1259 131.7
1381 131.7
1619 131.7
1689 131.7
1796 131.7
1823 131.7
1896 131.7
2068 131.7
2166 131.7
69 132.7
335 132.7
433 132.7
537 132.7
679 132.7
826 132.7
834 132.7
1056 132.7
1090 132.7
1096 132.7
1249 132.7
1272 132.7
1405 132.7
1511 132.7
1635 132.7
1680 132.7
1771 132.7
1935 132.7
2228 132.7
540 133.7
666 133.7
917 133.7
1089 133.7
1356 133.7
1360 133.7
1507 133.7
965 134.7
1032 134.7
1223 134.7
1350 134.7
1481 134.7
1748 134.7
1793 134.7
1821 134.7
2115 134.7
16 135.7
348 135.7
643 135.7
698 135.7
1002 135.7
1061 135.7
1074 135.7
1283 135.7
1380 135.7
1589 135.7
1634 135.7
1984 135.7
2208 135.7
130 136.7
563 136.7
649 136.7
685 136.7
751 136.7
795 136.7
881 136.7
1018 136.7
1038 136.7
1065 136.7
1084 136.7
1168 136.7
1486 136.7
1936 136.7
2024 136.7
2031 136.7
2130 136.7
109 137.7
127 137.7
226 137.7
372 137.7
556 137.7
731 137.7
816 137.7
906 137.7
953 137.7
974 137.7
997 137.7
1006 137.7
1133 137.7
1166 137.7
1183 137.7
1233 137.7
1338 137.7
1379 137.7
1409 137.7
1466 137.7
1490 137.7
1577 137.7
1581 137.7
1621 137.7
1673 137.7
1923 137.7
1988 137.7
2015 137.7
2146 137.7
2226 137.7
199 138.7
302 138.7
341 138.7
552 138.7
728 138.7
827 138.7
1075 138.7
1118 138.7
1154 138.7
1171 138.7
1240 138.7
1310 138.7
1435 138.7
1547 138.7
1825 138.7
1860 138.7
1887 138.7
1961 138.7
1964 138.7
2051 138.7
2159 138.7
447 139.7
457 139.7
651 139.7
861 139.7
986 139.7
1092 139.7
1205 139.7
1210 139.7
1247 139.7
1353 139.7
1378 139.7
1588 139.7
1968 139.7
2067 139.7
55 140.7
279 140.7
411 140.7
495 140.7
750 140.7
1093 140.7
1226 140.7
1462 140.7
1481 140.7
2041 140.7
2140 140.7
624 141.7
1050 141.7
1054 141.7
1191 141.7
1228 141.7
1326 141.7
1349 141.7
1356 141.7
1651 141.7
2154 141.7
2202 141.7
143 142.7
197 142.7
323 142.7
410 142.7
420 142.7
1138 142.7
1161 142.7
1179 142.7
1188 142.7
1748 142.7
1771 142.7
1828 142.7
1907 142.7
2046 142.7
2090 142.7
2141 142.7
2193 142.7
2230 142.7
54 143.7
218 143.7
255 143.7
315 143.7
444 143.7
507 143.7
591 143.7
635 143.7
825 143.7
991 143.7
1130 143.7
1174 143.7
1193 143.7
1292 143.7
1304 143.7
1307 143.7
1530 143.7
1705 143.7
1951 143.7
2127 143.7
42 144.7
115 144.7
155 144.7
169 144.7
186 144.7
431 144.7
756 144.7
798 144.7
860 144.7
1024 144.7
1141 144.7
1221 144.7
1222 144.7
1332 144.7
1385 144.7
1438 144.7
1523 144.7
1528 144.7
1715 144.7
1800 144.7
1873 144.7
1893 144.7
1948 144.7
1982 144.7
2116 144.7
65 145.7
132 145.7
331 145.7
390 145.7
819 145.7
954 145.7
1153 145.7
1166 145.7
1261 145.7
1273 145.7
1312 145.7
1426 145.7
1455 145.7
1559 145.7
1680 145.7
2146 145.7
165 146.7
199 146.7
381 146.7
675 146.7
999 146.7
1122 146.7
1227 146.7
1456 146.7
1593 146.7
1692 146.7
1743 146.7
1970 146.7
2030 146.7
14 147.7
333 147.7
348 147.7
464 147.7
1052 147.7
1058 147.7
1206 147.7
1511 147.7
111 148.7
316 148.7
368 148.7
604 148.7
731 148.7
1048 148.7
1095 148.7
1112 148.7
1172 148.7
1477 148.7
1617 148.7
1778 148.7
2068 148.7
2215 148.7
142 149.7
277 149.7
322 149.7
361 149.7
434 149.7
436 149.7
637 149.7
833 149.7
998 149.7
1004 149.7
1011 149.7
1055 149.7
1111 149.7
1147 149.7
1185 149.7
1187 149.7
1209 149.7
1221 149.7
1223 149.7
1266 149.7
1360 149.7
1415 149.7
1420 149.7
1431 149.7
1468 149.7
1493 149.7
1628 149.7
1696 149.7
1779 149.7
1997 149.7
2086 149.7
2180 149.7
36 150.7
216 150.7
230 150.7
351 150.7
564 150.7
789 150.7
805 150.7
1009 150.7
1061 150.7
1133 150.7
1190 150.7
1247 150.7
1270 150.7
1299 150.7
1326 150.7
1407 150.7
1497 150.7
1526 150.7
1682 150.7
1704 150.7
1738 150.7
1814 150.7
1876 150.7
1923 150.7
1985 150.7
2059 150.7
129 151.7
181 151.7
347 151.7
354 151.7
364 151.7
405 151.7
417 151.7
552 151.7
812 151.7
834 151.7
1019 151.7
1126 151.7
1178 151.7
1195 151.7
1217 151.7
1239 151.7
1250 151.7
1260 151.7
1323 151.7
2037 151.7
2040 151.7
22 152.7
401 152.7
560 152.7
1128 152.7
1277 152.7
1327 152.7
1434 152.7
1439 152.7
1472 152.7
1745 152.7
1903 152.7
2042 152.7
223 153.7
315 153.7
348 153.7
397 153.7
426 153.7
596 153.7
720 153.7
785 153.7
1089 153.7
1189 153.7
1214 153.7
1505 153.7
440 154.7
762 154.7
1219 154.7
1233 154.7
1236 154.7
1266 154.7
1283 154.7
1308 154.7
1341 154.7
1525 154.7
1672 154.7
1742 154.7
482 155.7
624 155.7
1207 155.7
1224 155.7
1269 155.7
1306 155.7
1541 155.7
1802 155.7
1834 155.7
1891 155.7
2144 155.7
2197 155.7
67 156.7
323 156.7
393 156.7
444 156.7
505 156.7
562 156.7
583 156.7
675 156.7
1157 156.7
1163 156.7
1168 156.7
1232 156.7
1248 156.7
1276 156.7
1354 156.7
1383 156.7
1426 156.7
1442 156.7
1443 156.7
1494 156.7
1551 156.7
1691 156.7
1739 156.7
76 157.7
243 157.7
309 157.7
546 157.7
571 157.7
707 157.7
740 157.7
862 157.7
1144 157.7
1259 157.7
1318 157.7
1343 157.7
1360 157.7
1361 157.7
1373 157.7
1381 157.7
1427 157.7
1767 157.7
1786 157.7
1832 157.7
1951 157.7
2168 157.7
13 158.7
126 158.7
173 158.7
362 158.7
844 158.7
1149 158.7
1265 158.7
1346 158.7
1370 158.7
1384 158.7
1614 158.7
2033 158.7
2126 158.7
64 159.7
237 159.7
275 159.7
313 159.7
569 159.7
782 159.7
799 159.7
1113 159.7
1185 159.7
1227 159.7
1377 159.7
1447 159.7
1593 159.7
1816 159.7
144 160.7
1164 160.7
1449 160.7
1636 160.7
1715 160.7
1962 160.7
94 161.7
128 161.7
170 161.7
330 161.7
532 161.7
1117 161.7
1222 161.7
1314 161.7
1463 161.7
1618 161.7
2135 161.7
36 162.7
59 162.7
120 162.7
172 162.7
215 162.7
350 162.7
785 162.7
1136 162.7
1194 162.7
1292 162.7
1389 162.7
1679 162.7
1787 162.7
1795 162.7
1809 162.7
1830 162.7
2100 162.7
2239 162.7
14 163.7
499 163.7
583 163.7
654 163.7
773 163.7
807 163.7
851 163.7
1123 163.7
1142 163.7
1173 163.7
1177 163.7
1307 163.7
1376 163.7
1387 163.7
1413 163.7
1446 163.7
1451 163.7
1710 163.7
1731 163.7
1813 163.7
1985 163.7
1994 163.7
2134 163.7
68 164.7
91 164.7
262 164.7
283 164.7
327 164.7
384 164.7
594 164.7
617 164.7
700 164.7
703 164.7
789 164.7
1124 164.7
1165 164.7
1211 164.7
1300 164.7
1350 164.7
1369 164.7
1435 164.7
1468 164.7
1492 164.7
1500 164.7
1502 164.7
1526 164.7
1601 164.7
1608 164.7
1640 164.7
1803 164.7
1880 164.7
1910 164.7
2086 164.7
118 165.7
261 165.7
358 165.7
585 165.7
735 165.7
1254 165.7
1310 165.7
1320 165.7
1473 165.7
1503 165.7
1865 165.7
1988 165.7
2028 165.7
78 166.7
338 166.7
1102 166.7
1133 166.7
1335 166.7
1458 166.7
1508 166.7
1901 166.7
425 167.7
1216 167.7
1270 167.7
1288 167.7
1404 167.7
1721 167.7
2206 167.7
355 168.7
378 168.7
395 168.7
396 168.7
556 168.7
755 168.7
872 168.7
877 168.7
1169 168.7
1197 168.7
1297 168.7
1537 168.7
1540 168.7
1575 168.7
1667 168.7
1916 168.7
2015 168.7
53 169.7
547 169.7
590 169.7
750 169.7
1097 169.7
1176 169.7
1227 169.7
1242 169.7
1249 169.7
1252 169.7
1258 169.7
1280 169.7
1391 169.7
1399 169.7
1527 169.7
1541 169.7
1574 169.7
1649 169.7
1696 169.7
1895 169.7
2098 169.7
2200 169.7
8 170.7
359 170.7
447 170.7
496 170.7
548 170.7
604 170.7
631 170.7
862 170.7
936 170.7
1117 170.7
1147 170.7
1172 170.7
1206 170.7
1429 170.7
1450 170.7
1507 170.7
1561 170.7
1581 170.7
1628 170.7
1767 170.7
1840 170.7
2093 170.7
2117 170.7
2166 170.7
2207 170.7
2214 170.7
110 171.7
407 171.7
418 171.7
463 171.7
630 171.7
636 171.7
642 171.7
879 171.7
1077 171.7
1110 171.7
1166 171.7
1220 171.7
1276 171.7
1294 171.7
1342 171.7
1363 171.7
1437 171.7
1592 171.7
1763 171.7
1817 171.7
1856 171.7
1995 171.7
2196 171.7
2232 171.7
25 172.7
112 172.7
208 172.7
431 172.7
481 172.7
550 172.7
559 172.7
729 172.7
769 172.7
1190 172.7
1233 172.7
1261 172.7
1272 172.7
1282 172.7
1306 172.7
1307 172.7
1417 172.7
1493 172.7
1550 172.7
1634 172.7
1797 172.7
2120 172.7
2184 172.7
91 173.7
356 173.7
475 173.7
491 173.7
611 173.7
1132 173.7
1167 173.7
1255 173.7
1398 173.7
1416 173.7
1470 173.7
1486 173.7
1500 173.7
1603 173.7
1712 173.7
1848 173.7
2202 173.7
366 174.7
767 174.7
808 174.7
1180 174.7
2139 174.7
71 175.7
90 175.7
363 175.7
601 175.7
608 175.7
756 175.7
1133 175.7
1181 175.7
1319 175.7
1400 175.7
1445 175.7
1460 175.7
1462 175.7
1471 175.7
1753 175.7
2002 175.7
2228 175.7
171 176.7
221 176.7
276 176.7
422 176.7
456 176.7
474 176.7
733 176.7
850 176.7
1101 176.7
1158 176.7
1175 176.7
1358 176.7
1372 176.7
1402 176.7
1476 176.7
1586 176.7
1868 176.7
1964 176.7
1976 176.7
2034 176.7
89 177.7
126 177.7
229 177.7
237 177.7
261 177.7
331 177.7
385 177.7
455 177.7
610 177.7
741 177.7
796 177.7
1041 177.7
1178 177.7
1211 177.7
1222 177.7
1226 177.7
1330 177.7
1341 177.7
1362 177.7
1443 177.7
1452 177.7
1499 177.7
1514 177.7
1526 177.7
1537 177.7
1545 177.7
1578 177.7
1601 177.7
1608 177.7
1862 177.7
2017 177.7
2049 177.7
257 178.7
500 178.7
1201 178.7
1302 178.7
1312 178.7
1407 178.7
1422 178.7
1521 178.7
1568 178.7
1686 178.7
1687 178.7
1720 178.7
1991 178.7
2055 178.7
251 179.7
285 179.7
311 179.7
658 179.7
688 179.7
698 179.7
875 179.7
1166 179.7
1171 179.7
1262 179.7
1274 179.7
1277 179.7
1474 179.7
1522 179.7
2008 179.7
2081 179.7
302 180.7
504 180.7
615 180.7
1197 180.7
1268 180.7
1377 180.7
1487 180.7
1727 180.7
1764 180.7
1999 180.7
2179 180.7
10 181.7
148 181.7
708 181.7
788 181.7
1404 181.7
1423 181.7
1439 181.7
1769 181.7
2031 181.7
112 182.7
259 182.7
409 182.7
579 182.7
1196 182.7
1232 182.7
1292 182.7
1470 182.7
1509 182.7
1592 182.7
1701 182.7
1796 182.7
1860 182.7
1982 182.7
236 183.7
312 183.7
581 183.7
682 183.7
766 183.7
1141 183.7
1182 183.7
1198 183.7
1214 183.7
1236 183.7
1256 183.7
1284 183.7
1343 183.7
1391 183.7
1409 183.7
1420 183.7
1440 183.7
1490 183.7
1493 183.7
1621 183.7
1815 183.7
2026 183.7
2196 183.7
180 184.7
226 184.7
324 184.7
530 184.7
608 184.7
707 184.7
790 184.7
896 184.7
1172 184.7
1253 184.7
1285 184.7
1406 184.7
1416 184.7
1434 184.7
1457 184.7
1473 184.7
1495 184.7
1515 184.7
1529 184.7
1572 184.7
1585 184.7
1600 184.7
1763 184.7
1789 184.7
1882 184.7
1900 184.7
2059 184.7
144 185.7
386 185.7
596 185.7
633 185.7
715 185.7
1248 185.7
1317 185.7
1327 185.7
1363 185.7
1410 185.7
1537 185.7
1557 185.7
1566 185.7
1648 185.7
2038 185.7
2205 185.7
9 186.7
165 186.7
350 186.7
525 186.7
668 186.7
1337 186.7
1461 186.7
1494 186.7
1507 186.7
1513 186.7
1528 186.7
1539 186.7
1578 186.7
1678 186.7
2191 186.7
155 187.7
242 187.7
321 187.7
499 187.7
573 187.7
624 187.7
714 187.7
821 187.7
898 187.7
1334 187.7
1367 187.7
1458 187.7
1624 187.7
1795 187.7
1838 187.7
1941 187.7
2007 187.7
2064 187.7
244 188.7
547 188.7
724 188.7
1145 188.7
1218 188.7
1242 188.7
1272 188.7
1347 188.7
1383 188.7
1438 188.7
1478 188.7
1741 188.7
1858 188.7
2237 188.7
65 189.7
516 189.7
565 189.7
696 189.7
817 189.7
843 189.7
1005 189.7
1160 189.7
1229 189.7
1289 189.7
1331 189.7
1371 189.7
1398 189.7
1403 189.7
1418 189.7
1530 189.7
1577 189.7
1691 189.7
1752 189.7
2230 189.7
1 190.7
53 190.7
76 190.7
219 190.7
262 190.7
322 190.7
517 190.7
607 190.7
770 190.7
854 190.7
1311 190.7
1321 190.7
1322 190.7
1359 190.7
1430 190.7
1469 190.7
1534 190.7
1559 190.7
1634 190.7
1755 190.7
1765 190.7
1970 190.7
1990 190.7
42 191.7
98 191.7
355 191.7
409 191.7
443 191.7
472 191.7
487 191.7
755 191.7
869 191.7
1077 191.7
1227 191.7
1237 191.7
1250 191.7
1262 191.7
1288 191.7
1319 191.7
1364 191.7
1509 191.7
1511 191.7
1527 191.7
1547 191.7
1552 191.7
1564 191.7
1605 191.7
1913 191.7
1929 191.7
2106 191.7
2125 191.7
2153 191.7
54 192.7
82 192.7
274 192.7
851 192.7
874 192.7
1445 192.7
1556 192.7
1636 192.7
1641 192.7
399 193.7
534 193.7
779 193.7
815 193.7
1123 193.7
1213 193.7
1422 193.7
1531 193.7
1727 193.7
1742 193.7
2096 193.7
18 194.7
444 194.7
525 194.7
754 194.7
794 194.7
855 194.7
1435 194.7
1506 194.7
1525 194.7
1627 194.7
1826 194.7
1903 194.7
2013 194.7
2072 194.7
2194 194.7
201 195.7
232 195.7
773 195.7
1333 195.7
1465 195.7
1551 195.7
1600 195.7
2216 195.7
59 196.7
110 196.7
215 196.7
318 196.7
600 196.7
616 196.7
654 196.7
655 196.7
720 196.7
762 196.7
1264 196.7
1346 196.7
1436 196.7
1468 196.7
1722 196.7
1868 196.7
1898 196.7
2107 196.7
177 197.7
639 197.7
747 197.7
772 197.7
774 197.7
780 197.7
1139 197.7
1181 197.7
1223 197.7
1425 197.7
1480 197.7
1485 197.7
1492 197.7
1507 197.7
1557 197.7
1572 197.7
1573 197.7
1611 197.7
1650 197.7
1894 197.7
1996 197.7
2143 197.7
2145 197.7
2162 197.7
2176 197.7
133 198.7
223 198.7
294 198.7
658 198.7
1189 198.7
1222 198.7
1307 198.7
1424 198.7
1428 198.7
1550 198.7
1850 198.7
1867 198.7
2173 198.7
2225 198.7
33 199.7
309 199.7
568 199.7
577 199.7
587 199.7
1228 199.7
1275 199.7
1279 199.7
1618 199.7
1907 199.7
1984 199.7
2221 201
1768 201
612 202
1294 202
1446 202
1444 203
804 204
1574 204
602 205
155 207
546 209
1691 210
1943 210
840 211
1759 211
522 213
198 214
1304 214
310 215
566 215
1436 215
1336 216
376 217
1394 220
1249 221
1584 221
365 222
482 222
1691 222
40 223
663 223
253 224
628 224
1569 225
1689 226
1863 226
449 227
646 228
808 228
1258 228
1463 228
592 230
1125 230
1273 232
1868 232
226 233
665 233
863 233
854 234
1496 234
1918 234
146 235
1728 235
2071 236
284 237
17 239
1671 239
607 240
1699 240
416 241
685 242
2062 244
1337 245
1595 245
2044 246
1237 246
1892 246
1662 249
849 250
2071 250
1527 250
1658 250
121 251
778 251
1136 251
531 252
869 252
1972 252
539 253
1848 254
1914 255
1749 256
760 257
1858 257
811 258
1860 258
2069 259
854 260
79 262
130 262
2219 262
841 263
1358 263
1862 263
1993 263
620 264
799 264
964 264
408 265
1185 267
1202 267
1312 267
749 271
1125 272
2228 273
1652 274
1729 275
658 276
1139 276
1250 276
377 277
473 277
803 277
1195 279
32 280
652 280
1145 280
1197 280
720 282
236 283
269 283
305 284
508 284
1616 284
1760 284
38 285
1651 286
641 287
1300 287
240 288
471 289
1502 289
557 290
2218 290
142 291
161 292
376 292
1662 292
767 293
597 294
1762 294
81 295
1561 298
496 299
1692 300
