106 1
1240 1
1259 1
1294 1
1318 1
1652 1
1169 3
1833 4
397 7
660 7
1877 7
674 8
187 9
1299 9
1794 9
1590 11
1812 11
1825 11
1222 12
507 13
1325 13
1184 14
1597 14
89 15
590 15
652 15
1640 16
169 17
1465 17
313 18
1227 18
1660 18
227 19
721 20
1782 20
166 22
551 22
1247 24
1755 24
116 25
2116 25
1159 25
1922 25
794 26
1175 27
1784 27
462 28
521 29
1581 29
166 31
1934 32
52 33
2042 33
1784 35
456 36
672 36
171 37
2239 37
122 39
783 40
1861 43
1128 44
1513 44
1294 46
220 47
610 47
1146 48
604 49
1657 51
1942 51
680 52
877 52
1209 52
342 53
449 53
2115 53
439 54
668 54
1877 54
1885 54
654 55
1395 55
1919 55
133 56
418 57
677 57
1817 57
1303 58
1383 58
1767 58
176 59
2144 61
1158 61
1160 61
1774 61
336 62
1579 62
527 64
696 64
1505 64
93 65
1200 66
1657 67
1391 68
1224 69
1560 69
1800 69
1878 70
148 71
1419 71
1484 71
503 72
709 73
1494 73
116 75
353 75
723 75
2119 75
1530 75
2235 76
1840 77
2233 78
38 79
1672 79
1845 80
2115 82
1319 82
50 83
345 83
2172 84
107 86
402 86
418 88
1446 88
1505 88
102 89
311 89
1873 89
23 91
206 91
1878 92
101 93
1164 93
1236 93
166 94
1484 94
289 95
2172 97
183 98
1808 99
1512 100
203 100.7
428 100.7
1626 100.7
1777 100.7
2023 100.7
36 101.7
741 101.7
808 101.7
864 101.7
1304 101.7
1359 101.7
1482 101.7
1531 101.7
1588 101.7
1677 101.7
1718 101.7
1752 101.7
1826 101.7
2117 101.7
2234 101.7
136 102.7
186 102.7
211 102.7
382 102.7
730 102.7
914 102.7
1276 102.7
1342 102.7
1351 102.7
1454 102.7
1494 102.7
1501 102.7
1505 102.7
1553 102.7
1849 102.7
1893 102.7
1923 102.7
2018 102.7
2231 102.7
120 103.7
226 103.7
274 103.7
305 103.7
469 103.7
610 103.7
668 103.7
738 103.7
817 103.7
1183 103.7
1208 103.7
1332 103.7
1333 103.7
1352 103.7
1355 103.7
1373 103.7
1396 103.7
1469 103.7
1495 103.7
1573 103.7
1605 103.7
1631 103.7
1730 103.7
1855 103.7
1950 103.7
2003 103.7
2119 103.7
2126 103.7
0 104.7
109 104.7
174 104.7
192 104.7
414 104.7
501 104.7
549 104.7
858 104.7
1137 104.7
1142 104.7
1185 104.7
1197 104.7
1302 104.7
1340 104.7
1365 104.7
1378 104.7
1388 104.7
1394 104.7
1399 104.7
1438 104.7
1509 104.7
1542 104.7
1558 104.7
1587 104.7
1611 104.7
1625 104.7
1650 104.7
1764 104.7
1797 104.7
1891 104.7
1894 104.7
2064 104.7
2159 104.7
78 105.7
85 105.7
131 105.7
231 105.7
308 105.7
339 105.7
400 105.7
576 105.7
720 105.7
811 105.7
1236 105.7
1259 105.7
1301 105.7
1451 105.7
1466 105.7
1580 105.7
1586 105.7
1598 105.7
1710 105.7
1846 105.7
1870 105.7
1902 105.7
1958 105.7
1995 105.7
288 106.7
327 106.7
726 106.7
768 106.7
1579 106.7
1600 106.7
2100 106.7
98 107.7
578 107.7
1006 107.7
1349 107.7
1571 107.7
1572 107.7
1687 107.7
1765 107.7
1792 107.7
1857 107.7
319 108.7
396 108.7
473 108.7
599 108.7
1494 108.7
1511 108.7
1529 108.7
1540 108.7
1562 108.7
1615 108.7
1636 108.7
1643 108.7
1691 108.7
1713 108.7
1733 108.7
1811 108.7
2071 108.7
2107 108.7
306 109.7
503 109.7
570 109.7
635 109.7
847 109.7
880 109.7
986 109.7
1283 109.7
1348 109.7
1621 109.7
1654 109.7
1708 109.7
1758 109.7
1809 109.7
1833 109.7
2211 109.7
76 110.7
250 110.7
345 110.7
391 110.7
402 110.7
459 110.7
642 110.7
693 110.7
752 110.7
829 110.7
1112 110.7
1204 110.7
1242 110.7
1284 110.7
1300 110.7
1313 110.7
1374 110.7
1390 110.7
1433 110.7
1468 110.7
1497 110.7
1500 110.7
1510 110.7
1528 110.7
1536 110.7
1551 110.7
1657 110.7
1690 110.7
1721 110.7
1778 110.7
1853 110.7
1961 110.7
118 111.7
251 111.7
261 111.7
285 111.7
471 111.7
1090 111.7
1278 111.7
1298 111.7
1351 111.7
1358 111.7
1366 111.7
1414 111.7
1462 111.7
1499 111.7
1516 111.7
1526 111.7
1604 111.7
1638 111.7
1646 111.7
1674 111.7
1769 111.7
1810 111.7
1830 111.7
1831 111.7
2096 111.7
372 112.7
451 112.7
597 112.7
1281 112.7
1403 112.7
1416 112.7
1421 112.7
1425 112.7
1445 112.7
1538 112.7
1576 112.7
1594 112.7
1610 112.7
1655 112.7
1667 112.7
1732 112.7
1821 112.7
1840 112.7
1901 112.7
2013 112.7
678 113.7
739 113.7
1129 113.7
1962 113.7
16 114.7
370 114.7
1156 114.7
1193 114.7
1257 114.7
1339 114.7
1527 114.7
1563 114.7
1585 114.7
1619 114.7
1632 114.7
1662 114.7
2227 114.7
2 115.7
129 115.7
487 115.7
1227 115.7
1324 115.7
1386 115.7
1391 115.7
1446 115.7
1508 115.7
1703 115.7
1720 115.7
1775 115.7
1832 115.7
2108 115.7
2230 115.7
399 116.7
406 116.7
465 116.7
498 116.7
572 116.7
783 116.7
794 116.7
1140 116.7
1297 116.7
1318 116.7
1396 116.7
1481 116.7
1502 116.7
1546 116.7
1548 116.7
1590 116.7
1608 116.7
1635 116.7
1659 116.7
1707 116.7
1727 116.7
2060 116.7
2195 116.7
14 117.7
29 117.7
130 117.7
366 117.7
409 117.7
519 117.7
546 117.7
614 117.7
683 117.7
805 117.7
814 117.7
857 117.7
1166 117.7
1248 117.7
1349 117.7
1474 117.7
1496 117.7
1578 117.7
1639 117.7
1658 117.7
1668 117.7
1780 117.7
1789 117.7
1998 117.7
2009 117.7
44 118.7
85 118.7
1141 118.7
1219 118.7
1392 118.7
1465 118.7
1490 118.7
1542 118.7
1560 118.7
1611 118.7
1629 118.7
1663 118.7
1666 118.7
1809 118.7
2010 118.7
2015 118.7
2121 118.7
658 119.7
756 119.7
849 119.7
1320 119.7
1426 119.7
1622 119.7
1681 119.7
1771 119.7
1783 119.7
2018 119.7
2143 119.7
2194 119.7
6 120.7
169 120.7
321 120.7
408 120.7
624 120.7
1138 120.7
1513 120.7
1791 120.7
1827 120.7
1919 120.7
758 121.7
1252 121.7
1363 121.7
1528 121.7
1570 121.7
1684 121.7
1714 121.7
1726 121.7
1957 121.7
1971 121.7
469 122.7
561 122.7
1139 122.7
1333 122.7
1389 122.7
1487 122.7
1689 122.7
1977 122.7
1988 122.7
2066 122.7
67 123.7
325 123.7
400 123.7
448 123.7
514 123.7
650 123.7
699 123.7
700 123.7
869 123.7
1310 123.7
1368 123.7
1408 123.7
1469 123.7
1624 123.7
1730 123.7
1876 123.7
1945 123.7
2001 123.7
2136 123.7
16 124.7
362 124.7
363 124.7
437 124.7
458 124.7
565 124.7
711 124.7
755 124.7
974 124.7
1263 124.7
1264 124.7
1268 124.7
1336 124.7
1342 124.7
1545 124.7
1582 124.7
1705 124.7
1724 124.7
1732 124.7
1738 124.7
1936 124.7
2111 124.7
2182 124.7
186 125.7
211 125.7
337 125.7
539 125.7
665 125.7
715 125.7
861 125.7
925 125.7
1258 125.7
1344 125.7
1437 125.7
1468 125.7
1495 125.7
1536 125.7
1549 125.7
1588 125.7
1597 125.7
1654 125.7
1750 125.7
1828 125.7
1839 125.7
1891 125.7
123 126.7
242 126.7
464 126.7
657 126.7
719 126.7
1230 126.7
1298 126.7
1592 126.7
1604 126.7
1607 126.7
1620 126.7
1710 126.7
1824 126.7
1844 126.7
1858 126.7
217 127.7
548 127.7
649 127.7
939 127.7
1156 127.7
1467 127.7
1674 127.7
1835 127.7
158 128.7
297 128.7
422 128.7
968 128.7
1160 128.7
1271 128.7
1330 128.7
1381 128.7
1505 128.7
1547 128.7
1722 128.7
1741 128.7
1751 128.7
1799 128.7
1812 128.7
2006 128.7
15 129.7
62 129.7
73 129.7
172 129.7
243 129.7
601 129.7
644 129.7
831 129.7
1207 129.7
1343 129.7
1380 129.7
1514 129.7
1533 129.7
1596 129.7
1622 129.7
1716 129.7
1760 129.7
94 130.7
125 130.7
167 130.7
264 130.7
349 130.7
460 130.7
771 130.7
809 130.7
863 130.7
867 130.7
1202 130.7
1214 130.7
1255 130.7
1270 130.7
1331 130.7
1498 130.7
1571 130.7
1589 130.7
1619 130.7
1635 130.7
1698 130.7
1834 130.7
1909 130.7
2034 130.7
2053 130.7
2115 130.7
2194 130.7
2198 130.7
18 131.7
60 131.7
140 131.7
324 131.7
390 131.7
397 131.7
595 131.7
609 131.7
812 131.7
1175 131.7
1303 131.7
1401 131.7
1459 131.7
1560 131.7
1610 131.7
1633 131.7
1649 131.7
1683 131.7
1778 131.7
1842 131.7
1965 131.7
2108 131.7
230 132.7
457 132.7
862 132.7
1200 132.7
1504 132.7
1518 132.7
1581 132.7
1612 132.7
1699 132.7
1744 132.7
1782 132.7
1831 132.7
1856 132.7
1861 132.7
1970 132.7
1977 132.7
11 133.7
111 133.7
488 133.7
612 133.7
788 133.7
875 133.7
1435 133.7
1665 133.7
1753 133.7
1797 133.7
1809 133.7
1839 133.7
1893 133.7
1963 133.7
2112 133.7
661 134.7
792 134.7
1164 134.7
1184 134.7
1534 134.7
1696 134.7
1725 134.7
1817 134.7
1923 134.7
2176 134.7
1193 135.7
1423 135.7
1762 135.7
1771 135.7
1882 135.7
1944 135.7
1991 135.7
2009 135.7
2215 135.7
218 136.7
249 136.7
266 136.7
583 136.7
634 136.7
926 136.7
1313 136.7
1336 136.7
1602 136.7
1636 136.7
1658 136.7
1752 136.7
1760 136.7
1823 136.7
1827 136.7
1871 136.7
1928 136.7
1982 136.7
2208 136.7
55 137.7
387 137.7
391 137.7
503 137.7
551 137.7
603 137.7
705 137.7
717 137.7
1131 137.7
1135 137.7
1144 137.7
1312 137.7
1328 137.7
1374 137.7
1532 137.7
1583 137.7
1586 137.7
1627 137.7
1648 137.7
1651 137.7
1687 137.7
1758 137.7
1761 137.7
1836 137.7
1865 137.7
1874 137.7
1891 137.7
1959 137.7
213 138.7
486 138.7
779 138.7
789 138.7
852 138.7
1311 138.7
1643 138.7
1698 138.7
1703 138.7
1731 138.7
1740 138.7
1745 138.7
1847 138.7
1866 138.7
1953 138.7
1987 138.7
2050 138.7
2100 138.7
139 139.7
686 139.7
848 139.7
1198 139.7
1244 139.7
1566 139.7
1591 139.7
1692 139.7
1694 139.7
1714 139.7
1723 139.7
1766 139.7
1783 139.7
1810 139.7
1930 139.7
2047 139.7
178 140.7
310 140.7
519 140.7
1207 140.7
1515 140.7
1690 140.7
1853 140.7
2108 140.7
240 141.7
396 141.7
657 141.7
1392 141.7
1595 141.7
1774 141.7
2204 141.7
138 142.7
334 142.7
376 142.7
403 142.7
544 142.7
783 142.7
1049 142.7
1154 142.7
1218 142.7
1342 142.7
1372 142.7
1659 142.7
1818 142.7
1872 142.7
13 143.7
140 143.7
181 143.7
202 143.7
219 143.7
225 143.7
737 143.7
773 143.7
827 143.7
1126 143.7
1149 143.7
1268 143.7
1393 143.7
1437 143.7
1503 143.7
1597 143.7
1600 143.7
1792 143.7
1794 143.7
1821 143.7
1870 143.7
1906 143.7
2011 143.7
2183 143.7
7 144.7
13 144.7
69 144.7
123 144.7
242 144.7
297 144.7
349 144.7
443 144.7
514 144.7
763 144.7
838 144.7
1083 144.7
1246 144.7
1331 144.7
1382 144.7
1475 144.7
1501 144.7
1726 144.7
1744 144.7
1746 144.7
1797 144.7
1808 144.7
1816 144.7
1972 144.7
2001 144.7
2129 144.7
64 145.7
77 145.7
625 145.7
646 145.7
779 145.7
829 145.7
1351 145.7
1472 145.7
1676 145.7
1699 145.7
1770 145.7
1785 145.7
1828 145.7
1843 145.7
1875 145.7
1876 145.7
1899 145.7
2165 145.7
2207 145.7
8 146.7
81 146.7
160 146.7
854 146.7
1285 146.7
1601 146.7
1682 146.7
1732 146.7
1755 146.7
1897 146.7
280 147.7
859 147.7
1355 147.7
1545 147.7
1689 147.7
1729 147.7
1925 147.7
1946 147.7
1984 147.7
2214 147.7
6 148.7
439 148.7
535 148.7
618 148.7
1123 148.7
1148 148.7
1652 148.7
1801 148.7
1815 148.7
1979 148.7
2083 148.7
130 149.7
149 149.7
471 149.7
521 149.7
593 149.7
603 149.7
604 149.7
778 149.7
1399 149.7
1535 149.7
1725 149.7
1744 149.7
1797 149.7
1837 149.7
1849 149.7
1967 149.7
2097 149.7
23 150.7
84 150.7
320 150.7
350 150.7
352 150.7
393 150.7
482 150.7
601 150.7
834 150.7
836 150.7
879 150.7
1276 150.7
1359 150.7
1368 150.7
1408 150.7
1451 150.7
1458 150.7
1492 150.7
1575 150.7
1598 150.7
1697 150.7
1728 150.7
1767 150.7
1769 150.7
1782 150.7
1800 150.7
1839 150.7
1857 150.7
1933 150.7
2038 150.7
2192 150.7
2201 150.7
14 151.7
183 151.7
416 151.7
506 151.7
532 151.7
683 151.7
717 151.7
759 151.7
929 151.7
1360 151.7
1628 151.7
1648 151.7
1665 151.7
1713 151.7
1757 151.7
1764 151.7
1893 151.7
1923 151.7
1939 151.7
1995 151.7
2004 151.7
2144 151.7
2161 151.7
2196 151.7
102 152.7
106 152.7
238 152.7
250 152.7
275 152.7
378 152.7
463 152.7
537 152.7
584 152.7
628 152.7
676 152.7
693 152.7
751 152.7
1122 152.7
1470 152.7
1521 152.7
1675 152.7
1799 152.7
1871 152.7
1920 152.7
1944 152.7
1947 152.7
65 153.7
401 153.7
606 153.7
1398 153.7
1444 153.7
1584 153.7
1810 153.7
1878 153.7
2224 153.7
209 154.7
457 154.7
723 154.7
1292 154.7
1374 154.7
1620 154.7
1874 154.7
1896 154.7
2041 154.7
10 155.7
387 155.7
643 155.7
1142 155.7
1225 155.7
1424 155.7
1437 155.7
1706 155.7
1758 155.7
1805 155.7
206 156.7
297 156.7
411 156.7
489 156.7
1170 156.7
1209 156.7
1421 156.7
1564 156.7
1627 156.7
1727 156.7
1801 156.7
1833 156.7
1840 156.7
2044 156.7
2079 156.7
2084 156.7
2149 156.7
2229 156.7
2239 156.7
16 157.7
89 157.7
131 157.7
144 157.7
148 157.7
159 157.7
226 157.7
475 157.7
481 157.7
637 157.7
698 157.7
832 157.7
837 157.7
1200 157.7
1267 157.7
1285 157.7
1306 157.7
1372 157.7
1559 157.7
1655 157.7
1661 157.7
1769 157.7
1790 157.7
1880 157.7
1892 157.7
1916 157.7
1919 157.7
1958 157.7
2146 157.7
2179 157.7
53 158.7
86 158.7
205 158.7
269 158.7
838 158.7
1125 158.7
1135 158.7
1249 158.7
1302 158.7
1373 158.7
1483 158.7
1561 158.7
1750 158.7
1894 158.7
1940 158.7
1991 158.7
2197 158.7
19 159.7
320 159.7
356 159.7
380 159.7
453 159.7
500 159.7
557 159.7
641 159.7
677 159.7
1186 159.7
1233 159.7
1250 159.7
1255 159.7
1362 159.7
1676 159.7
1677 159.7
1698 159.7
1716 159.7
1718 159.7
1784 159.7
1806 159.7
1807 159.7
1908 159.7
1954 159.7
1978 159.7
1979 159.7
29 160.7
296 160.7
732 160.7
1169 160.7
1261 160.7
1476 160.7
1809 160.7
1865 160.7
1913 160.7
305 161.7
762 161.7
1181 161.7
1966 161.7
2208 161.7
18 162.7
276 162.7
473 162.7
492 162.7
816 162.7
1151 162.7
1489 162.7
1572 162.7
1701 162.7
1813 162.7
1820 162.7
1897 162.7
1978 162.7
43 163.7
49 163.7
51 163.7
68 163.7
149 163.7
195 163.7
221 163.7
323 163.7
430 163.7
1149 163.7
1441 163.7
1531 163.7
1545 163.7
1635 163.7
1731 163.7
1756 163.7
1759 163.7
1760 163.7
1903 163.7
1938 163.7
1976 163.7
1977 163.7
2057 163.7
2198 163.7
232 164.7
306 164.7
493 164.7
526 164.7
637 164.7
713 164.7
723 164.7
771 164.7
858 164.7
862 164.7
1619 164.7
1630 164.7
1674 164.7
1745 164.7
1829 164.7
1839 164.7
1983 164.7
2168 164.7
45 165.7
66 165.7
285 165.7
536 165.7
801 165.7
1266 165.7
1302 165.7
1345 165.7
1450 165.7
1540 165.7
1615 165.7
1628 165.7
1737 165.7
1851 165.7
1896 165.7
1902 165.7
1905 165.7
17 166.7
99 166.7
568 166.7
667 166.7
691 166.7
1213 166.7
1360 166.7
1416 166.7
1588 166.7
1612 166.7
1778 166.7
1961 166.7
2104 166.7
2184 166.7
168 167.7
453 167.7
857 167.7
1592 167.7
1773 167.7
1911 167.7
1982 167.7
2111 167.7
2130 167.7
14 168.7
501 168.7
1245 168.7
1272 168.7
1761 168.7
1780 168.7
2147 168.7
2165 168.7
146 169.7
334 169.7
363 169.7
654 169.7
1130 169.7
1355 169.7
1723 169.7
1805 169.7
1811 169.7
1814 169.7
1912 169.7
1944 169.7
2226 169.7
22 170.7
108 170.7
135 170.7
165 170.7
781 170.7
1298 170.7
1342 170.7
1438 170.7
1492 170.7
1522 170.7
1530 170.7
1582 170.7
1688 170.7
1770 170.7
1798 170.7
1835 170.7
1887 170.7
1900 170.7
1990 170.7
2086 170.7
2129 170.7
2156 170.7
28 171.7
65 171.7
209 171.7
380 171.7
411 171.7
446 171.7
506 171.7
624 171.7
649 171.7
723 171.7
811 171.7
863 171.7
988 171.7
1049 171.7
1143 171.7
1239 171.7
1306 171.7
1327 171.7
1461 171.7
1645 171.7
1669 171.7
1765 171.7
1784 171.7
1788 171.7
1819 171.7
1832 171.7
1943 171.7
1945 171.7
2024 171.7
8 172.7
48 172.7
107 172.7
119 172.7
539 172.7
737 172.7
748 172.7
852 172.7
1250 172.7
1429 172.7
1512 172.7
1719 172.7
1756 172.7
1769 172.7
1772 172.7
1935 172.7
1954 172.7
1978 172.7
1985 172.7
2137 172.7
2185 172.7
235 173.7
697 173.7
711 173.7
858 173.7
873 173.7
1426 173.7
1681 173.7
1821 173.7
1962 173.7
1988 173.7
1989 173.7
60 174.7
123 174.7
1525 174.7
1605 174.7
1883 174.7
1938 174.7
2090 174.7
11 175.7
23 175.7
89 175.7
132 175.7
461 175.7
525 175.7
566 175.7
577 175.7
1618 175.7
1675 175.7
1766 175.7
1869 175.7
2082 175.7
2224 175.7
12 176.7
78 176.7
135 176.7
147 176.7
405 176.7
455 176.7
793 176.7
1082 176.7
1193 176.7
1228 176.7
1257 176.7
1558 176.7
1635 176.7
1680 176.7
1789 176.7
1830 176.7
1904 176.7
1911 176.7
2035 176.7
2103 176.7
2132 176.7
26 177.7
97 177.7
120 177.7
168 177.7
179 177.7
201 177.7
318 177.7
341 177.7
450 177.7
546 177.7
605 177.7
800 177.7
1479 177.7
1670 177.7
1742 177.7
1788 177.7
1864 177.7
1876 177.7
1890 177.7
1892 177.7
1956 177.7
1987 177.7
109 178.7
213 178.7
444 178.7
708 178.7
835 178.7
1083 178.7
1160 178.7
1197 178.7
1245 178.7
1334 178.7
1441 178.7
1503 178.7
1751 178.7
1858 178.7
1940 178.7
2043 178.7
2141 178.7
47 179.7
233 179.7
485 179.7
821 179.7
831 179.7
1259 179.7
1430 179.7
1489 179.7
1602 179.7
1860 179.7
1867 179.7
132 180.7
232 180.7
338 180.7
550 180.7
1156 180.7
1279 180.7
1293 180.7
1516 180.7
1765 180.7
1902 180.7
2097 180.7
193 181.7
247 181.7
289 181.7
317 181.7
489 181.7
558 181.7
1150 181.7
1348 181.7
1846 181.7
1991 181.7
1994 181.7
2111 181.7
2157 181.7
2204 181.7
45 182.7
53 182.7
159 182.7
576 182.7
644 182.7
860 182.7
1560 182.7
1720 182.7
1799 182.7
1804 182.7
1912 182.7
1972 182.7
1988 182.7
27 183.7
50 183.7
116 183.7
205 183.7
497 183.7
676 183.7
739 183.7
775 183.7
1437 183.7
1555 183.7
1728 183.7
1735 183.7
1814 183.7
1822 183.7
1942 183.7
1953 183.7
2008 183.7
2048 183.7
2069 183.7
2106 183.7
2117 183.7
2177 183.7
2211 183.7
8 184.7
10 184.7
25 184.7
38 184.7
118 184.7
136 184.7
204 184.7
327 184.7
379 184.7
512 184.7
838 184.7
846 184.7
1135 184.7
1197 184.7
1233 184.7
1581 184.7
1722 184.7
1730 184.7
1753 184.7
1801 184.7
1839 184.7
1883 184.7
1906 184.7
2058 184.7
154 185.7
221 185.7
275 185.7
458 185.7
610 185.7
875 185.7
983 185.7
1290 185.7
1461 185.7
1663 185.7
1664 185.7
1669 185.7
1766 185.7
1963 185.7
1997 185.7
2005 185.7
39 186.7
73 186.7
79 186.7
222 186.7
339 186.7
344 186.7
432 186.7
598 186.7
709 186.7
1188 186.7
1258 186.7
1306 186.7
1358 186.7
1521 186.7
1552 186.7
1706 186.7
1855 186.7
1938 186.7
1969 186.7
75 187.7
609 187.7
845 187.7
848 187.7
854 187.7
1588 187.7
2225 187.7
30 188.7
120 188.7
182 188.7
259 188.7
382 188.7
391 188.7
697 188.7
1371 188.7
1905 188.7
1911 188.7
2222 188.7
41 189.7
86 189.7
228 189.7
416 189.7
420 189.7
798 189.7
1313 189.7
1524 189.7
28 190.7
32 190.7
114 190.7
130 190.7
181 190.7
334 190.7
467 190.7
612 190.7
712 190.7
824 190.7
977 190.7
1401 190.7
1408 190.7
1459 190.7
1480 190.7
1525 190.7
1716 190.7
1733 190.7
1779 190.7
1808 190.7
1823 190.7
1854 190.7
1871 190.7
1873 190.7
1950 190.7
1967 190.7
1979 190.7
2194 190.7
31 191.7
55 191.7
62 191.7
359 191.7
493 191.7
794 191.7
816 191.7
903 191.7
1486 191.7
1502 191.7
1554 191.7
1590 191.7
1631 191.7
1745 191.7
1812 191.7
1840 191.7
1900 191.7
1903 191.7
1908 191.7
1927 191.7
1961 191.7
1962 191.7
1998 191.7
2056 191.7
2100 191.7
2126 191.7
21 192.7
72 192.7
141 192.7
347 192.7
408 192.7
483 192.7
580 192.7
698 192.7
835 192.7
866 192.7
948 192.7
1040 192.7
1404 192.7
1829 192.7
1836 192.7
1862 192.7
1921 192.7
1955 192.7
1968 192.7
1976 192.7
2152 192.7
2224 192.7
129 193.7
202 193.7
561 193.7
1133 193.7
1276 193.7
1767 193.7
1822 193.7
1960 193.7
1981 193.7
117 194.7
164 194.7
254 194.7
440 194.7
775 194.7
811 194.7
844 194.7
1275 194.7
1904 194.7
1912 194.7
2102 194.7
78 195.7
155 195.7
168 195.7
235 195.7
237 195.7
521 195.7
719 195.7
1048 195.7
1374 195.7
1801 195.7
1869 195.7
1963 195.7
74 196.7
84 196.7
106 196.7
150 196.7
176 196.7
384 196.7
677 196.7
1167 196.7
1207 196.7
1549 196.7
1626 196.7
1643 196.7
1874 196.7
1877 196.7
2140 196.7
38 197.7
51 197.7
59 197.7
109 197.7
167 197.7
223 197.7
233 197.7
249 197.7
294 197.7
315 197.7
360 197.7
394 197.7
614 197.7
723 197.7
743 197.7
1217 197.7
1459 197.7
1762 197.7
1858 197.7
1909 197.7
1980 197.7
2057 197.7
2144 197.7
2171 197.7
83 198.7
98 198.7
119 198.7
253 198.7
268 198.7
499 198.7
850 198.7
990 198.7
1199 198.7
1303 198.7
1392 198.7
1520 198.7
1658 198.7
1712 198.7
1715 198.7
1841 198.7
1933 198.7
1970 198.7
1983 198.7
2070 198.7
2097 198.7
2114 198.7
2205 198.7
21 199.7
139 199.7
149 199.7
152 199.7
207 199.7
274 199.7
773 199.7
1171 199.7
1495 199.7
1547 199.7
1570 199.7
1711 199.7
1795 199.7
1806 199.7
1079 201
1786 202
1901 203
311 207
1385 207
1613 208
83 209
345 209
1205 209
233 210
1285 210
619 211
1411 211
1657 211
1955 211
1824 212
283 213
427 213
516 213
692 213
1829 213
847 214
178 215
50 216
201 217
2123 217
1869 217
1932 217
155 218
471 218
777 218
116 219
1420 219
1204 220
507 221
1208 221
426 223
1964 224
289 225
479 225
431 226
495 227
756 227
920 227
450 228
1903 228
852 229
1458 229
132 231
528 232
1400 232
206 233
779 233
875 233
690 235
2235 235
637 237
1758 237
1849 238
2129 239
1402 239
1445 241
841 243
2066 243
1516 243
246 244
1129 246
1895 246
596 247
1721 247
1777 247
1961 247
204 249
859 250
1369 250
481 251
1177 251
1248 251
777 252
238 253
1388 254
1181 255
1496 255
1638 255
1144 256
1368 257
1405 257
1626 257
1644 257
1482 258
2149 259
1665 260
116 261
2063 261
273 262
875 262
2183 262
535 263
1027 263
212 265
2004 265
1125 265
27 266
2021 266
2092 266
1257 266
1831 266
1772 267
1776 267
2239 269
839 270
2159 272
362 273
1774 274
686 275
1735 275
1969 275
45 276
696 278
1579 278
315 279
244 280
1181 280
1702 281
1751 281
570 282
679 282
1641 282
1746 282
2190 283
792 285
1801 285
597 286
2229 286
1630 287
625 288
827 288
832 288
1588 288
871 290
1984 290
1562 292
1335 293
1760 293
316 295
1719 295
1875 295
558 296
1437 296
2015 297
582 298
455 300
1371 300
