108 1
58 2
180 3
143 4
152 4
171 5
16 6
190 7
29 8
47 8
13 11
9 12
159 13
180 13
23 13
77 14
165 16
57 16
63 16
171 17
52 17
85 18
20 18
51 18
71 18
150 20
96 21
191 21
35 21
1 22
62 22
67 23
153 24
142 26
64 26
32 27
48 27
28 28
85 29
96 29
163 29
120 30
39 32
74 32
26 33
18 34
125 35
139 36
177 36
46 36
57 36
24 37
82 38
148 38
84 39
159 39
64 39
196 42
14 43
32 43
76 43
150 44
125 45
39 45
166 47
60 47
122 48
88 50
70 50
61 51
167 53
46 53
131 54
12 54
10 55
64 55
110 56
26 57
27 57
43 57
70 57
181 58
40 59
96 60
3 61
86 63
78 63
27 65
33 68
46 69
101 70
42 70
92 71
20 72
9 73
67 75
186 77
1 77
122 78
7 79
103 80
13 80
44 81
143 82
4 85
55 85
116 86
119 86
81 90
125 91
100 93
79 93
184 94
109 95
112 96
192 96
36 96
62 96
138 97
113 98
28 98
88 99
186 99
7 99
48 99
52 99
143 100
181 100
188 100
189 100
117 101
128 101
172 101
27 101
41 101
60 101
91 102
134 102
21 102
39 102
42 102
64 102
67 102
175 103
196 103
29 103
46 103
50 103
56 103
187 104
14 104
45 104
109 105
142 105
145 105
160 105
170 105
183 105
44 105
76 105
96 106
121 106
163 106
194 106
7 106
61 106
79 106
87 107
57 107
107 108
120 108
132 108
169 108
3 108
37 108
47 108
51 109
193 110
9 110
39 110
69 110
70 110
71 111
117 112
170 112
171 112
198 112
18 112
31 112
113 113
137 113
101 114
111 114
130 114
158 114
197 114
12 114
14 114
15 114
17 114
19 114
40 114
41 114
50 114
52 114
59 114
74 114
79 114
81 115
92 115
95 115
110 115
119 115
121 115
133 115
61 115
64 115
97 116
66 116
39 117
73 117
193 118
20 118
135 119
145 119
151 119
13 119
16 119
25 119
29 119
30 119
122 120
139 120
143 120
182 120
2 120
29 120
54 120
58 120
69 120
76 120
82 121
120 121
149 121
196 121
21 121
26 121
35 121
190 122
195 122
61 122
71 122
75 122
9 123
33 123
46 123
168 124
50 124
179 125
74 125
85 126
126 126
5 126
12 126
77 126
92 127
101 127
120 127
162 127
194 127
1 127
10 127
18 127
62 127
70 127
87 128
90 128
182 128
4 128
17 128
32 128
48 128
60 128
67 128
82 129
186 129
8 129
41 129
116 130
173 130
35 130
56 130
150 131
7 131
9 131
45 131
71 131
72 131
108 132
153 132
139 133
31 133
38 133
39 133
49 133
76 133
144 134
163 134
193 134
198 134
6 134
40 134
44 134
55 134
79 134
85 135
101 135
143 135
15 135
30 135
36 135
59 135
65 135
93 136
109 136
137 136
53 136
19 137
25 137
96 138
161 138
52 138
61 138
102 139
151 139
188 139
16 139
54 139
89 140
132 140
136 140
155 140
173 140
180 140
27 140
28 140
92 141
101 141
124 141
167 141
171 141
189 141
190 141
197 141
5 141
20 141
57 141
169 142
81 143
106 143
128 143
164 143
0 143
2 143
22 143
122 145
170 145
17 145
32 145
51 145
194 146
70 146
13 147
69 147
129 148
130 148
27 148
39 148
45 148
48 148
53 148
71 148
77 148
97 149
102 149
108 149
157 149
10 149
114 150
3 150
155 151
197 151
84 152
119 152
163 152
179 152
186 152
12 152
42 152
75 152
162 153
5 153
184 154
0 154
20 154
76 154
146 155
164 155
1 155
27 155
32 155
43 155
67 155
100 156
115 156
86 157
73 157
92 158
180 158
191 158
26 158
55 158
70 158
78 158
192 159
6 159
18 159
47 159
93 160
171 160
173 160
183 160
74 160
91 161
132 161
151 161
190 161
196 161
2 161
11 161
30 161
56 161
65 161
182 162
4 162
29 162
31 162
36 162
165 163
59 163
145 164
23 164
79 164
161 165
98 166
120 166
177 166
5 166
12 166
14 166
25 166
49 166
51 166
88 167
95 167
121 167
135 167
174 167
192 167
16 167
17 167
32 167
37 167
70 167
75 167
104 168
122 168
124 168
126 168
132 168
136 168
139 168
159 168
35 168
40 168
49 168
73 168
111 169
19 169
28 169
43 169
65 169
151 170
157 170
31 170
169 171
114 172
183 172
2 172
93 173
94 173
112 173
165 173
198 173
3 173
6 173
26 173
69 173
86 174
110 174
156 174
186 174
9 174
44 174
60 174
61 174
107 175
168 175
190 175
1 175
20 175
27 175
29 175
39 175
50 175
138 176
158 176
12 176
38 176
51 176
125 177
91 178
10 178
21 178
110 179
147 179
28 179
140 180
155 180
30 180
163 181
171 181
188 181
17 181
26 181
43 181
46 181
49 181
62 181
146 182
6 182
15 182
16 182
35 182
57 182
65 182
77 182
190 183
11 183
38 184
70 184
100 185
123 185
143 186
177 186
33 186
44 186
68 186
141 187
157 187
166 187
179 187
9 187
50 187
76 187
89 188
142 188
172 188
193 188
0 188
30 188
72 188
120 189
6 189
126 190
156 190
52 190
56 190
69 190
22 191
188 192
18 192
66 192
10 193
13 193
23 193
62 193
119 194
147 194
183 194
185 194
198 194
0 194
4 194
14 194
17 194
47 194
49 194
64 194
176 195
195 195
34 195
77 195
60 196
89 197
102 197
124 197
20 197
67 198
190 199
193 199
19 199
58 199
138 200
181 200
33 200
36 200
196 201
6 201
19 203
72 203
80 204
65 204
68 205
75 205
48 206
69 206
74 206
18 207
36 209
100 210
40 211
46 211
191 212
199 212
22 212
158 213
29 214
69 218
112 220
10 220
27 221
70 222
71 222
20 223
118 224
191 224
23 224
46 225
59 225
75 225
37 227
116 228
88 229
103 230
166 230
168 230
15 230
50 230
65 230
106 231
29 231
52 231
73 231
113 233
104 234
58 234
186 236
41 236
50 238
42 239
9 240
32 240
147 241
14 241
16 242
17 242
26 242
178 244
70 244
188 246
36 247
33 248
46 248
21 249
182 250
34 251
50 251
77 252
54 254
88 255
187 255
11 255
56 255
49 256
60 256
19 257
20 257
86 258
176 258
73 258
183 261
198 262
16 262
0 263
51 264
119 266
193 266
39 266
64 267
4 268
14 268
47 268
159 271
162 271
24 271
45 271
132 273
186 274
173 276
185 279
111 280
39 280
152 281
169 282
199 282
61 282
75 283
91 284
23 285
77 285
33 287
35 288
66 288
92 289
34 289
76 289
183 290
86 291
147 291
37 291
48 293
64 293
114 294
131 294
33 294
143 296
24 296
21 297
120 298
170 299
14 300
66 300
