153 1
157 1
21 3
108 4
16 4
20 5
23 5
94 6
160 6
189 6
18 6
73 6
71 7
113 10
198 10
84 11
137 12
12 13
108 14
154 14
18 14
66 15
123 18
65 19
77 19
100 21
140 21
110 22
178 22
44 24
53 24
148 25
8 25
13 25
46 26
38 27
126 28
78 28
11 29
61 31
24 32
44 34
158 35
165 36
3 36
164 37
187 37
108 38
2 38
133 39
61 39
174 40
177 40
74 41
156 43
31 45
140 47
77 47
26 48
51 48
78 48
2 50
72 51
29 52
59 52
143 53
162 53
18 56
63 56
150 57
37 59
38 59
105 61
6 61
84 62
28 62
152 63
33 63
169 64
30 64
41 69
65 69
160 70
35 70
151 71
23 72
27 73
95 76
70 76
13 77
22 77
59 77
92 78
28 78
33 78
71 78
147 79
11 79
118 80
155 80
93 82
124 85
149 85
34 85
53 87
146 88
80 89
140 89
4 89
30 89
119 91
76 91
72 93
73 93
165 94
28 96
1 99
6 99
46 100
167 100.7
168 100.7
180 100.7
4 100.7
54 100.7
67 100.7
72 100.7
81 101.7
184 101.7
198 101.7
49 101.7
62 101.7
78 101.7
192 102.7
47 102.7
64 102.7
69 102.7
134 103.7
33 103.7
93 104.7
190 104.7
14 105.7
18 105.7
30 105.7
83 106.7
99 106.7
108 106.7
147 106.7
185 106.7
6 106.7
12 106.7
17 106.7
28 106.7
32 106.7
42 106.7
70 106.7
96 107.7
152 107.7
23 107.7
25 107.7
48 107.7
63 107.7
116 108.7
165 108.7
182 108.7
36 108.7
41 108.7
47 108.7
55 108.7
57 108.7
179 109.7
66 109.7
8 110.7
9 110.7
91 111.7
115 111.7
119 111.7
4 111.7
46 111.7
130 112.7
133 112.7
171 112.7
6 112.7
78 112.7
92 113.7
104 113.7
107 113.7
125 113.7
13 113.7
21 113.7
35 113.7
44 113.7
50 113.7
82 114.7
98 114.7
122 114.7
9 114.7
24 114.7
62 114.7
77 114.7
136 115.7
150 115.7
178 115.7
17 115.7
53 115.7
76 115.7
145 116.7
72 116.7
127 117.7
5 117.7
10 117.7
29 118.7
140 119.7
149 119.7
3 119.7
26 119.7
58 119.7
60 119.7
99 120.7
168 120.7
4 120.7
15 120.7
63 120.7
64 120.7
113 121.7
173 121.7
196 121.7
6 121.7
43 121.7
66 121.7
73 121.7
83 122.7
95 122.7
159 122.7
169 122.7
198 122.7
21 122.7
69 122.7
52 123.7
54 123.7
61 123.7
101 124.7
135 124.7
163 124.7
16 124.7
33 125.7
40 125.7
77 125.7
152 126.7
9 126.7
74 126.7
133 127.7
151 127.7
161 127.7
165 127.7
14 127.7
50 127.7
117 128.7
148 128.7
13 128.7
32 128.7
49 128.7
59 128.7
162 129.7
188 129.7
25 129.7
67 129.7
71 129.7
43 130.7
46 130.7
101 131.7
103 131.7
4 131.7
41 131.7
69 131.7
102 132.7
22 132.7
62 132.7
73 132.7
88 133.7
0 133.7
10 133.7
23 133.7
26 133.7
56 133.7
74 133.7
79 133.7
85 134.7
105 134.7
110 134.7
7 134.7
19 134.7
36 134.7
163 135.7
194 135.7
75 135.7
121 136.7
123 136.7
131 136.7
199 136.7
24 136.7
27 136.7
31 136.7
140 137.7
9 137.7
16 137.7
20 137.7
125 138.7
45 138.7
57 138.7
64 138.7
192 139.7
30 139.7
78 139.7
197 140.7
25 140.7
44 140.7
51 140.7
66 140.7
69 140.7
81 141.7
132 141.7
184 141.7
59 141.7
87 142.7
118 142.7
115 143.7
0 143.7
23 143.7
73 143.7
120 144.7
129 144.7
175 144.7
6 144.7
8 144.7
41 144.7
137 145.7
153 145.7
185 145.7
52 145.7
74 145.7
85 146.7
178 146.7
10 146.7
80 147.7
163 147.7
177 147.7
181 147.7
13 147.7
65 147.7
109 148.7
121 148.7
154 148.7
29 148.7
86 149.7
3 149.7
106 150.7
22 151.7
49 151.7
9 152.7
17 152.7
47 152.7
87 153.7
111 153.7
197 153.7
11 153.7
33 153.7
57 153.7
78 153.7
99 154.7
104 154.7
13 154.7
16 154.7
18 154.7
53 154.7
61 154.7
102 155.7
148 155.7
184 155.7
190 155.7
193 155.7
34 155.7
102 156.7
159 156.7
27 156.7
66 156.7
112 157.7
156 157.7
182 157.7
187 157.7
23 157.7
67 157.7
107 158.7
30 158.7
64 158.7
85 159.7
119 159.7
163 159.7
168 159.7
14 159.7
43 159.7
62 159.7
106 160.7
114 160.7
135 160.7
142 160.7
164 160.7
185 160.7
26 160.7
63 160.7
77 160.7
122 161.7
155 161.7
195 161.7
1 161.7
3 161.7
25 161.7
37 161.7
38 161.7
42 161.7
56 161.7
118 162.7
29 162.7
49 162.7
99 163.7
39 163.7
90 164.7
120 164.7
10 164.7
83 165.7
96 165.7
143 165.7
73 165.7
108 166.7
147 166.7
173 166.7
75 166.7
114 167.7
139 167.7
199 167.7
4 167.7
30 167.7
72 167.7
88 168.7
95 168.7
9 168.7
46 168.7
56 168.7
61 168.7
85 169.7
163 169.7
19 169.7
67 169.7
73 169.7
0 170.7
32 170.7
80 171.7
11 171.7
43 171.7
157 172.7
25 172.7
39 172.7
64 172.7
65 172.7
104 173.7
113 173.7
2 173.7
15 173.7
16 173.7
62 173.7
98 174.7
126 174.7
140 174.7
150 174.7
48 174.7
49 174.7
58 174.7
66 174.7
74 174.7
147 175.7
194 175.7
1 175.7
6 175.7
17 175.7
31 175.7
40 175.7
41 175.7
63 175.7
159 176.7
172 176.7
70 176.7
84 177.7
102 177.7
4 178.7
108 179.7
146 179.7
151 179.7
168 179.7
5 179.7
7 179.7
9 179.7
34 179.7
57 179.7
92 180.7
164 180.7
175 180.7
11 180.7
28 180.7
33 180.7
36 180.7
40 180.7
128 181.7
14 181.7
67 181.7
90 182.7
153 182.7
18 182.7
45 182.7
143 183.7
2 183.7
10 183.7
39 183.7
68 183.7
83 184.7
122 184.7
131 184.7
191 184.7
46 184.7
89 185.7
150 185.7
103 186.7
145 186.7
3 186.7
15 186.7
31 186.7
56 186.7
73 186.7
96 187.7
141 187.7
29 187.7
75 187.7
13 188.7
17 188.7
34 188.7
49 188.7
61 188.7
63 188.7
163 189.7
12 189.7
26 189.7
47 189.7
24 190.7
44 190.7
52 190.7
88 192.7
180 192.7
20 192.7
73 192.7
85 193.7
123 193.7
164 193.7
170 193.7
4 193.7
25 193.7
41 193.7
48 193.7
81 194.7
1 194.7
8 194.7
10 194.7
42 194.7
53 194.7
91 195.7
100 195.7
140 195.7
109 196.7
25 196.7
60 196.7
74 196.7
95 197.7
38 197.7
75 197.7
152 198.7
0 198.7
7 198.7
45 198.7
59 198.7
73 198.7
122 199.7
163 199.7
168 199.7
172 199.7
180 199.7
16 199.7
62 199.7
72 199.7
76 199.7
90 201
50 201
98 202
35 202
33 203
34 204
64 204
130 205
15 205
38 205
178 206
157 207
29 208
67 209
84 212
113 212
74 212
21 213
51 213
185 216
136 218
138 218
107 219
158 219
126 220
19 220
165 221
32 221
151 222
68 222
183 223
3 225
60 227
180 228
90 230
143 231
78 231
184 232
27 232
175 233
92 234
177 234
186 235
192 235
77 235
0 236
84 237
70 237
87 239
29 239
79 240
32 241
53 243
164 244
48 244
101 246
114 247
20 248
47 248
69 248
44 249
11 250
56 250
160 251
20 254
61 254
55 255
92 256
21 256
37 256
14 257
67 257
70 257
45 258
56 260
57 260
28 262
43 262
75 262
158 263
118 264
0 265
44 265
69 265
71 265
86 266
139 266
196 266
37 266
47 266
23 268
79 268
148 270
54 270
198 271
126 272
17 272
25 272
40 272
122 274
5 275
93 276
18 277
143 278
13 279
62 279
90 280
175 281
183 281
14 281
41 282
28 283
182 284
25 284
51 285
164 286
85 287
92 287
95 287
87 288
152 288
199 288
145 289
62 289
70 289
74 289
48 290
28 291
158 292
159 292
78 292
140 293
185 293
64 294
122 295
157 295
66 295
61 296
130 297
193 297
72 299
89 300
98 300
4 300
