38 1
2176 1
1255 1
1737 3
293 4
1629 4
2186 5
2231 6
1754 6
1251 7
2119 8
768 9
111 10
1332 10
340 12
2032 12
2147 12
666 14
2175 14
2189 14
1423 14
1668 14
63 15
353 15
849 15
1521 15
1654 16
736 17
2172 17
1671 18
1752 18
1823 18
191 20
608 20
1272 20
1634 20
98 21
109 21
709 21
1675 21
1420 22
433 23
657 23
1240 23
2114 24
1160 24
1703 25
1367 26
278 27
340 27
588 28
803 30
835 30
1984 30
323 32
392 32
430 32
1136 32
1287 32
98 33
1320 33
1785 33
226 34
700 34
1353 34
1725 34
452 36
1413 36
331 37
52 41
2083 42
1864 43
335 44
852 44
1205 44
141 45
2117 45
1189 45
1232 45
1297 45
1954 45
1121 46
1263 46
2025 47
2033 47
44 48
1240 49
1467 49
1550 49
1956 51
1235 52
79 53
520 53
1346 53
1520 53
1590 53
1898 54
675 55
1513 55
1558 55
203 57
252 57
8 58
118 59
1507 59
1824 59
308 60
421 60
155 61
575 61
2139 61
1199 61
527 62
1464 62
339 63
1949 63
1960 63
43 64
332 64
1690 64
1850 64
855 65
2160 65
258 66
297 66
699 66
2194 66
168 67
266 67
1386 67
1621 68
1685 70
1148 71
151 72
264 72
1152 74
519 76
1694 76
1885 76
2094 77
936 78
2212 80
1235 80
1340 81
1751 81
1852 82
488 83
439 84
330 85
1663 85
132 86
798 86
2052 88
1233 88
1323 88
140 89
325 90
622 90
1237 90
1259 91
484 92
1968 92
101 93
1201 93
1331 94
463 95
266 96
1702 96
544 98
2202 98
1268 98
366 100
6 100.3
94 100.3
708 100.3
775 100.3
799 100.3
1002 100.3
1231 100.3
1862 100.3
347 101.3
516 101.3
591 101.3
863 101.3
1154 101.3
1299 101.3
1682 101.3
1958 101.3
276 102.3
318 102.3
509 102.3
752 102.3
1291 102.3
1431 102.3
1526 102.3
1528 102.3
123 103.3
169 103.3
208 103.3
337 103.3
354 103.3
491 103.3
624 103.3
714 103.3
1289 103.3
1454 103.3
1538 103.3
1615 103.3
1632 103.3
2076 103.3
2216 103.3
67 104.3
199 104.3
206 104.3
214 104.3
295 104.3
296 104.3
313 104.3
321 104.3
329 104.3
367 104.3
388 104.3
410 104.3
465 104.3
486 104.3
487 104.3
488 104.3
530 104.3
534 104.3
547 104.3
580 104.3
585 104.3
700 104.3
991 104.3
1286 104.3
1497 104.3
1504 104.3
1630 104.3
1694 104.3
1788 104.3
1909 104.3
2028 104.3
2138 104.3
2168 104.3
178 105.3
270 105.3
407 105.3
503 105.3
521 105.3
656 105.3
691 105.3
728 105.3
744 105.3
1343 105.3
1654 105.3
1687 105.3
1715 105.3
1820 105.3
1843 105.3
2017 105.3
2053 105.3
2054 105.3
2118 105.3
360 106.3
492 106.3
524 106.3
555 106.3
630 106.3
634 106.3
664 106.3
672 106.3
824 106.3
1393 106.3
1442 106.3
2142 106.3
118 107.3
233 107.3
538 107.3
689 107.3
940 107.3
1428 107.3
1639 107.3
1828 107.3
1984 107.3
145 108.3
619 108.3
631 108.3
1089 108.3
1150 108.3
1242 108.3
1260 108.3
1696 108.3
2129 108.3
2194 108.3
127 109.3
141 109.3
328 109.3
347 109.3
366 109.3
532 109.3
832 109.3
1187 109.3
1205 109.3
1335 109.3
1940 109.3
2049 109.3
2114 109.3
2225 109.3
105 110.3
191 110.3
277 110.3
308 110.3
356 110.3
429 110.3
448 110.3
497 110.3
561 110.3
564 110.3
565 110.3
575 110.3
618 110.3
700 110.3
785 110.3
792 110.3
800 110.3
840 110.3
875 110.3
1254 110.3
1316 110.3
1568 110.3
1678 110.3
1699 110.3
1722 110.3
1796 110.3
1921 110.3
63 111.3
116 111.3
186 111.3
287 111.3
339 111.3
421 111.3
498 111.3
510 111.3
542 111.3
544 111.3
622 111.3
635 111.3
641 111.3
644 111.3
669 111.3
693 111.3
727 111.3
1160 111.3
1433 111.3
1441 111.3
1567 111.3
1657 111.3
1704 111.3
1768 111.3
1858 111.3
2151 111.3
67 112.3
243 112.3
273 112.3
281 112.3
404 112.3
427 112.3
538 112.3
596 112.3
751 112.3
782 112.3
799 112.3
867 112.3
892 112.3
1307 112.3
1557 112.3
1729 112.3
1749 112.3
1866 112.3
1962 112.3
2167 112.3
2235 112.3
625 113.3
835 113.3
2001 113.3
12 114.3
173 114.3
523 114.3
537 114.3
576 114.3
697 114.3
1379 114.3
1449 114.3
1630 114.3
1869 114.3
112 115.3
459 115.3
543 115.3
698 115.3
725 115.3
805 115.3
1863 115.3
2059 115.3
214 116.3
435 116.3
570 116.3
581 116.3
695 116.3
1191 116.3
1193 116.3
1296 116.3
1466 116.3
1573 116.3
1655 116.3
1660 116.3
1688 116.3
1734 116.3
1919 116.3
1925 116.3
2072 116.3
126 117.3
246 117.3
355 117.3
424 117.3
561 117.3
585 117.3
657 117.3
683 117.3
689 117.3
724 117.3
783 117.3
797 117.3
819 117.3
851 117.3
865 117.3
1140 117.3
1153 117.3
1381 117.3
1427 117.3
1512 117.3
1569 117.3
1592 117.3
1966 117.3
2135 117.3
2198 117.3
2211 117.3
1 118.3
6 118.3
19 118.3
79 118.3
127 118.3
151 118.3
164 118.3
172 118.3
417 118.3
478 118.3
494 118.3
509 118.3
527 118.3
556 118.3
627 118.3
682 118.3
890 118.3
1169 118.3
1197 118.3
1205 118.3
1564 118.3
1619 118.3
1641 118.3
1794 118.3
1991 118.3
1992 118.3
2150 118.3
2221 118.3
28 119.3
333 119.3
675 119.3
734 119.3
802 119.3
810 119.3
847 119.3
884 119.3
1714 119.3
1881 119.3
1944 119.3
330 120.3
599 120.3
649 120.3
748 120.3
789 120.3
1379 120.3
1474 120.3
1541 120.3
1909 120.3
1953 120.3
421 121.3
482 121.3
574 121.3
615 121.3
674 121.3
1154 121.3
1158 121.3
1576 121.3
1935 121.3
2168 121.3
429 122.3
442 122.3
448 122.3
570 122.3
663 122.3
729 122.3
730 122.3
778 122.3
867 122.3
1178 122.3
1926 122.3
1937 122.3
1972 122.3
2078 122.3
256 123.3
398 123.3
519 123.3
532 123.3
539 123.3
548 123.3
607 123.3
617 123.3
618 123.3
628 123.3
677 123.3
746 123.3
862 123.3
1028 123.3
1335 123.3
1500 123.3
1672 123.3
1894 123.3
1964 123.3
2077 123.3
2223 123.3
31 124.3
38 124.3
49 124.3
130 124.3
162 124.3
166 124.3
168 124.3
411 124.3
504 124.3
566 124.3
588 124.3
648 124.3
672 124.3
681 124.3
690 124.3
719 124.3
760 124.3
770 124.3
828 124.3
836 124.3
881 124.3
1180 124.3
1227 124.3
1306 124.3
1528 124.3
1596 124.3
1613 124.3
1647 124.3
1801 124.3
1819 124.3
2006 124.3
2013 124.3
2099 124.3
2139 124.3
2176 124.3
2191 124.3
92 125.3
212 125.3
586 125.3
691 125.3
692 125.3
765 125.3
820 125.3
915 125.3
1201 125.3
1604 125.3
2112 125.3
310 126.3
362 126.3
427 126.3
465 126.3
554 126.3
627 126.3
650 126.3
713 126.3
715 126.3
780 126.3
801 126.3
815 126.3
893 126.3
1211 126.3
1215 126.3
1294 126.3
1650 126.3
1843 126.3
1883 126.3
575 127.3
591 127.3
642 127.3
720 127.3
782 127.3
1610 127.3
1697 127.3
1868 127.3
1911 127.3
2023 127.3
2145 127.3
137 128.3
419 128.3
479 128.3
509 128.3
610 128.3
2021 128.3
451 129.3
525 129.3
564 129.3
570 129.3
597 129.3
798 129.3
819 129.3
849 129.3
1444 129.3
1494 129.3
1535 129.3
1622 129.3
1651 129.3
1678 129.3
135 130.3
309 130.3
381 130.3
467 130.3
518 130.3
573 130.3
699 130.3
743 130.3
762 130.3
774 130.3
857 130.3
870 130.3
871 130.3
954 130.3
1160 130.3
1407 130.3
1408 130.3
1675 130.3
1882 130.3
1962 130.3
2030 130.3
2118 130.3
2137 130.3
49 131.3
102 131.3
194 131.3
222 131.3
234 131.3
285 131.3
330 131.3
395 131.3
529 131.3
530 131.3
598 131.3
639 131.3
646 131.3
664 131.3
701 131.3
703 131.3
738 131.3
739 131.3
812 131.3
825 131.3
837 131.3
853 131.3
1179 131.3
1295 131.3
1296 131.3
1326 131.3
1477 131.3
1567 131.3
1606 131.3
1619 131.3
1871 131.3
1907 131.3
1938 131.3
1953 131.3
1963 131.3
1990 131.3
2130 131.3
5 132.3
15 132.3
67 132.3
264 132.3
413 132.3
548 132.3
657 132.3
678 132.3
696 132.3
773 132.3
879 132.3
925 132.3
973 132.3
1213 132.3
1460 132.3
1559 132.3
1589 132.3
1720 132.3
2156 132.3
51 133.3
253 133.3
393 133.3
506 133.3
627 133.3
747 133.3
1177 133.3
1204 133.3
1349 133.3
1632 133.3
2040 133.3
2221 133.3
2234 133.3
42 134.3
55 134.3
302 134.3
729 134.3
776 134.3
780 134.3
823 134.3
883 134.3
1168 134.3
1256 134.3
1429 134.3
1580 134.3
1734 134.3
1768 134.3
1786 134.3
495 135.3
531 135.3
643 135.3
649 135.3
650 135.3
693 135.3
1367 135.3
1498 135.3
1564 135.3
1751 135.3
1752 135.3
1899 135.3
1956 135.3
2083 135.3
2163 135.3
88 136.3
326 136.3
463 136.3
616 136.3
689 136.3
915 136.3
918 136.3
930 136.3
977 136.3
1227 136.3
2064 136.3
2217 136.3
46 137.3
48 137.3
99 137.3
101 137.3
306 137.3
519 137.3
522 137.3
526 137.3
583 137.3
606 137.3
634 137.3
656 137.3
703 137.3
745 137.3
767 137.3
843 137.3
868 137.3
872 137.3
910 137.3
1090 137.3
1096 137.3
1143 137.3
1462 137.3
1649 137.3
1663 137.3
1697 137.3
1712 137.3
1841 137.3
1911 137.3
2053 137.3
2134 137.3
62 138.3
182 138.3
573 138.3
587 138.3
630 138.3
685 138.3
726 138.3
762 138.3
836 138.3
955 138.3
1187 138.3
1328 138.3
1439 138.3
1943 138.3
2049 138.3
2076 138.3
47 139.3
235 139.3
570 139.3
629 139.3
713 139.3
829 139.3
867 139.3
873 139.3
934 139.3
971 139.3
1208 139.3
1401 139.3
1436 139.3
1620 139.3
2056 139.3
2218 139.3
2222 139.3
353 140.3
675 140.3
858 140.3
1035 140.3
1083 140.3
1136 140.3
1378 140.3
1633 140.3
1747 140.3
1800 140.3
2052 140.3
162 141.3
355 141.3
962 141.3
1414 141.3
1517 141.3
1776 141.3
1845 141.3
2012 141.3
8 142.3
98 142.3
165 142.3
289 142.3
310 142.3
540 142.3
667 142.3
704 142.3
715 142.3
722 142.3
733 142.3
764 142.3
782 142.3
830 142.3
833 142.3
844 142.3
1149 142.3
1461 142.3
1822 142.3
2044 142.3
215 143.3
225 143.3
567 143.3
628 143.3
696 143.3
712 143.3
777 143.3
820 143.3
826 143.3
891 143.3
1255 143.3
1301 143.3
1382 143.3
1530 143.3
1556 143.3
1569 143.3
1611 143.3
1657 143.3
1813 143.3
2029 143.3
2057 143.3
2161 143.3
155 144.3
188 144.3
382 144.3
402 144.3
527 144.3
556 144.3
560 144.3
646 144.3
653 144.3
720 144.3
735 144.3
781 144.3
874 144.3
906 144.3
945 144.3
974 144.3
1160 144.3
1256 144.3
1286 144.3
1343 144.3
1357 144.3
1576 144.3
1772 144.3
1911 144.3
2122 144.3
82 145.3
124 145.3
213 145.3
300 145.3
533 145.3
588 145.3
761 145.3
828 145.3
993 145.3
1087 145.3
1361 145.3
1466 145.3
1494 145.3
1717 145.3
1868 145.3
2117 145.3
2206 145.3
199 146.3
297 146.3
385 146.3
387 146.3
538 146.3
569 146.3
699 146.3
809 146.3
827 146.3
918 146.3
1028 146.3
1155 146.3
1358 146.3
1553 146.3
1654 146.3
1825 146.3
1952 146.3
2048 146.3
2086 146.3
2097 146.3
2221 146.3
503 147.3
605 147.3
657 147.3
796 147.3
813 147.3
1797 147.3
163 148.3
411 148.3
513 148.3
548 148.3
574 148.3
607 148.3
616 148.3
812 148.3
842 148.3
876 148.3
950 148.3
1074 148.3
1474 148.3
1571 148.3
1589 148.3
2223 148.3
158 149.3
672 149.3
681 149.3
690 149.3
693 149.3
714 149.3
725 149.3
734 149.3
750 149.3
835 149.3
850 149.3
904 149.3
915 149.3
1363 149.3
1419 149.3
1971 149.3
1978 149.3
2168 149.3
22 150.3
53 150.3
98 150.3
109 150.3
120 150.3
303 150.3
439 150.3
465 150.3
553 150.3
604 150.3
678 150.3
684 150.3
805 150.3
833 150.3
839 150.3
852 150.3
859 150.3
944 150.3
977 150.3
1267 150.3
1572 150.3
1665 150.3
1733 150.3
1771 150.3
1831 150.3
1925 150.3
2092 150.3
2133 150.3
2144 150.3
2222 150.3
2224 150.3
66 151.3
154 151.3
340 151.3
361 151.3
444 151.3
543 151.3
554 151.3
655 151.3
656 151.3
668 151.3
711 151.3
807 151.3
869 151.3
939 151.3
1152 151.3
1158 151.3
1163 151.3
1203 151.3
1416 151.3
1658 151.3
1792 151.3
1821 151.3
1890 151.3
13 152.3
24 152.3
78 152.3
204 152.3
324 152.3
332 152.3
423 152.3
470 152.3
629 152.3
659 152.3
730 152.3
862 152.3
875 152.3
913 152.3
1072 152.3
1147 152.3
1196 152.3
1231 152.3
1262 152.3
1280 152.3
1287 152.3
1389 152.3
1447 152.3
1470 152.3
1482 152.3
1495 152.3
1537 152.3
1635 152.3
1867 152.3
1974 152.3
2026 152.3
2096 152.3
140 153.3
238 153.3
240 153.3
247 153.3
381 153.3
683 153.3
759 153.3
770 153.3
787 153.3
823 153.3
947 153.3
1180 153.3
1381 153.3
1876 153.3
2065 153.3
443 154.3
498 154.3
725 154.3
988 154.3
1089 154.3
1283 154.3
1306 154.3
1463 154.3
1541 154.3
1844 154.3
1888 154.3
54 155.3
199 155.3
391 155.3
598 155.3
669 155.3
771 155.3
904 155.3
1428 155.3
1741 155.3
155 156.3
352 156.3
557 156.3
1409 156.3
1554 156.3
1610 156.3
1708 156.3
1756 156.3
2205 156.3
123 157.3
323 157.3
361 157.3
642 157.3
662 157.3
754 157.3
772 157.3
785 157.3
824 157.3
873 157.3
914 157.3
966 157.3
1044 157.3
1079 157.3
1169 157.3
1259 157.3
1374 157.3
1474 157.3
1548 157.3
1845 157.3
2091 157.3
2174 157.3
257 158.3
404 158.3
512 158.3
529 158.3
612 158.3
756 158.3
778 158.3
890 158.3
896 158.3
962 158.3
994 158.3
995 158.3
1483 158.3
1825 158.3
1858 158.3
1954 158.3
1988 158.3
2000 158.3
2107 158.3
2142 158.3
2218 158.3
148 159.3
285 159.3
291 159.3
293 159.3
700 159.3
820 159.3
895 159.3
946 159.3
985 159.3
991 159.3
1001 159.3
1252 159.3
1404 159.3
1408 159.3
1726 159.3
1812 159.3
2055 159.3
63 160.3
301 160.3
392 160.3
780 160.3
827 160.3
837 160.3
1004 160.3
1226 160.3
1261 160.3
1430 160.3
1689 160.3
1740 160.3
2095 160.3
2147 160.3
566 161.3
747 161.3
926 161.3
1627 161.3
1653 161.3
1818 161.3
79 162.3
197 162.3
303 162.3
624 162.3
696 162.3
752 162.3
798 162.3
877 162.3
963 162.3
976 162.3
1303 162.3
1325 162.3
1489 162.3
1713 162.3
1735 162.3
1805 162.3
1849 162.3
1938 162.3
2035 162.3
2069 162.3
51 163.3
405 163.3
476 163.3
630 163.3
637 163.3
690 163.3
697 163.3
767 163.3
796 163.3
912 163.3
916 163.3
952 163.3
961 163.3
1018 163.3
1211 163.3
1298 163.3
1314 163.3
1632 163.3
1797 163.3
1871 163.3
2117 163.3
16 164.3
37 164.3
133 164.3
180 164.3
230 164.3
335 164.3
569 164.3
717 164.3
721 164.3
775 164.3
861 164.3
865 164.3
866 164.3
1033 164.3
1048 164.3
1092 164.3
1101 164.3
1162 164.3
1176 164.3
1513 164.3
1543 164.3
1736 164.3
1808 164.3
1933 164.3
1981 164.3
2013 164.3
2066 164.3
2068 164.3
2078 164.3
2222 164.3
2234 164.3
100 165.3
589 165.3
619 165.3
682 165.3
708 165.3
871 165.3
894 165.3
938 165.3
1053 165.3
1061 165.3
1282 165.3
1342 165.3
1750 165.3
1782 165.3
1863 165.3
1997 165.3
2210 165.3
67 166.3
216 166.3
565 166.3
627 166.3
863 166.3
960 166.3
979 166.3
1003 166.3
1032 166.3
1043 166.3
1064 166.3
1313 166.3
2113 166.3
2172 166.3
2221 166.3
203 167.3
520 167.3
650 167.3
791 167.3
976 167.3
1225 167.3
1382 167.3
1495 167.3
1960 167.3
2011 167.3
2046 167.3
33 168.3
73 168.3
213 168.3
472 168.3
592 168.3
763 168.3
807 168.3
817 168.3
847 168.3
945 168.3
1004 168.3
1010 168.3
1076 168.3
1142 168.3
1712 168.3
40 169.3
141 169.3
144 169.3
163 169.3
399 169.3
659 169.3
727 169.3
830 169.3
990 169.3
1001 169.3
1030 169.3
1218 169.3
1232 169.3
1388 169.3
1596 169.3
1621 169.3
1968 169.3
1972 169.3
24 170.3
123 170.3
145 170.3
160 170.3
329 170.3
480 170.3
643 170.3
739 170.3
790 170.3
827 170.3
1021 170.3
1026 170.3
1074 170.3
1222 170.3
1281 170.3
1283 170.3
1420 170.3
1607 170.3
1675 170.3
1693 170.3
1922 170.3
2007 170.3
2062 170.3
2070 170.3
2129 170.3
2145 170.3
2224 170.3
29 171.3
157 171.3
176 171.3
177 171.3
181 171.3
222 171.3
233 171.3
445 171.3
628 171.3
685 171.3
738 171.3
785 171.3
821 171.3
903 171.3
950 171.3
954 171.3
956 171.3
1022 171.3
1029 171.3
1056 171.3
1081 171.3
1100 171.3
1109 171.3
1243 171.3
1311 171.3
1472 171.3
1584 171.3
1618 171.3
1687 171.3
1742 171.3
1756 171.3
1901 171.3
1990 171.3
2020 171.3
2142 171.3
2206 171.3
2211 171.3
47 172.3
223 172.3
317 172.3
543 172.3
887 172.3
1116 172.3
1141 172.3
1703 172.3
1916 172.3
2035 172.3
2069 172.3
118 173.3
246 173.3
657 173.3
901 173.3
939 173.3
973 173.3
1060 173.3
1153 173.3
1630 173.3
1837 173.3
1859 173.3
2128 173.3
318 174.3
363 174.3
478 174.3
597 174.3
848 174.3
996 174.3
1098 174.3
1145 174.3
1403 174.3
1609 174.3
1988 174.3
368 175.3
483 175.3
509 175.3
555 175.3
630 175.3
784 175.3
983 175.3
1031 175.3
1064 175.3
1106 175.3
1122 175.3
1495 175.3
1558 175.3
1613 175.3
1851 175.3
104 176.3
324 176.3
425 176.3
714 176.3
731 176.3
824 176.3
900 176.3
913 176.3
989 176.3
993 176.3
1190 176.3
1194 176.3
1246 176.3
1441 176.3
1668 176.3
1716 176.3
1748 176.3
1862 176.3
1981 176.3
93 177.3
159 177.3
373 177.3
378 177.3
442 177.3
499 177.3
511 177.3
515 177.3
566 177.3
675 177.3
687 177.3
692 177.3
749 177.3
798 177.3
810 177.3
849 177.3
858 177.3
977 177.3
985 177.3
1063 177.3
1095 177.3
1104 177.3
1155 177.3
1254 177.3
1343 177.3
1452 177.3
1510 177.3
1522 177.3
1600 177.3
1646 177.3
1827 177.3
1855 177.3
1974 177.3
2217 177.3
214 178.3
254 178.3
300 178.3
307 178.3
317 178.3
435 178.3
476 178.3
560 178.3
800 178.3
805 178.3
834 178.3
942 178.3
960 178.3
1149 178.3
1236 178.3
1266 178.3
1333 178.3
1374 178.3
1418 178.3
1450 178.3
1454 178.3
1718 178.3
1801 178.3
1828 178.3
1832 178.3
1850 178.3
1924 178.3
1968 178.3
2227 178.3
47 179.3
76 179.3
258 179.3
335 179.3
573 179.3
596 179.3
615 179.3
929 179.3
1264 179.3
1322 179.3
1501 179.3
1525 179.3
1553 179.3
1771 179.3
1856 179.3
2202 179.3
80 180.3
107 180.3
287 180.3
295 180.3
653 180.3
799 180.3
825 180.3
1076 180.3
1174 180.3
1329 180.3
1443 180.3
1690 180.3
1777 180.3
1990 180.3
187 181.3
398 181.3
530 181.3
650 181.3
786 181.3
1099 181.3
1222 181.3
1371 181.3
1565 181.3
1798 181.3
59 182.3
268 182.3
862 182.3
947 182.3
1145 182.3
1233 182.3
1245 182.3
1398 182.3
1456 182.3
2000 182.3
2012 182.3
2039 182.3
2082 182.3
43 183.3
212 183.3
526 183.3
583 183.3
585 183.3
735 183.3
1010 183.3
1133 183.3
1166 183.3
1230 183.3
1409 183.3
1849 183.3
285 184.3
421 184.3
427 184.3
611 184.3
674 184.3
854 184.3
857 184.3
971 184.3
979 184.3
1079 184.3
1083 184.3
1097 184.3
1169 184.3
1175 184.3
1293 184.3
1451 184.3
1649 184.3
1735 184.3
2051 184.3
2197 184.3
2237 184.3
603 185.3
794 185.3
817 185.3
890 185.3
1014 185.3
1058 185.3
1091 185.3
1122 185.3
1415 185.3
1539 185.3
1592 185.3
1652 185.3
1707 185.3
1739 185.3
1843 185.3
2113 185.3
340 186.3
704 186.3
1008 186.3
1009 186.3
1016 186.3
1093 186.3
1203 186.3
1294 186.3
1354 186.3
1374 186.3
1387 186.3
1507 186.3
1636 186.3
2141 186.3
450 187.3
771 187.3
831 187.3
959 187.3
1054 187.3
1108 187.3
1241 187.3
1243 187.3
1315 187.3
1385 187.3
1903 187.3
2057 187.3
336 188.3
943 188.3
977 188.3
1013 188.3
1141 188.3
1158 188.3
1383 188.3
1640 188.3
1984 188.3
233 189.3
513 189.3
561 189.3
635 189.3
716 189.3
805 189.3
934 189.3
1034 189.3
1076 189.3
1095 189.3
1111 189.3
1221 189.3
1335 189.3
1362 189.3
1487 189.3
1721 189.3
1805 189.3
2222 189.3
195 190.3
528 190.3
693 190.3
712 190.3
792 190.3
798 190.3
806 190.3
815 190.3
822 190.3
853 190.3
859 190.3
955 190.3
995 190.3
1041 190.3
1075 190.3
1180 190.3
1192 190.3
1351 190.3
1390 190.3
1434 190.3
1838 190.3
1919 190.3
1993 190.3
2232 190.3
155 191.3
302 191.3
393 191.3
401 191.3
655 191.3
686 191.3
946 191.3
1128 191.3
1249 191.3
1344 191.3
1369 191.3
1411 191.3
1450 191.3
1552 191.3
1609 191.3
1622 191.3
1671 191.3
1867 191.3
1888 191.3
1970 191.3
1999 191.3
2016 191.3
2052 191.3
84 192.3
241 192.3
438 192.3
578 192.3
672 192.3
845 192.3
1115 192.3
1343 192.3
1382 192.3
1569 192.3
1677 192.3
1927 192.3
285 193.3
296 193.3
353 193.3
399 193.3
529 193.3
586 193.3
742 193.3
988 193.3
1092 193.3
1146 193.3
1168 193.3
1224 193.3
1396 193.3
1626 193.3
2087 193.3
218 194.3
303 194.3
324 194.3
419 194.3
439 194.3
475 194.3
1486 194.3
295 195.3
385 195.3
1063 195.3
1223 195.3
1288 195.3
1517 195.3
1757 195.3
1887 195.3
160 196.3
394 196.3
505 196.3
646 196.3
718 196.3
1120 196.3
1181 196.3
1247 196.3
1621 196.3
1693 196.3
1781 196.3
1901 196.3
94 197.3
130 197.3
306 197.3
497 197.3
532 197.3
735 197.3
823 197.3
828 197.3
987 197.3
1024 197.3
1026 197.3
1047 197.3
1093 197.3
1094 197.3
1126 197.3
1164 197.3
1170 197.3
1185 197.3
1275 197.3
1336 197.3
1466 197.3
1492 197.3
1846 197.3
1864 197.3
1899 197.3
2051 197.3
2084 197.3
2090 197.3
355 198.3
495 198.3
536 198.3
774 198.3
775 198.3
925 198.3
1049 198.3
1082 198.3
1104 198.3
1168 198.3
1305 198.3
1405 198.3
1461 198.3
1700 198.3
1851 198.3
1902 198.3
2006 198.3
2159 198.3
1 199.3
20 199.3
82 199.3
601 199.3
625 199.3
691 199.3
879 199.3
922 199.3
991 199.3
1122 199.3
1209 199.3
1229 199.3
1302 199.3
1599 199.3
2133 199.3
227 202
2190 203
1764 205
338 206
2050 206
1506 206
1954 206
450 208
834 208
1780 208
2085 210
1733 210
1926 210
636 214
1437 214
1754 214
874 215
2049 215
2062 215
1499 215
150 217
1468 217
1454 218
1712 218
430 219
756 219
1704 220
1939 222
524 225
208 226
1211 226
732 227
463 228
1571 228
454 229
750 229
236 232
466 232
206 233
341 233
1376 233
1754 233
1890 233
2083 234
1305 234
1776 234
2105 235
1360 235
1679 236
1965 237
2157 238
133 240
430 240
510 242
1179 242
2060 243
2220 243
121 244
776 244
1378 244
1873 245
555 246
649 246
583 249
2185 249
1188 249
225 250
2096 250
2164 250
474 251
1293 252
64 253
1724 253
760 256
30 257
2152 257
1624 258
229 259
764 259
2037 259
1928 259
181 261
94 262
1277 262
752 263
1672 263
737 264
1573 264
2200 265
116 266
355 266
543 267
299 268
383 268
511 268
1666 268
1148 269
1213 269
1489 269
1326 271
824 272
160 273
2168 273
1876 273
309 274
726 276
2237 277
1306 277
1254 278
267 280
382 280
2223 280
1234 281
755 282
1799 282
1861 283
1912 285
155 286
1228 286
3 287
680 287
2228 287
2098 289
1468 289
136 292
1626 292
1933 292
112 293
1751 294
1360 295
1365 295
1681 295
1202 296
111 297
664 297
47 298
2014 298
1173 298
134 299
369 299
1957 299
39 300
1123 300
