1947 1
2058 2
23 3
739 3
1562 5
567 6
2006 6
452 7
2061 7
228 8
2097 8
1177 8
1747 8
1463 9
1643 9
1833 9
631 10
828 11
831 14
1161 14
1175 14
1787 14
684 15
564 16
847 17
1592 17
1680 17
1747 17
774 18
449 19
421 20
1561 20
245 21
799 22
1528 22
1909 22
4 23
1532 26
36 27
619 27
413 29
571 29
1219 29
1443 29
368 30
1223 30
1702 30
799 34
2053 34
1648 34
331 36
450 36
1789 37
590 38
499 39
2156 40
1336 40
1991 40
623 42
495 43
1906 43
591 45
866 45
949 46
770 47
290 48
532 48
2153 48
1530 48
1543 49
825 50
1853 50
1408 51
1781 51
1871 51
118 52
2134 52
2194 52
1165 52
510 53
2035 54
1493 54
1948 54
1605 56
75 57
646 58
739 58
1484 58
1118 59
850 61
2223 61
1534 61
1751 61
817 62
863 62
2007 64
1161 64
1556 64
1852 65
683 66
1300 66
1705 66
1961 66
587 67
672 67
1342 67
147 69
1683 69
465 70
799 70
1524 70
1566 70
1655 70
16 71
849 71
1657 72
497 75
528 75
2041 75
683 76
1622 77
1473 78
2068 80
1375 80
2204 81
2188 82
723 83
1620 83
1995 83
228 84
1443 84
1435 85
418 86
339 87
1991 88
376 89
1295 89
1596 89
383 90
1220 90
177 91
158 92
107 93
352 94
1647 94
1657 94
2220 95
139 96
2082 97
1676 97
770 98
453 100
49 100.3
93 100.3
303 100.3
322 100.3
419 100.3
703 100.3
773 100.3
794 100.3
810 100.3
817 100.3
832 100.3
840 100.3
916 100.3
1000 100.3
1364 100.3
1367 100.3
1463 100.3
1529 100.3
1663 100.3
1866 100.3
2008 100.3
2099 100.3
3 101.3
8 101.3
98 101.3
134 101.3
207 101.3
370 101.3
540 101.3
558 101.3
586 101.3
609 101.3
632 101.3
691 101.3
792 101.3
797 101.3
931 101.3
966 101.3
992 101.3
1012 101.3
1013 101.3
1124 101.3
1487 101.3
1552 101.3
1556 101.3
1711 101.3
2164 101.3
230 102.3
239 102.3
764 102.3
870 102.3
871 102.3
1177 102.3
1399 102.3
1799 102.3
1840 102.3
1938 102.3
1995 102.3
2027 102.3
2117 102.3
52 103.3
142 103.3
202 103.3
422 103.3
543 103.3
798 103.3
856 103.3
1330 103.3
1769 103.3
1835 103.3
540 104.3
668 104.3
769 104.3
808 104.3
984 104.3
997 104.3
1189 104.3
1308 104.3
1423 104.3
1474 104.3
1895 104.3
2065 104.3
165 105.3
334 105.3
692 105.3
950 105.3
1095 105.3
1500 105.3
1544 105.3
1854 105.3
279 106.3
478 106.3
517 106.3
539 106.3
574 106.3
675 106.3
751 106.3
831 106.3
859 106.3
905 106.3
1072 106.3
1435 106.3
1625 106.3
1912 106.3
118 107.3
138 107.3
274 107.3
357 107.3
409 107.3
568 107.3
587 107.3
591 107.3
612 107.3
629 107.3
719 107.3
725 107.3
741 107.3
759 107.3
765 107.3
781 107.3
834 107.3
836 107.3
906 107.3
908 107.3
980 107.3
993 107.3
1147 107.3
1372 107.3
1375 107.3
1458 107.3
1488 107.3
1537 107.3
1572 107.3
2035 107.3
2070 107.3
45 108.3
112 108.3
150 108.3
360 108.3
366 108.3
493 108.3
521 108.3
542 108.3
650 108.3
809 108.3
862 108.3
974 108.3
1079 108.3
1091 108.3
1135 108.3
1185 108.3
1221 108.3
1328 108.3
1571 108.3
1589 108.3
1604 108.3
1719 108.3
1869 108.3
1925 108.3
1948 108.3
394 109.3
466 109.3
630 109.3
715 109.3
796 109.3
867 109.3
955 109.3
1038 109.3
1865 109.3
1938 109.3
2080 109.3
17 110.3
134 110.3
180 110.3
522 110.3
722 110.3
748 110.3
1356 110.3
1365 110.3
1495 110.3
1520 110.3
1673 110.3
1793 110.3
2173 110.3
531 111.3
674 111.3
710 111.3
872 111.3
1153 111.3
1176 111.3
1283 111.3
1489 111.3
564 112.3
662 112.3
683 112.3
760 112.3
909 112.3
1040 112.3
1267 112.3
1579 112.3
1613 112.3
1644 112.3
158 113.3
644 113.3
697 113.3
861 113.3
947 113.3
1025 113.3
1127 113.3
1248 113.3
1404 113.3
1555 113.3
1785 113.3
2034 113.3
2042 113.3
2088 113.3
2127 113.3
116 114.3
129 114.3
268 114.3
273 114.3
395 114.3
496 114.3
515 114.3
771 114.3
785 114.3
829 114.3
839 114.3
858 114.3
876 114.3
883 114.3
940 114.3
969 114.3
994 114.3
1196 114.3
1288 114.3
1292 114.3
1395 114.3
1424 114.3
1476 114.3
1480 114.3
1486 114.3
1552 114.3
1834 114.3
1835 114.3
1840 114.3
1980 114.3
2150 114.3
157 115.3
308 115.3
408 115.3
649 115.3
687 115.3
720 115.3
822 115.3
827 115.3
836 115.3
871 115.3
925 115.3
953 115.3
1129 115.3
1163 115.3
1195 115.3
1255 115.3
1369 115.3
1565 115.3
1592 115.3
1794 115.3
1884 115.3
122 116.3
269 116.3
340 116.3
431 116.3
638 116.3
782 116.3
786 116.3
866 116.3
875 116.3
1055 116.3
1503 116.3
1678 116.3
1956 116.3
332 117.3
647 117.3
680 117.3
742 117.3
783 117.3
1071 117.3
1121 117.3
1304 117.3
1856 117.3
2106 117.3
2170 117.3
162 118.3
225 118.3
245 118.3
648 118.3
651 118.3
1494 118.3
1504 118.3
476 119.3
484 119.3
608 119.3
613 119.3
616 119.3
699 119.3
808 119.3
1064 119.3
1097 119.3
1112 119.3
1228 119.3
1262 119.3
1545 119.3
1630 119.3
1779 119.3
1911 119.3
1996 119.3
69 120.3
107 120.3
160 120.3
218 120.3
323 120.3
363 120.3
382 120.3
427 120.3
523 120.3
617 120.3
743 120.3
891 120.3
901 120.3
915 120.3
1053 120.3
1066 120.3
1235 120.3
1299 120.3
1341 120.3
1458 120.3
1546 120.3
1648 120.3
1890 120.3
1912 120.3
256 121.3
327 121.3
340 121.3
554 121.3
654 121.3
725 121.3
736 121.3
787 121.3
827 121.3
909 121.3
1031 121.3
1038 121.3
1073 121.3
1096 121.3
1152 121.3
1338 121.3
1357 121.3
1384 121.3
1398 121.3
1700 121.3
1715 121.3
1810 121.3
1821 121.3
1855 121.3
2024 121.3
2069 121.3
26 122.3
89 122.3
247 122.3
271 122.3
292 122.3
393 122.3
439 122.3
513 122.3
515 122.3
517 122.3
667 122.3
713 122.3
873 122.3
882 122.3
923 122.3
1194 122.3
1219 122.3
1263 122.3
1529 122.3
1705 122.3
1762 122.3
2154 122.3
31 123.3
378 123.3
609 123.3
718 123.3
807 123.3
825 123.3
830 123.3
879 123.3
1041 123.3
1075 123.3
1135 123.3
1141 123.3
1544 123.3
1795 123.3
1903 123.3
2194 123.3
274 124.3
388 124.3
887 124.3
972 124.3
1056 124.3
1511 124.3
1010 125.3
1115 125.3
1414 125.3
1708 125.3
1955 125.3
2097 125.3
2117 125.3
264 126.3
334 126.3
503 126.3
759 126.3
798 126.3
1119 126.3
1435 126.3
1453 126.3
1513 126.3
1626 126.3
1693 126.3
1873 126.3
2098 126.3
91 127.3
165 127.3
279 127.3
468 127.3
471 127.3
575 127.3
576 127.3
589 127.3
681 127.3
688 127.3
777 127.3
828 127.3
835 127.3
976 127.3
1011 127.3
1034 127.3
1052 127.3
1067 127.3
1069 127.3
1641 127.3
1685 127.3
1890 127.3
1941 127.3
2036 127.3
2042 127.3
2144 127.3
20 128.3
25 128.3
171 128.3
316 128.3
421 128.3
423 128.3
447 128.3
480 128.3
714 128.3
807 128.3
856 128.3
892 128.3
989 128.3
995 128.3
1022 128.3
1138 128.3
1268 128.3
1275 128.3
1366 128.3
1368 128.3
1403 128.3
1581 128.3
1614 128.3
1619 128.3
1758 128.3
1840 128.3
2035 128.3
2061 128.3
2210 128.3
147 129.3
239 129.3
287 129.3
453 129.3
735 129.3
834 129.3
922 129.3
979 129.3
1442 129.3
1541 129.3
1770 129.3
1920 129.3
2182 129.3
57 130.3
89 130.3
443 130.3
653 130.3
786 130.3
1110 130.3
1170 130.3
1203 130.3
1467 130.3
1479 130.3
1909 130.3
72 131.3
105 131.3
367 131.3
479 131.3
1071 131.3
1086 131.3
1126 131.3
1327 131.3
1684 131.3
1689 131.3
1986 131.3
101 132.3
227 132.3
444 132.3
854 132.3
937 132.3
987 132.3
1118 132.3
1234 132.3
1466 132.3
1545 132.3
2013 132.3
2114 132.3
2173 132.3
236 133.3
416 133.3
813 133.3
926 133.3
982 133.3
1051 133.3
1088 133.3
1091 133.3
1121 133.3
1154 133.3
1192 133.3
1244 133.3
1249 133.3
1255 133.3
1292 133.3
1516 133.3
1577 133.3
1582 133.3
1845 133.3
1859 133.3
1904 133.3
1921 133.3
2150 133.3
192 134.3
422 134.3
617 134.3
781 134.3
799 134.3
816 134.3
952 134.3
983 134.3
1052 134.3
1059 134.3
1129 134.3
1258 134.3
1270 134.3
1346 134.3
1439 134.3
1517 134.3
1830 134.3
1831 134.3
1906 134.3
1948 134.3
1971 134.3
2085 134.3
44 135.3
107 135.3
232 135.3
246 135.3
463 135.3
545 135.3
610 135.3
878 135.3
975 135.3
1103 135.3
1176 135.3
1208 135.3
1215 135.3
1260 135.3
1318 135.3
1386 135.3
1627 135.3
1744 135.3
2058 135.3
2157 135.3
2192 135.3
37 136.3
368 136.3
804 136.3
1069 136.3
1070 136.3
1232 136.3
1722 136.3
1815 136.3
1816 136.3
2169 136.3
2228 136.3
226 137.3
642 137.3
817 137.3
875 137.3
961 137.3
1146 137.3
1181 137.3
1286 137.3
1367 137.3
1432 137.3
122 138.3
154 138.3
714 138.3
733 138.3
869 138.3
1068 138.3
1135 138.3
1299 138.3
1456 138.3
2011 138.3
150 139.3
320 139.3
501 139.3
526 139.3
995 139.3
1003 139.3
1092 139.3
1098 139.3
1185 139.3
1269 139.3
1390 139.3
1868 139.3
1911 139.3
7 140.3
60 140.3
131 140.3
477 140.3
503 140.3
530 140.3
578 140.3
619 140.3
640 140.3
696 140.3
708 140.3
762 140.3
775 140.3
842 140.3
978 140.3
989 140.3
1038 140.3
1041 140.3
1141 140.3
1174 140.3
1178 140.3
1193 140.3
1197 140.3
1371 140.3
1492 140.3
1716 140.3
1739 140.3
1764 140.3
1796 140.3
1813 140.3
1923 140.3
2000 140.3
34 141.3
139 141.3
694 141.3
723 141.3
893 141.3
993 141.3
1001 141.3
1002 141.3
1067 141.3
1088 141.3
1118 141.3
1134 141.3
1172 141.3
1201 141.3
1273 141.3
1279 141.3
1314 141.3
1349 141.3
1505 141.3
1560 141.3
1588 141.3
1608 141.3
1878 141.3
1909 141.3
1974 141.3
2026 141.3
2099 141.3
262 142.3
280 142.3
317 142.3
364 142.3
480 142.3
1014 142.3
1200 142.3
1226 142.3
1263 142.3
1268 142.3
1309 142.3
1480 142.3
1643 142.3
1922 142.3
2024 142.3
149 143.3
685 143.3
987 143.3
991 143.3
1007 143.3
1018 143.3
1099 143.3
1204 143.3
1296 143.3
1354 143.3
1527 143.3
1699 143.3
1889 143.3
1898 143.3
2077 143.3
2142 143.3
32 144.3
782 144.3
900 144.3
1017 144.3
1082 144.3
1267 144.3
1286 144.3
1460 144.3
1879 144.3
225 145.3
365 145.3
627 145.3
833 145.3
914 145.3
954 145.3
1019 145.3
1248 145.3
1682 145.3
2073 145.3
2177 145.3
272 146.3
419 146.3
455 146.3
510 146.3
587 146.3
617 146.3
742 146.3
770 146.3
811 146.3
832 146.3
867 146.3
953 146.3
1000 146.3
1034 146.3
1059 146.3
1160 146.3
1198 146.3
1213 146.3
1476 146.3
1542 146.3
1713 146.3
1783 146.3
1882 146.3
1942 146.3
21 147.3
140 147.3
268 147.3
522 147.3
831 147.3
836 147.3
878 147.3
1015 147.3
1027 147.3
1044 147.3
1062 147.3
1083 147.3
1106 147.3
1341 147.3
1352 147.3
1367 147.3
1471 147.3
1524 147.3
1597 147.3
1610 147.3
1905 147.3
1966 147.3
2035 147.3
2235 147.3
54 148.3
73 148.3
198 148.3
246 148.3
300 148.3
424 148.3
563 148.3
673 148.3
985 148.3
992 148.3
1040 148.3
1121 148.3
1138 148.3
1147 148.3
1156 148.3
1225 148.3
1290 148.3
1671 148.3
1740 148.3
1775 148.3
2112 148.3
154 149.3
251 149.3
308 149.3
321 149.3
502 149.3
538 149.3
850 149.3
902 149.3
933 149.3
941 149.3
1128 149.3
1148 149.3
1323 149.3
1414 149.3
1762 149.3
1814 149.3
401 150.3
685 150.3
877 150.3
1126 150.3
1161 150.3
1455 150.3
1689 150.3
1810 150.3
2031 150.3
2034 150.3
83 151.3
114 151.3
349 151.3
360 151.3
543 151.3
1016 151.3
1238 151.3
1278 151.3
1452 151.3
1569 151.3
1581 151.3
39 152.3
367 152.3
653 152.3
950 152.3
1094 152.3
1116 152.3
1137 152.3
1230 152.3
1263 152.3
1773 152.3
235 153.3
392 153.3
450 153.3
616 153.3
628 153.3
650 153.3
703 153.3
756 153.3
813 153.3
845 153.3
1102 153.3
1131 153.3
1234 153.3
1284 153.3
1295 153.3
1485 153.3
1834 153.3
1870 153.3
1893 153.3
2194 153.3
2213 153.3
2239 153.3
21 154.3
37 154.3
43 154.3
75 154.3
137 154.3
163 154.3
168 154.3
320 154.3
437 154.3
453 154.3
478 154.3
626 154.3
885 154.3
925 154.3
961 154.3
988 154.3
1012 154.3
1023 154.3
1072 154.3
1084 154.3
1146 154.3
1168 154.3
1172 154.3
1200 154.3
1247 154.3
1332 154.3
1402 154.3
1460 154.3
1506 154.3
1681 154.3
1830 154.3
30 155.3
95 155.3
143 155.3
376 155.3
583 155.3
735 155.3
788 155.3
1119 155.3
1138 155.3
1257 155.3
1298 155.3
1326 155.3
1382 155.3
1408 155.3
1484 155.3
1553 155.3
1586 155.3
1716 155.3
1862 155.3
2049 155.3
2220 155.3
66 156.3
649 156.3
892 156.3
970 156.3
1034 156.3
1111 156.3
1120 156.3
1144 156.3
1490 156.3
1784 156.3
489 157.3
757 157.3
842 157.3
1029 157.3
1253 157.3
1465 157.3
1696 157.3
456 158.3
458 158.3
989 158.3
992 158.3
1299 158.3
1478 158.3
1819 158.3
91 159.3
185 159.3
816 159.3
1121 159.3
1273 159.3
1395 159.3
1427 159.3
1491 159.3
1669 159.3
1900 159.3
1914 159.3
28 160.3
40 160.3
86 160.3
118 160.3
370 160.3
515 160.3
534 160.3
601 160.3
755 160.3
795 160.3
851 160.3
928 160.3
1098 160.3
1108 160.3
1140 160.3
1151 160.3
1178 160.3
1255 160.3
1313 160.3
1345 160.3
1432 160.3
1449 160.3
1511 160.3
1625 160.3
1808 160.3
65 161.3
172 161.3
182 161.3
355 161.3
365 161.3
555 161.3
641 161.3
670 161.3
728 161.3
868 161.3
972 161.3
1011 161.3
1113 161.3
1243 161.3
1254 161.3
1277 161.3
1286 161.3
1356 161.3
1537 161.3
1676 161.3
1698 161.3
1988 161.3
2043 161.3
2100 161.3
2119 161.3
2147 161.3
438 162.3
450 162.3
482 162.3
878 162.3
963 162.3
1181 162.3
1200 162.3
1238 162.3
1252 162.3
1336 162.3
1354 162.3
1872 162.3
50 163.3
96 163.3
197 163.3
325 163.3
341 163.3
532 163.3
1193 163.3
1229 163.3
1376 163.3
1664 163.3
1771 163.3
2170 163.3
130 164.3
848 164.3
1228 164.3
1368 164.3
1459 164.3
1494 164.3
1504 164.3
1773 164.3
2101 164.3
52 165.3
116 165.3
237 165.3
1090 165.3
1279 165.3
1320 165.3
1541 165.3
1777 165.3
1810 165.3
275 166.3
344 166.3
449 166.3
597 166.3
794 166.3
1070 166.3
1162 166.3
1258 166.3
1549 166.3
1602 166.3
1697 166.3
1762 166.3
1867 166.3
2108 166.3
159 167.3
203 167.3
227 167.3
273 167.3
332 167.3
465 167.3
525 167.3
537 167.3
609 167.3
661 167.3
685 167.3
920 167.3
1067 167.3
1078 167.3
1089 167.3
1141 167.3
1241 167.3
1245 167.3
1290 167.3
1310 167.3
1315 167.3
1380 167.3
1390 167.3
1393 167.3
1403 167.3
1456 167.3
1505 167.3
1579 167.3
1717 167.3
2019 167.3
2031 167.3
2173 167.3
144 168.3
307 168.3
654 168.3
695 168.3
698 168.3
765 168.3
777 168.3
877 168.3
892 168.3
1164 168.3
1190 168.3
1225 168.3
1306 168.3
1322 168.3
1381 168.3
1400 168.3
1410 168.3
1445 168.3
1490 168.3
1496 168.3
1530 168.3
1534 168.3
1618 168.3
1725 168.3
1836 168.3
1884 168.3
1937 168.3
1949 168.3
2004 168.3
2231 168.3
42 169.3
172 169.3
541 169.3
662 169.3
691 169.3
782 169.3
934 169.3
1034 169.3
1209 169.3
1222 169.3
1270 169.3
1378 169.3
1436 169.3
1447 169.3
1718 169.3
1815 169.3
1832 169.3
2183 169.3
78 170.3
248 170.3
490 170.3
677 170.3
966 170.3
1264 170.3
1862 170.3
13 171.3
1072 171.3
1221 171.3
1349 171.3
1531 171.3
2095 171.3
39 172.3
149 172.3
477 172.3
1106 172.3
1291 172.3
1300 172.3
1389 172.3
1524 172.3
1621 172.3
1656 172.3
2214 172.3
125 173.3
318 173.3
387 173.3
535 173.3
589 173.3
714 173.3
732 173.3
1121 173.3
1179 173.3
1195 173.3
1311 173.3
1462 173.3
1538 173.3
1554 173.3
1564 173.3
1582 173.3
1599 173.3
1755 173.3
1944 173.3
1959 173.3
2006 173.3
2047 173.3
2105 173.3
197 174.3
315 174.3
362 174.3
411 174.3
747 174.3
760 174.3
862 174.3
1120 174.3
1187 174.3
1191 174.3
1229 174.3
1249 174.3
1335 174.3
1352 174.3
1441 174.3
1461 174.3
1475 174.3
1483 174.3
1616 174.3
1677 174.3
1827 174.3
2055 174.3
2153 174.3
128 175.3
300 175.3
437 175.3
476 175.3
1134 175.3
1271 175.3
1360 175.3
1385 175.3
1398 175.3
1414 175.3
1586 175.3
1768 175.3
1863 175.3
1896 175.3
2020 175.3
2030 175.3
2045 175.3
2098 175.3
2102 175.3
6 176.3
288 176.3
347 176.3
352 176.3
390 176.3
402 176.3
406 176.3
462 176.3
741 176.3
1233 176.3
1268 176.3
1296 176.3
1404 176.3
1425 176.3
1481 176.3
1647 176.3
1742 176.3
1792 176.3
1932 176.3
2010 176.3
2056 176.3
317 177.3
681 177.3
787 177.3
826 177.3
1206 177.3
1211 177.3
1276 177.3
1669 177.3
2155 177.3
157 178.3
426 178.3
446 178.3
519 178.3
746 178.3
791 178.3
803 178.3
1177 178.3
1217 178.3
1220 178.3
1243 178.3
1408 178.3
1523 178.3
1891 178.3
19 179.3
43 179.3
172 179.3
186 179.3
497 179.3
834 179.3
1245 179.3
1415 179.3
1453 179.3
1529 179.3
1534 179.3
1550 179.3
1853 179.3
1998 179.3
110 180.3
131 180.3
163 180.3
181 180.3
223 180.3
269 180.3
432 180.3
703 180.3
776 180.3
814 180.3
863 180.3
1164 180.3
1210 180.3
1273 180.3
1334 180.3
1341 180.3
1380 180.3
1468 180.3
1501 180.3
1540 180.3
1624 180.3
1703 180.3
1871 180.3
2213 180.3
144 181.3
376 181.3
457 181.3
561 181.3
648 181.3
653 181.3
876 181.3
1145 181.3
1146 181.3
1258 181.3
1260 181.3
1262 181.3
1270 181.3
1407 181.3
1435 181.3
1437 181.3
1497 181.3
1515 181.3
1538 181.3
1583 181.3
1666 181.3
1684 181.3
1716 181.3
1834 181.3
1900 181.3
1958 181.3
2065 181.3
192 182.3
239 182.3
274 182.3
371 182.3
673 182.3
813 182.3
1141 182.3
1143 182.3
1201 182.3
1283 182.3
1365 182.3
1373 182.3
1398 182.3
1471 182.3
1552 182.3
302 183.3
1122 183.3
1170 183.3
1316 183.3
1328 183.3
2194 183.3
2234 183.3
69 184.3
502 184.3
1195 184.3
1292 184.3
1302 184.3
1411 184.3
1477 184.3
1793 184.3
2125 184.3
59 185.3
214 185.3
491 185.3
596 185.3
812 185.3
1135 185.3
1241 185.3
1314 185.3
1438 185.3
1713 185.3
1782 185.3
1847 185.3
1977 185.3
1990 185.3
37 186.3
329 186.3
433 186.3
562 186.3
604 186.3
1182 186.3
1358 186.3
1372 186.3
1404 186.3
1570 186.3
1596 186.3
1655 186.3
1968 186.3
2142 186.3
2187 186.3
0 187.3
1 187.3
14 187.3
27 187.3
83 187.3
326 187.3
332 187.3
429 187.3
452 187.3
514 187.3
600 187.3
616 187.3
719 187.3
753 187.3
820 187.3
865 187.3
1113 187.3
1119 187.3
1129 187.3
1194 187.3
1251 187.3
1261 187.3
1262 187.3
1287 187.3
1424 187.3
1428 187.3
1485 187.3
1516 187.3
1552 187.3
1671 187.3
1705 187.3
1769 187.3
1785 187.3
1814 187.3
1842 187.3
1849 187.3
1979 187.3
2113 187.3
163 188.3
279 188.3
338 188.3
417 188.3
461 188.3
469 188.3
499 188.3
525 188.3
661 188.3
680 188.3
788 188.3
832 188.3
1038 188.3
1190 188.3
1223 188.3
1228 188.3
1325 188.3
1361 188.3
1420 188.3
1449 188.3
1479 188.3
1503 188.3
1505 188.3
1526 188.3
1538 188.3
1628 188.3
1732 188.3
2054 188.3
2114 188.3
100 189.3
244 189.3
256 189.3
644 189.3
701 189.3
961 189.3
1320 189.3
1344 189.3
1350 189.3
1356 189.3
1397 189.3
1476 189.3
1513 189.3
1527 189.3
1633 189.3
1641 189.3
1931 189.3
12 190.3
13 190.3
314 190.3
658 190.3
1160 190.3
1229 190.3
1370 190.3
1425 190.3
1560 190.3
1700 190.3
1701 190.3
1961 190.3
507 191.3
529 191.3
531 191.3
1137 191.3
1296 191.3
1343 191.3
1447 191.3
1480 191.3
1588 191.3
1710 191.3
1712 191.3
1714 191.3
2169 191.3
7 192.3
81 192.3
291 192.3
515 192.3
1186 192.3
1525 192.3
1574 192.3
1756 192.3
1781 192.3
1834 192.3
2180 192.3
56 193.3
503 193.3
569 193.3
858 193.3
1169 193.3
1208 193.3
1231 193.3
1255 193.3
1259 193.3
1263 193.3
1272 193.3
1311 193.3
1379 193.3
1417 193.3
1420 193.3
1442 193.3
1482 193.3
1579 193.3
1593 193.3
1773 193.3
1886 193.3
1897 193.3
1970 193.3
1974 193.3
2120 193.3
2189 193.3
68 194.3
189 194.3
200 194.3
288 194.3
409 194.3
430 194.3
478 194.3
497 194.3
504 194.3
640 194.3
805 194.3
906 194.3
1061 194.3
1195 194.3
1227 194.3
1249 194.3
1316 194.3
1335 194.3
1352 194.3
1373 194.3
1381 194.3
1387 194.3
1439 194.3
1472 194.3
1488 194.3
1510 194.3
1547 194.3
1663 194.3
2227 194.3
79 195.3
281 195.3
317 195.3
446 195.3
676 195.3
707 195.3
804 195.3
847 195.3
1168 195.3
1234 195.3
1235 195.3
1287 195.3
1376 195.3
1491 195.3
1512 195.3
1520 195.3
1751 195.3
1851 195.3
1994 195.3
2172 195.3
2194 195.3
484 196.3
636 196.3
765 196.3
1446 196.3
1486 196.3
1626 196.3
1882 196.3
43 197.3
258 197.3
341 197.3
381 197.3
662 197.3
666 197.3
809 197.3
1313 197.3
1359 197.3
1448 197.3
1483 197.3
1550 197.3
1565 197.3
1736 197.3
1872 197.3
208 198.3
567 198.3
1354 198.3
1395 198.3
1502 198.3
1597 198.3
1956 198.3
2171 198.3
307 199.3
688 199.3
1132 199.3
1239 199.3
1322 199.3
1648 199.3
1874 199.3
1896 199.3
213 201
1322 202
474 203
485 203
860 203
1303 203
422 204
1251 204
682 206
1701 207
1986 207
1430 210
21 211
2183 211
1131 211
1520 211
361 214
139 216
486 216
575 216
1857 217
2004 219
1422 220
366 221
791 221
570 222
2027 222
1335 223
203 224
1900 224
1187 225
1645 225
607 228
1618 230
166 231
230 232
275 232
411 233
630 233
1528 235
1889 235
2171 236
1538 236
522 237
1338 238
1713 238
1944 238
1699 239
1134 240
1994 242
2164 243
1953 243
567 244
845 244
1268 244
318 245
1948 245
74 246
2158 246
1593 246
155 247
1971 247
305 248
1844 248
2104 250
2147 251
1302 251
1344 251
1441 251
1594 251
1683 251
2231 253
290 254
813 254
2007 254
1398 254
508 256
1735 256
1965 256
22 257
851 257
1513 258
1605 258
225 260
1653 260
118 261
698 261
2006 261
583 262
667 263
158 265
2109 265
1721 265
1978 265
430 266
562 266
1847 266
466 267
707 267
1718 267
531 270
1129 271
316 272
793 272
1634 272
668 273
1736 273
366 274
446 274
1210 275
369 277
2236 277
185 278
553 278
1850 281
1365 284
1485 285
1989 285
486 286
861 286
1769 286
202 287
655 287
260 288
382 288
644 288
802 288
47 289
1331 289
1908 289
228 290
302 290
1696 290
766 291
2118 291
2238 291
360 293
798 293
1192 293
1200 293
1955 293
2093 294
1836 295
612 297
681 297
2195 297
2076 298
1457 298
