205 1
1406 1
1625 1
137 2
414 2
1927 2
1885 3
2130 4
386 5
418 5
1189 5
1507 5
1509 5
578 6
1365 7
1623 7
1361 8
2225 10
617 11
628 12
2138 13
652 14
1811 14
1984 14
77 15
545 15
719 16
2137 16
460 17
1600 17
249 18
416 18
828 18
1681 18
1810 19
1932 19
1161 20
1222 20
350 21
1155 21
309 22
615 22
294 23
611 24
2205 24
2234 24
577 25
603 25
21 27
1708 27
138 28
183 29
461 29
2098 29
1302 29
1419 29
1992 29
80 30
873 30
182 31
469 31
735 32
2042 34
1253 34
687 35
746 35
861 35
1401 35
201 36
385 36
512 37
831 38
2163 38
1433 38
1294 41
1892 41
106 42
1151 42
1314 42
120 44
340 44
1225 45
1489 45
1444 46
1446 46
651 47
499 48
1935 49
1462 51
553 52
1221 52
1948 52
1414 53
1838 53
468 54
710 55
1647 55
605 57
26 58
32 59
1303 59
1738 59
2113 60
1737 60
862 61
448 62
1233 62
1357 62
115 63
284 64
625 65
882 65
939 65
1237 65
1586 65
188 66
1876 66
2067 67
680 68
1424 69
653 70
1130 70
241 71
2099 71
83 72
334 72
349 73
1473 73
196 74
358 74
679 74
121 75
577 75
871 76
2147 76
1385 76
547 78
1182 78
1758 78
2095 79
11 80
221 81
1123 81
1199 81
1534 81
682 82
1692 82
101 83
1781 83
1945 83
317 84
1875 84
247 85
414 85
713 86
774 86
1197 86
1429 86
1777 86
1849 86
1889 87
2123 88
154 89
741 89
1461 89
1872 89
1946 89
1154 90
75 92
1350 92
399 93
1274 93
7 94
1597 94
1875 94
652 96
535 99
1562 100
285 101
421 101
427 101
611 101
674 101
854 101
857 101
971 101
979 101
1079 101
1083 101
1097 101
1169 101
1175 101
1293 101
1451 101
1649 101
1735 101
2051 101
2197 101
2237 101
603 102
794 102
817 102
890 102
1014 102
1058 102
1091 102
1122 102
1415 102
1539 102
1592 102
1652 102
1707 102
1739 102
1843 102
2113 102
340 103
704 103
1008 103
1009 103
1016 103
1093 103
1203 103
1294 103
1354 103
1374 103
1387 103
1507 103
1636 103
2141 103
450 104
771 104
831 104
959 104
1054 104
1108 104
1241 104
1243 104
1315 104
1385 104
1903 104
2057 104
336 105
943 105
977 105
1013 105
1141 105
1158 105
1383 105
1640 105
1984 105
233 106
513 106
561 106
635 106
716 106
805 106
934 106
1034 106
1076 106
1095 106
1111 106
1221 106
1335 106
1362 106
1487 106
1721 106
1805 106
2222 106
195 107
528 107
693 107
712 107
792 107
798 107
806 107
815 107
822 107
853 107
859 107
955 107
995 107
1041 107
1075 107
1180 107
1192 107
1351 107
1390 107
1434 107
1838 107
1919 107
1993 107
2232 107
155 108
302 108
393 108
401 108
655 108
686 108
946 108
1128 108
1249 108
1344 108
1369 108
1411 108
1450 108
1552 108
1609 108
1622 108
1671 108
1867 108
1888 108
1970 108
1999 108
2016 108
2052 108
84 109
241 109
438 109
578 109
672 109
845 109
1115 109
1343 109
1382 109
1569 109
1677 109
1927 109
285 110
296 110
353 110
399 110
529 110
586 110
742 110
988 110
1092 110
1146 110
1168 110
1224 110
1396 110
1626 110
2087 110
218 111
303 111
324 111
419 111
439 111
475 111
1486 111
295 112
385 112
1063 112
1223 112
1288 112
1517 112
1757 112
1887 112
160 113
394 113
505 113
646 113
718 113
1120 113
1181 113
1247 113
1621 113
1693 113
1781 113
1901 113
94 114
130 114
306 114
497 114
532 114
735 114
823 114
828 114
987 114
1024 114
1026 114
1047 114
1093 114
1094 114
1126 114
1164 114
1170 114
1185 114
1275 114
1336 114
1466 114
1492 114
1846 114
1864 114
1899 114
2051 114
2084 114
2090 114
355 115
495 115
536 115
774 115
775 115
925 115
1049 115
1082 115
1104 115
1168 115
1305 115
1405 115
1461 115
1700 115
1851 115
1902 115
2006 115
2159 115
1 116
20 116
82 116
601 116
625 116
691 116
879 116
922 116
991 116
1122 116
1209 116
1229 116
1302 116
1599 116
2133 116
172 117
229 117
623 117
997 117
1100 117
1200 117
1648 117
1655 117
1663 117
2154 117
219 118
299 118
589 118
808 118
861 118
1139 118
1260 118
1317 118
1372 118
2107 118
2139 118
70 119
154 119
337 119
537 119
628 119
941 119
1086 119
1192 119
1226 119
2112 119
116 120
143 120
320 120
342 120
467 120
510 120
565 120
680 120
986 120
1227 120
1261 120
1414 120
1438 120
1590 120
1763 120
1913 120
1941 120
2053 120
29 121
169 121
194 121
196 121
206 121
387 121
391 121
415 121
587 121
819 121
850 121
940 121
1189 121
1218 121
1246 121
1311 121
1343 121
1424 121
1451 121
1458 121
1505 121
1596 121
1664 121
1689 121
1973 121
2203 121
109 122
505 122
569 122
658 122
796 122
1044 122
1085 122
1129 122
1158 122
1205 122
1392 122
1909 122
2046 122
2197 122
2208 122
117 123
791 123
1146 123
1181 123
1201 123
1203 123
1273 123
1294 123
1378 123
1446 123
1724 123
2083 123
199 124
328 124
347 124
536 124
840 124
1124 124
1376 124
1678 124
1790 124
264 125
329 125
373 125
757 125
816 125
835 125
836 125
1118 125
1174 125
1225 125
1516 125
1785 125
1810 125
1938 125
115 126
367 126
538 126
555 126
627 126
811 126
1178 126
1391 126
1555 126
1649 126
13 127
120 127
213 127
438 127
993 127
1056 127
1159 127
1191 127
1337 127
1372 127
1377 127
1501 127
1556 127
1612 127
2032 127
2115 127
2196 127
285 128
422 128
591 128
613 128
622 128
882 128
979 128
1137 128
1149 128
1179 128
1202 128
1238 128
1256 128
1282 128
1289 128
1379 128
1470 128
1520 128
1621 128
1737 128
1743 128
1746 128
1943 128
2090 128
2152 128
2165 128
278 129
420 129
511 129
766 129
805 129
1126 129
1183 129
1205 129
1226 129
1243 129
1254 129
1908 129
1969 129
2079 129
2125 129
2148 129
110 130
232 130
423 130
660 130
671 130
1062 130
1169 130
1214 130
1354 130
1527 130
1615 130
1792 130
2085 130
2103 130
156 131
166 131
554 131
566 131
721 131
725 131
962 131
1028 131
1257 131
1369 131
1783 131
1976 131
2193 131
306 132
392 132
498 132
756 132
1083 132
1138 132
1145 132
1206 132
1235 132
1304 132
1735 132
2124 132
219 133
295 133
313 133
329 133
412 133
426 133
552 133
572 133
582 133
791 133
983 133
987 133
1041 133
1121 133
1140 133
1184 133
1200 133
1255 133
1279 133
1325 133
1428 133
1531 133
1546 133
1577 133
1638 133
1960 133
2131 133
2222 133
43 134
68 134
291 134
501 134
705 134
783 134
792 134
819 134
855 134
941 134
1059 134
1189 134
1212 134
1234 134
1241 134
1255 134
1380 134
1521 134
1539 134
1914 134
1922 134
1926 134
2191 134
109 135
129 135
235 135
277 135
323 135
340 135
394 135
440 135
588 135
681 135
1005 135
1008 135
1215 135
1232 135
1246 135
1259 135
1463 135
1575 135
1581 135
2109 135
2153 135
2187 135
55 136
121 136
362 136
602 136
650 136
699 136
732 136
1045 136
1171 136
1182 136
1251 136
1263 136
1328 136
1405 136
1662 136
1786 136
2080 136
33 137
70 137
200 137
407 137
430 137
1076 137
1166 137
1248 137
1278 137
1304 137
1573 137
1665 137
1684 137
454 138
937 138
1128 138
1183 138
1270 138
1399 138
1419 138
1944 138
69 139
349 139
386 139
442 139
565 139
653 139
839 139
1134 139
1214 139
1229 139
1319 139
1367 139
1475 139
1756 139
1843 139
1912 139
1977 139
2145 139
29 140
159 140
486 140
591 140
684 140
910 140
915 140
1092 140
1184 140
1226 140
1252 140
1267 140
1292 140
1356 140
1370 140
1451 140
1470 140
1649 140
1825 140
1927 140
132 141
147 141
225 141
293 141
452 141
707 141
789 141
943 141
982 141
1152 141
1164 141
1172 141
1186 141
1201 141
1247 141
1303 141
1311 141
1372 141
1436 141
1448 141
1459 141
1492 141
1600 141
1613 141
1792 141
1809 141
1852 141
2035 141
2049 141
2079 141
2108 141
2114 141
2194 141
2205 141
2217 141
144 142
162 142
263 142
370 142
502 142
523 142
709 142
1075 142
1205 142
1225 142
1237 142
1285 142
1338 142
1366 142
1396 142
1886 142
1966 142
1996 142
2085 142
179 143
211 143
457 143
848 143
1047 143
1196 143
1235 143
2181 143
531 144
617 144
854 144
956 144
1151 144
1260 144
1280 144
1322 144
1695 144
1917 144
2155 144
2233 144
117 145
267 145
409 145
899 145
1238 145
1537 145
1948 145
2083 145
98 146
253 146
521 146
548 146
582 146
1092 146
1134 146
1158 146
1198 146
1200 146
1289 146
1310 146
1380 146
1474 146
2143 146
260 147
332 147
357 147
498 147
674 147
975 147
1076 147
1247 147
1360 147
1384 147
1417 147
1423 147
1424 147
1445 147
1461 147
1562 147
1682 147
1776 147
1786 147
1992 147
2016 147
2024 147
2180 147
14 148
29 148
95 148
118 148
326 148
398 148
514 148
518 148
719 148
1162 148
1230 148
1288 148
1320 148
1345 148
1388 148
1408 148
1441 148
1444 148
1484 148
1530 148
1532 148
1535 148
1564 148
1680 148
1736 148
1842 148
1973 148
2161 148
2181 148
2188 148
31 149
419 149
555 149
596 149
686 149
1091 149
1140 149
1231 149
1300 149
1314 149
1403 149
1455 149
1458 149
1561 149
1907 149
1994 149
2136 149
345 150
374 150
765 150
793 150
1150 150
1246 150
1263 150
1294 150
1342 150
1416 150
1569 150
1807 150
1223 151
1232 151
1463 151
1521 151
1554 151
1706 151
1747 151
172 152
369 152
655 152
659 152
1183 152
1194 152
1261 152
1273 152
1295 152
1525 152
80 153
177 153
317 153
358 153
536 153
614 153
627 153
826 153
1179 153
1270 153
1354 153
1410 153
1667 153
1754 153
1928 153
1943 153
2044 153
2047 153
2239 153
152 154
399 154
621 154
762 154
829 154
831 154
1172 154
1222 154
1236 154
1275 154
1336 154
1369 154
1450 154
1467 154
1492 154
1499 154
1529 154
1602 154
1768 154
1837 154
1842 154
1916 154
2056 154
2096 154
6 155
295 155
360 155
600 155
608 155
661 155
664 155
740 155
928 155
1208 155
1345 155
1415 155
1476 155
1539 155
1642 155
1731 155
1766 155
1930 155
1978 155
1993 155
2098 155
2109 155
249 156
263 156
326 156
366 156
633 156
799 156
1133 156
1378 156
1418 156
1580 156
1699 156
2165 156
306 157
496 157
499 157
644 157
670 157
767 157
839 157
1177 157
1391 157
1755 157
1830 157
1839 157
2011 157
2236 157
619 158
631 158
746 158
1288 158
1441 158
1475 158
1660 158
1710 158
1757 158
1765 158
1786 158
2004 158
132 159
335 159
780 159
990 159
1253 159
1360 159
1440 159
1522 159
1560 159
1773 159
1944 159
2173 159
91 160
382 160
487 160
524 160
732 160
951 160
1238 160
1258 160
1421 160
1434 160
1497 160
1513 160
1553 160
1639 160
1676 160
1708 160
1821 160
1986 160
2218 160
2 161
43 161
237 161
690 161
753 161
862 161
1015 161
1158 161
1176 161
1190 161
1269 161
1305 161
1425 161
1444 161
1458 161
1537 161
1636 161
1684 161
1704 161
1711 161
1905 161
1994 161
2186 161
98 162
143 162
173 162
324 162
385 162
498 162
1188 162
1192 162
1256 162
1265 162
1469 162
1477 162
1577 162
1647 162
2008 162
2150 162
2197 162
107 163
800 163
1633 163
1725 163
140 164
482 164
645 164
747 164
1240 164
1403 164
133 165
505 165
635 165
779 165
1058 165
1207 165
1257 165
1292 165
1385 165
1504 165
1657 165
1763 165
2213 165
4 166
31 166
114 166
176 166
405 166
613 166
738 166
1320 166
1352 166
1491 166
1651 166
1687 166
1922 166
2153 166
211 167
384 167
397 167
400 167
426 167
488 167
588 167
715 167
1276 167
1280 167
1338 167
1362 167
1405 167
1421 167
1525 167
1548 167
1798 167
1822 167
1843 167
2091 167
2115 167
69 168
159 168
275 168
285 168
328 168
396 168
467 168
678 168
709 168
1318 168
1414 168
1445 168
1489 168
1750 168
1913 168
1920 168
1984 168
2170 168
2207 168
19 169
303 169
582 169
797 169
801 169
868 169
1152 169
1229 169
1237 169
1284 169
1327 169
1406 169
1407 169
1474 169
1565 169
1643 169
1969 169
2177 169
430 170
841 170
1093 170
1159 170
1200 170
1208 170
1242 170
1295 170
1433 170
1443 170
1454 170
1460 170
2134 170
2176 170
2196 170
8 171
563 171
710 171
1317 171
1408 171
1448 171
1552 171
1626 171
1790 171
213 172
549 172
1206 172
1250 172
1265 172
1307 172
1372 172
1449 172
1481 172
1633 172
1710 172
1863 172
1953 172
12 173
59 173
106 173
146 173
317 173
741 173
1010 173
1226 173
1231 173
1243 173
1273 173
1332 173
1384 173
1417 173
1431 173
1505 173
1561 173
1621 173
1623 173
1726 173
1763 173
1882 173
1937 173
2094 173
45 174
88 174
129 174
142 174
308 174
418 174
439 174
455 174
461 174
472 174
541 174
619 174
746 174
803 174
1118 174
1120 174
1183 174
1203 174
1320 174
1463 174
1488 174
1499 174
1512 174
1524 174
1556 174
1602 174
1607 174
1637 174
1734 174
1747 174
1861 174
2157 174
169 175
318 175
375 175
657 175
849 175
866 175
1053 175
1216 175
1342 175
1438 175
1461 175
1473 175
1486 175
1567 175
1579 175
1654 175
1768 175
1847 175
1921 175
2018 175
2159 175
24 176
44 176
314 176
462 176
489 176
501 176
528 176
697 176
766 176
1365 176
1414 176
1508 176
1538 176
1591 176
1727 176
2138 176
14 177
119 177
242 177
380 177
730 177
946 177
1139 177
1371 177
1491 177
1551 177
1586 177
1613 177
1303 178
1354 178
1379 178
1652 178
7 179
259 179
496 179
560 179
631 179
654 179
1218 179
1223 179
1339 179
1372 179
1444 179
1589 179
1612 179
1800 179
1845 179
1936 179
2107 179
68 180
370 180
638 180
788 180
1246 180
1311 180
1347 180
1405 180
1426 180
1468 180
1472 180
1478 180
1627 180
1657 180
1728 180
1813 180
1839 180
1939 180
1951 180
2142 180
18 181
254 181
437 181
448 181
529 181
558 181
621 181
704 181
732 181
735 181
1306 181
1352 181
1365 181
1368 181
1483 181
1502 181
1555 181
1605 181
1685 181
1878 181
1988 181
2000 181
2156 181
144 182
230 182
300 182
337 182
388 182
877 182
903 182
1217 182
1263 182
1428 182
1439 182
1466 182
1482 182
1497 182
1675 182
1677 182
1701 182
1899 182
1949 182
2070 182
2075 182
2215 182
322 183
366 183
438 183
623 183
640 183
1338 183
1415 183
1420 183
1495 183
1504 183
1538 183
1554 183
1620 183
1642 183
1659 183
1661 183
1745 183
2014 183
43 184
324 184
801 184
837 184
1325 184
1551 184
1846 184
1237 185
1610 185
112 186
245 186
246 186
288 186
303 186
416 186
417 186
505 186
569 186
1018 186
1191 186
1345 186
1430 186
1443 186
1460 186
1461 186
1500 186
1556 186
1632 186
1761 186
1863 186
34 187
37 187
61 187
63 187
193 187
196 187
305 187
311 187
357 187
360 187
458 187
751 187
825 187
853 187
870 187
1167 187
1401 187
1424 187
1429 187
1448 187
1489 187
1552 187
1581 187
1617 187
1891 187
1976 187
2048 187
2178 187
39 188
42 188
210 188
248 188
280 188
382 188
503 188
701 188
792 188
799 188
1042 188
1183 188
1279 188
1312 188
1316 188
1379 188
1435 188
1529 188
1550 188
1656 188
1690 188
1991 188
2022 188
2152 188
2188 188
2190 188
351 189
586 189
593 189
1145 189
1179 189
1309 189
1333 189
1395 189
1449 189
1456 189
1499 189
1508 189
1522 189
1531 189
1619 189
1854 189
74 190
155 190
510 190
628 190
632 190
651 190
678 190
1352 190
1361 190
1364 190
1491 190
1564 190
1809 190
2108 190
2219 190
1467 191
274 192
828 192
1146 192
1415 192
1428 192
1604 192
1822 192
2055 192
2145 192
175 193
183 193
323 193
674 193
750 193
822 193
829 193
869 193
1123 193
1129 193
1185 193
1257 193
1299 193
1306 193
1357 193
1455 193
1544 193
1881 193
2111 193
2138 193
56 194
93 194
319 194
606 194
720 194
769 194
1133 194
1236 194
1315 194
1325 194
1398 194
1447 194
1478 194
1602 194
1638 194
1672 194
1749 194
2030 194
2063 194
2066 194
2239 194
98 195
173 195
213 195
288 195
417 195
552 195
747 195
763 195
875 195
994 195
1284 195
1451 195
1538 195
1587 195
1589 195
1591 195
1592 195
1623 195
1625 195
1647 195
1681 195
1722 195
1729 195
1828 195
1829 195
1877 195
2180 195
2202 195
543 196
1172 196
1276 196
1347 196
1360 196
1414 196
1480 196
1510 196
1596 196
1621 196
1631 196
1643 196
1716 196
1933 196
1994 196
2012 196
42 197
1345 197
1485 197
1618 197
1698 197
1986 197
2069 197
2081 197
2144 197
383 198
632 198
864 198
1989 198
2136 198
236 199
294 199
396 199
494 199
1178 199
1310 199
1435 199
1490 199
1865 199
2147 199
2157 199
35 200
125 200
162 200
427 200
647 200
804 200
1270 200
1397 200
1464 200
1482 200
1516 200
1565 200
1583 200
1616 200
1741 200
1787 200
1791 200
1855 200
2054 200
2211 200
405 201
2225 201
273 202
1302 203
1996 203
1159 204
1795 205
1717 206
1774 206
1714 207
815 208
118 210
218 210
2070 210
579 211
1211 211
873 212
1341 213
163 214
1185 214
44 215
1624 215
74 216
2000 216
1497 217
1521 218
1725 218
1884 219
1686 220
191 221
1532 221
1644 222
1959 222
875 223
2002 223
193 224
298 224
1566 225
392 226
1382 226
1420 226
1998 226
13 227
40 227
1568 227
15 228
1548 228
1630 228
1340 229
1814 229
837 231
859 231
1920 231
1859 232
81 233
579 233
1328 233
1531 233
38 235
760 235
420 236
335 237
563 237
2093 237
2211 237
3 238
32 238
309 238
1249 238
714 239
250 241
2183 241
1237 241
2180 242
1162 244
1230 244
1506 244
261 245
484 246
590 246
1197 246
1668 246
1812 247
102 248
1193 249
1687 250
271 251
1439 251
1920 251
617 252
2187 252
179 253
371 253
2139 253
257 254
713 254
1900 254
1285 256
1609 256
562 257
879 257
429 258
462 258
1341 258
48 259
369 259
1014 259
1441 259
806 260
1942 260
320 261
489 262
783 263
1376 263
134 264
1340 264
723 265
829 265
2149 265
1924 265
613 266
664 267
1699 267
63 268
702 268
1463 268
2229 269
1444 269
1122 270
359 271
849 271
183 272
352 272
1622 272
1665 273
1743 273
376 274
733 274
523 275
2175 275
1304 275
1765 275
1874 275
555 276
2002 276
820 278
2219 278
1617 278
1207 279
1296 281
1758 281
502 282
2105 282
1344 282
1520 282
1656 282
1752 282
112 283
235 284
2101 286
2106 286
2151 286
2025 287
1266 287
374 289
1583 289
265 291
158 292
1653 292
379 293
635 293
851 293
1446 293
1253 295
1645 295
259 296
809 296
1393 296
782 297
2227 297
1212 297
1383 297
1985 299
790 300
