1880 1
1363 2
10 3
1295 3
231 4
1853 4
1894 4
1447 5
825 6
857 7
2208 7
1762 7
1908 7
565 8
161 9
1991 9
368 10
308 11
1372 11
1149 12
1229 12
320 13
853 13
1134 13
1267 13
285 15
472 15
1190 15
1883 15
60 16
365 16
1619 16
1497 18
356 19
562 19
1123 19
877 20
2075 20
2229 20
692 21
1424 21
647 22
778 22
382 23
396 23
1441 23
344 24
798 24
2130 24
1539 24
56 25
1026 25
1208 25
1282 25
1884 25
780 27
1235 27
1595 27
770 28
1331 28
776 29
1593 29
1625 29
496 30
516 30
2123 30
321 31
956 31
2132 31
1941 31
477 32
322 33
574 34
671 34
1634 34
826 35
1220 35
2229 36
1652 36
1986 36
2232 37
1147 37
7 39
818 40
1348 40
311 41
825 41
864 41
1778 41
1820 41
108 42
213 42
503 43
1866 43
49 44
998 45
1137 45
17 46
258 46
1235 46
1402 46
1618 46
1697 46
214 47
758 47
814 47
519 48
2006 48
2217 48
1142 49
1909 49
425 50
617 50
2227 51
1809 51
1475 52
572 53
2228 53
685 55
1282 56
1561 56
800 57
856 57
1184 57
1189 57
2013 58
1190 58
1722 62
1867 62
346 63
428 63
605 65
1215 65
1439 65
2039 66
1934 66
403 67
583 68
2132 68
58 71
1350 71
1920 71
1997 72
835 73
1142 73
1305 73
1635 73
47 74
2193 74
2123 76
1228 77
1960 77
63 78
323 78
461 78
1130 79
123 80
186 80
1549 80
9 81
260 81
2230 81
1434 81
245 82
1832 82
2039 84
250 85
1840 85
739 87
131 88
2097 88
831 89
476 90
1498 91
597 92
1645 92
468 93
1697 95
728 96
1261 96
1276 96
680 97
276 99
667 99
1688 99
589 100
1631 100
55 100.3
70 100.3
74 100.3
274 100.3
301 100.3
329 100.3
585 100.3
672 100.3
1150 100.3
1270 100.3
1281 100.3
1310 100.3
1361 100.3
1517 100.3
1798 100.3
1988 100.3
13 101.3
21 101.3
105 101.3
112 101.3
221 101.3
321 101.3
670 101.3
872 101.3
1412 101.3
1464 101.3
1515 101.3
1518 101.3
1649 101.3
1654 101.3
1655 101.3
1887 101.3
1919 101.3
2055 101.3
2140 101.3
2197 101.3
25 102.3
59 102.3
84 102.3
119 102.3
188 102.3
254 102.3
257 102.3
273 102.3
454 102.3
612 102.3
617 102.3
640 102.3
810 102.3
987 102.3
1367 102.3
1427 102.3
1434 102.3
1453 102.3
1480 102.3
1612 102.3
1890 102.3
1973 102.3
2088 102.3
2101 102.3
2142 102.3
2212 102.3
33 103.3
37 103.3
108 103.3
121 103.3
132 103.3
178 103.3
275 103.3
278 103.3
282 103.3
284 103.3
310 103.3
334 103.3
411 103.3
582 103.3
595 103.3
1006 103.3
1129 103.3
1638 103.3
1739 103.3
1742 103.3
2009 103.3
2201 103.3
64 104.3
127 104.3
206 104.3
271 104.3
302 104.3
328 104.3
340 104.3
374 104.3
395 104.3
421 104.3
1432 104.3
1770 104.3
1882 104.3
53 105.3
122 105.3
153 105.3
191 105.3
210 105.3
277 105.3
364 105.3
397 105.3
1695 105.3
1725 105.3
1959 105.3
109 106.3
140 106.3
183 106.3
371 106.3
620 106.3
874 106.3
1372 106.3
1953 106.3
1977 106.3
129 107.3
162 107.3
174 107.3
271 107.3
315 107.3
316 107.3
380 107.3
413 107.3
481 107.3
488 107.3
644 107.3
725 107.3
738 107.3
864 107.3
1154 107.3
1322 107.3
1325 107.3
1559 107.3
1941 107.3
2108 107.3
105 108.3
161 108.3
213 108.3
279 108.3
289 108.3
295 108.3
335 108.3
356 108.3
389 108.3
407 108.3
550 108.3
625 108.3
723 108.3
871 108.3
1159 108.3
1399 108.3
1468 108.3
1630 108.3
1665 108.3
1733 108.3
1921 108.3
1937 108.3
1983 108.3
2040 108.3
2085 108.3
2137 108.3
70 109.3
114 109.3
144 109.3
147 109.3
196 109.3
246 109.3
253 109.3
305 109.3
437 109.3
447 109.3
584 109.3
632 109.3
672 109.3
1037 109.3
1328 109.3
1373 109.3
1415 109.3
1662 109.3
1680 109.3
1724 109.3
1863 109.3
1881 109.3
1968 109.3
2005 109.3
2076 109.3
102 110.3
233 110.3
266 110.3
385 110.3
459 110.3
503 110.3
506 110.3
569 110.3
826 110.3
1231 110.3
1370 110.3
1431 110.3
1590 110.3
15 111.3
130 111.3
184 111.3
221 111.3
323 111.3
355 111.3
362 111.3
401 111.3
438 111.3
439 111.3
696 111.3
775 111.3
818 111.3
1566 111.3
1655 111.3
1737 111.3
1866 111.3
75 112.3
89 112.3
256 112.3
272 112.3
444 112.3
454 112.3
474 112.3
555 112.3
1770 112.3
1813 112.3
2101 112.3
2150 112.3
288 113.3
309 113.3
318 113.3
321 113.3
727 113.3
865 113.3
969 113.3
1159 113.3
1982 113.3
1991 113.3
2158 113.3
55 114.3
66 114.3
238 114.3
416 114.3
895 114.3
1142 114.3
1189 114.3
1538 114.3
1562 114.3
1664 114.3
1780 114.3
1871 114.3
1969 114.3
2000 114.3
2079 114.3
137 115.3
217 115.3
248 115.3
325 115.3
359 115.3
360 115.3
500 115.3
514 115.3
609 115.3
649 115.3
661 115.3
665 115.3
761 115.3
998 115.3
1051 115.3
1237 115.3
1260 115.3
1414 115.3
1614 115.3
2016 115.3
2163 115.3
2167 115.3
99 116.3
113 116.3
178 116.3
236 116.3
305 116.3
330 116.3
343 116.3
686 116.3
1238 116.3
1352 116.3
1383 116.3
1568 116.3
1585 116.3
2053 116.3
2117 116.3
2121 116.3
2228 116.3
103 117.3
235 117.3
383 117.3
1396 117.3
1528 117.3
1575 117.3
1676 117.3
1712 117.3
1826 117.3
1839 117.3
1873 117.3
1988 117.3
319 118.3
338 118.3
605 118.3
638 118.3
699 118.3
1319 118.3
1354 118.3
1402 118.3
1709 118.3
2054 118.3
2091 118.3
110 119.3
237 119.3
249 119.3
251 119.3
356 119.3
371 119.3
634 119.3
1887 119.3
1984 119.3
2221 119.3
163 120.3
272 120.3
308 120.3
368 120.3
415 120.3
432 120.3
518 120.3
1245 120.3
1657 120.3
1722 120.3
1746 120.3
1850 120.3
1864 120.3
1948 120.3
102 121.3
380 121.3
397 121.3
413 121.3
442 121.3
471 121.3
476 121.3
516 121.3
521 121.3
590 121.3
712 121.3
824 121.3
831 121.3
839 121.3
1290 121.3
1349 121.3
1519 121.3
1646 121.3
1715 121.3
1879 121.3
1890 121.3
2011 121.3
2138 121.3
2199 121.3
123 122.3
173 122.3
305 122.3
306 122.3
307 122.3
346 122.3
357 122.3
367 122.3
537 122.3
1150 122.3
1300 122.3
1329 122.3
1484 122.3
1601 122.3
1725 122.3
1818 122.3
1829 122.3
1928 122.3
2014 122.3
30 123.3
63 123.3
74 123.3
100 123.3
183 123.3
250 123.3
296 123.3
366 123.3
393 123.3
472 123.3
552 123.3
565 123.3
576 123.3
720 123.3
749 123.3
1160 123.3
2142 123.3
46 124.3
59 124.3
289 124.3
330 124.3
379 124.3
438 124.3
524 124.3
529 124.3
909 124.3
1283 124.3
1483 124.3
1534 124.3
1662 124.3
1957 124.3
2002 124.3
90 125.3
151 125.3
245 125.3
478 125.3
517 125.3
865 125.3
889 125.3
926 125.3
1138 125.3
1248 125.3
1362 125.3
1447 125.3
1698 125.3
1986 125.3
2163 125.3
0 126.3
93 126.3
169 126.3
304 126.3
314 126.3
372 126.3
386 126.3
452 126.3
457 126.3
571 126.3
700 126.3
820 126.3
930 126.3
1278 126.3
1325 126.3
1491 126.3
1507 126.3
1719 126.3
299 127.3
378 127.3
512 127.3
531 127.3
545 127.3
581 127.3
783 127.3
1465 127.3
1620 127.3
1862 127.3
1892 127.3
1965 127.3
2198 127.3
2220 127.3
175 128.3
303 128.3
308 128.3
331 128.3
364 128.3
383 128.3
440 128.3
474 128.3
475 128.3
504 128.3
510 128.3
767 128.3
817 128.3
872 128.3
1120 128.3
1218 128.3
1538 128.3
2074 128.3
322 129.3
336 129.3
461 129.3
467 129.3
568 129.3
637 129.3
646 129.3
706 129.3
1128 129.3
1285 129.3
1531 129.3
1625 129.3
1824 129.3
1848 129.3
1959 129.3
2044 129.3
79 130.3
259 130.3
279 130.3
370 130.3
425 130.3
430 130.3
436 130.3
437 130.3
549 130.3
829 130.3
1292 130.3
1512 130.3
1546 130.3
1651 130.3
1832 130.3
246 131.3
263 131.3
373 131.3
410 131.3
441 131.3
473 131.3
560 131.3
617 131.3
797 131.3
1152 131.3
20 132.3
77 132.3
345 132.3
487 132.3
624 132.3
678 132.3
721 132.3
1131 132.3
1246 132.3
1385 132.3
2188 132.3
272 133.3
286 133.3
311 133.3
393 133.3
544 133.3
744 133.3
779 133.3
1593 133.3
1643 133.3
1727 133.3
1797 133.3
2239 133.3
75 134.3
159 134.3
276 134.3
405 134.3
406 134.3
446 134.3
468 134.3
493 134.3
546 134.3
657 134.3
760 134.3
1271 134.3
1275 134.3
1529 134.3
1704 134.3
1970 134.3
2039 134.3
2094 134.3
35 135.3
156 135.3
207 135.3
249 135.3
389 135.3
401 135.3
402 135.3
443 135.3
461 135.3
502 135.3
541 135.3
551 135.3
557 135.3
571 135.3
595 135.3
632 135.3
674 135.3
979 135.3
1261 135.3
1351 135.3
1543 135.3
1547 135.3
1618 135.3
1710 135.3
1737 135.3
1861 135.3
2191 135.3
161 136.3
264 136.3
281 136.3
325 136.3
356 136.3
382 136.3
388 136.3
465 136.3
508 136.3
705 136.3
1061 136.3
1189 136.3
1256 136.3
1314 136.3
1488 136.3
1503 136.3
1630 136.3
1884 136.3
2093 136.3
2213 136.3
208 137.3
212 137.3
287 137.3
341 137.3
394 137.3
400 137.3
420 137.3
422 137.3
457 137.3
596 137.3
846 137.3
1234 137.3
1366 137.3
1525 137.3
1734 137.3
339 138.3
531 138.3
537 138.3
550 138.3
642 138.3
804 138.3
1252 138.3
1406 138.3
1664 138.3
1854 138.3
1974 138.3
151 139.3
374 139.3
485 139.3
497 139.3
546 139.3
824 139.3
1134 139.3
1231 139.3
1478 139.3
1966 139.3
2022 139.3
2131 139.3
413 140.3
426 140.3
483 140.3
582 140.3
608 140.3
665 140.3
728 140.3
1369 140.3
1483 140.3
1506 140.3
1512 140.3
1514 140.3
1812 140.3
2008 140.3
2011 140.3
2221 140.3
163 141.3
364 141.3
376 141.3
384 141.3
404 141.3
536 141.3
560 141.3
628 141.3
633 141.3
637 141.3
720 141.3
800 141.3
802 141.3
861 141.3
1155 141.3
1210 141.3
1354 141.3
1587 141.3
1626 141.3
1749 141.3
1917 141.3
2193 141.3
20 142.3
84 142.3
92 142.3
96 142.3
135 142.3
284 142.3
285 142.3
301 142.3
399 142.3
411 142.3
430 142.3
434 142.3
438 142.3
462 142.3
494 142.3
506 142.3
640 142.3
690 142.3
724 142.3
768 142.3
1194 142.3
1281 142.3
1651 142.3
1653 142.3
1674 142.3
1882 142.3
1923 142.3
1932 142.3
2049 142.3
178 143.3
223 143.3
247 143.3
290 143.3
319 143.3
395 143.3
442 143.3
535 143.3
545 143.3
604 143.3
699 143.3
707 143.3
835 143.3
1007 143.3
1095 143.3
1573 143.3
1924 143.3
1990 143.3
2072 143.3
262 144.3
331 144.3
437 144.3
489 144.3
862 144.3
1550 144.3
1599 144.3
1801 144.3
1986 144.3
2061 144.3
107 145.3
296 145.3
459 145.3
484 145.3
642 145.3
2012 145.3
2024 145.3
2165 145.3
156 146.3
240 146.3
476 146.3
693 146.3
767 146.3
1143 146.3
1214 146.3
1291 146.3
1340 146.3
1512 146.3
1983 146.3
2015 146.3
2068 146.3
2223 146.3
18 147.3
255 147.3
426 147.3
502 147.3
523 147.3
541 147.3
547 147.3
665 147.3
704 147.3
734 147.3
1288 147.3
1436 147.3
1468 147.3
1488 147.3
1505 147.3
1517 147.3
1725 147.3
2032 147.3
2151 147.3
12 148.3
116 148.3
211 148.3
287 148.3
319 148.3
394 148.3
402 148.3
479 148.3
505 148.3
511 148.3
534 148.3
568 148.3
589 148.3
652 148.3
713 148.3
813 148.3
852 148.3
1141 148.3
1369 148.3
1431 148.3
1554 148.3
1710 148.3
1743 148.3
1822 148.3
1941 148.3
1979 148.3
3 149.3
38 149.3
169 149.3
175 149.3
265 149.3
341 149.3
405 149.3
454 149.3
518 149.3
556 149.3
575 149.3
591 149.3
827 149.3
842 149.3
997 149.3
1161 149.3
1245 149.3
1265 149.3
1310 149.3
1400 149.3
1420 149.3
1466 149.3
1484 149.3
1735 149.3
1921 149.3
1945 149.3
2008 149.3
2046 149.3
2052 149.3
2113 149.3
2202 149.3
94 150.3
246 150.3
438 150.3
497 150.3
561 150.3
717 150.3
1182 150.3
1188 150.3
1197 150.3
1389 150.3
1396 150.3
1768 150.3
1905 150.3
1952 150.3
66 151.3
128 151.3
223 151.3
517 151.3
587 151.3
623 151.3
832 151.3
1330 151.3
1971 151.3
531 152.3
706 152.3
728 152.3
1180 152.3
1450 152.3
7 153.3
46 153.3
129 153.3
460 153.3
632 153.3
668 153.3
688 153.3
1229 153.3
1380 153.3
1543 153.3
1564 153.3
1791 153.3
1808 153.3
1924 153.3
2021 153.3
2080 153.3
130 154.3
338 154.3
434 154.3
497 154.3
526 154.3
539 154.3
565 154.3
585 154.3
618 154.3
627 154.3
761 154.3
1316 154.3
1446 154.3
1653 154.3
1658 154.3
1666 154.3
1729 154.3
1853 154.3
2054 154.3
2140 154.3
173 155.3
285 155.3
334 155.3
404 155.3
447 155.3
456 155.3
469 155.3
501 155.3
525 155.3
542 155.3
545 155.3
569 155.3
581 155.3
592 155.3
669 155.3
691 155.3
712 155.3
721 155.3
767 155.3
768 155.3
820 155.3
944 155.3
1010 155.3
1142 155.3
1170 155.3
1314 155.3
1515 155.3
1539 155.3
1595 155.3
1611 155.3
1621 155.3
1712 155.3
1769 155.3
1918 155.3
2141 155.3
172 156.3
193 156.3
284 156.3
563 156.3
572 156.3
665 156.3
707 156.3
710 156.3
723 156.3
765 156.3
1298 156.3
1304 156.3
1313 156.3
1378 156.3
1442 156.3
1602 156.3
1676 156.3
1774 156.3
1794 156.3
1977 156.3
1994 156.3
2037 156.3
2072 156.3
43 157.3
232 157.3
390 157.3
396 157.3
552 157.3
651 157.3
696 157.3
787 157.3
1153 157.3
1580 157.3
1705 157.3
325 158.3
328 158.3
458 158.3
534 158.3
555 158.3
623 158.3
697 158.3
782 158.3
1196 158.3
1251 158.3
1290 158.3
1862 158.3
2132 158.3
73 159.3
277 159.3
443 159.3
481 159.3
739 159.3
889 159.3
1064 159.3
1150 159.3
1841 159.3
1926 159.3
1954 159.3
2147 159.3
53 160.3
90 160.3
333 160.3
406 160.3
495 160.3
546 160.3
558 160.3
596 160.3
640 160.3
687 160.3
876 160.3
1276 160.3
1478 160.3
1696 160.3
1832 160.3
1833 160.3
1947 160.3
2103 160.3
2191 160.3
89 161.3
144 161.3
197 161.3
473 161.3
474 161.3
505 161.3
508 161.3
600 161.3
671 161.3
675 161.3
708 161.3
784 161.3
857 161.3
1203 161.3
1468 161.3
1523 161.3
1537 161.3
1586 161.3
1624 161.3
1780 161.3
1864 161.3
1934 161.3
1935 161.3
2023 161.3
2075 161.3
141 162.3
152 162.3
167 162.3
245 162.3
399 162.3
488 162.3
559 162.3
577 162.3
644 162.3
652 162.3
654 162.3
672 162.3
706 162.3
726 162.3
755 162.3
805 162.3
817 162.3
1159 162.3
1208 162.3
1209 162.3
1229 162.3
1265 162.3
1269 162.3
1321 162.3
1325 162.3
1329 162.3
1464 162.3
1555 162.3
1593 162.3
1842 162.3
1944 162.3
1971 162.3
2178 162.3
314 163.3
420 163.3
520 163.3
629 163.3
744 163.3
826 163.3
1100 163.3
1137 163.3
1465 163.3
1469 163.3
1491 163.3
1625 163.3
1966 163.3
2025 163.3
37 164.3
611 164.3
1224 164.3
1264 164.3
1733 164.3
2228 164.3
34 165.3
353 165.3
430 165.3
1207 165.3
326 166.3
516 166.3
640 166.3
690 166.3
871 166.3
1392 166.3
1453 166.3
1631 166.3
1656 166.3
1724 166.3
650 167.3
705 167.3
801 167.3
1138 167.3
1174 167.3
1626 167.3
1683 167.3
1751 167.3
1827 167.3
1830 167.3
1857 167.3
1969 167.3
1997 167.3
2150 167.3
2215 167.3
18 168.3
22 168.3
74 168.3
158 168.3
177 168.3
368 168.3
434 168.3
566 168.3
575 168.3
628 168.3
846 168.3
935 168.3
1199 168.3
1527 168.3
1584 168.3
1634 168.3
1648 168.3
1669 168.3
1692 168.3
1723 168.3
1765 168.3
1770 168.3
1896 168.3
1923 168.3
2072 168.3
2154 168.3
2176 168.3
85 169.3
446 169.3
568 169.3
573 169.3
658 169.3
673 169.3
802 169.3
885 169.3
1101 169.3
1345 169.3
1368 169.3
1605 169.3
1693 169.3
2016 169.3
2118 169.3
2182 169.3
2234 169.3
80 170.3
206 170.3
276 170.3
623 170.3
641 170.3
704 170.3
745 170.3
932 170.3
1148 170.3
1152 170.3
1381 170.3
1446 170.3
1538 170.3
1731 170.3
1737 170.3
1805 170.3
2029 170.3
2048 170.3
2221 170.3
95 171.3
242 171.3
253 171.3
293 171.3
417 171.3
687 171.3
743 171.3
752 171.3
839 171.3
1120 171.3
1592 171.3
551 172.3
1218 172.3
1590 172.3
1722 172.3
2145 172.3
208 173.3
310 173.3
460 173.3
536 173.3
576 173.3
677 173.3
684 173.3
891 173.3
1198 173.3
1238 173.3
1280 173.3
1378 173.3
1749 173.3
1781 173.3
2100 173.3
67 174.3
110 174.3
191 174.3
331 174.3
437 174.3
502 174.3
632 174.3
664 174.3
727 174.3
832 174.3
1185 174.3
1192 174.3
1240 174.3
1352 174.3
1441 174.3
1512 174.3
1619 174.3
1629 174.3
1636 174.3
1884 174.3
2068 174.3
73 175.3
108 175.3
112 175.3
338 175.3
353 175.3
454 175.3
465 175.3
487 175.3
511 175.3
521 175.3
590 175.3
598 175.3
607 175.3
618 175.3
642 175.3
714 175.3
766 175.3
769 175.3
794 175.3
820 175.3
825 175.3
826 175.3
878 175.3
882 175.3
889 175.3
1233 175.3
1290 175.3
1312 175.3
1413 175.3
1444 175.3
1502 175.3
1718 175.3
1779 175.3
1794 175.3
1883 175.3
1886 175.3
2060 175.3
5 176.3
57 176.3
196 176.3
276 176.3
421 176.3
570 176.3
652 176.3
680 176.3
738 176.3
846 176.3
951 176.3
1118 176.3
1241 176.3
1406 176.3
1449 176.3
1713 176.3
1927 176.3
101 177.3
626 177.3
809 177.3
833 177.3
883 177.3
1366 177.3
1380 177.3
1467 177.3
1492 177.3
1676 177.3
1976 177.3
2070 177.3
29 178.3
56 178.3
742 178.3
2188 178.3
2219 178.3
432 179.3
643 179.3
688 179.3
711 179.3
754 179.3
757 179.3
1332 179.3
1362 179.3
1490 179.3
1544 179.3
1557 179.3
1792 179.3
2011 179.3
2102 179.3
64 180.3
152 180.3
307 180.3
532 180.3
600 180.3
675 180.3
702 180.3
756 180.3
778 180.3
867 180.3
1262 180.3
1488 180.3
1515 180.3
1605 180.3
1755 180.3
1794 180.3
1929 180.3
1957 180.3
2207 180.3
9 181.3
127 181.3
138 181.3
341 181.3
520 181.3
581 181.3
644 181.3
651 181.3
653 181.3
674 181.3
678 181.3
712 181.3
721 181.3
822 181.3
870 181.3
1230 181.3
1386 181.3
1707 181.3
1711 181.3
1875 181.3
1908 181.3
1923 181.3
1973 181.3
2221 181.3
2239 181.3
148 182.3
359 182.3
431 182.3
539 182.3
570 182.3
583 182.3
609 182.3
646 182.3
666 182.3
704 182.3
843 182.3
967 182.3
1182 182.3
1194 182.3
1288 182.3
1371 182.3
1564 182.3
1724 182.3
1987 182.3
2130 182.3
442 183.3
498 183.3
873 183.3
1137 183.3
1165 183.3
1548 183.3
1775 183.3
1829 183.3
1950 183.3
1960 183.3
1966 183.3
2046 183.3
2066 183.3
233 184.3
336 184.3
434 184.3
484 184.3
613 184.3
834 184.3
925 184.3
1693 184.3
1720 184.3
46 185.3
402 185.3
574 185.3
661 185.3
801 185.3
1301 185.3
1487 185.3
1841 185.3
2123 185.3
54 186.3
109 186.3
159 186.3
208 186.3
258 186.3
411 186.3
518 186.3
578 186.3
596 186.3
649 186.3
672 186.3
805 186.3
1145 186.3
1664 186.3
1978 186.3
2128 186.3
113 187.3
508 187.3
588 187.3
604 187.3
689 187.3
695 187.3
703 187.3
732 187.3
757 187.3
901 187.3
903 187.3
1057 187.3
1472 187.3
1520 187.3
1648 187.3
1692 187.3
1781 187.3
1920 187.3
6 188.3
25 188.3
40 188.3
261 188.3
323 188.3
349 188.3
388 188.3
515 188.3
586 188.3
590 188.3
631 188.3
799 188.3
844 188.3
851 188.3
856 188.3
932 188.3
1211 188.3
1416 188.3
1448 188.3
1450 188.3
1584 188.3
1592 188.3
1632 188.3
1667 188.3
1695 188.3
1731 188.3
2051 188.3
2205 188.3
11 189.3
209 189.3
435 189.3
692 189.3
874 189.3
887 189.3
931 189.3
954 189.3
1141 189.3
1193 189.3
1293 189.3
1559 189.3
1859 189.3
1879 189.3
618 190.3
675 190.3
714 190.3
1245 190.3
1247 190.3
1601 190.3
1738 190.3
1935 190.3
1951 190.3
107 191.3
162 191.3
436 191.3
558 191.3
667 191.3
800 191.3
823 191.3
825 191.3
842 191.3
871 191.3
1199 191.3
1220 191.3
1915 191.3
2121 191.3
1309 192.3
1545 192.3
1910 192.3
47 193.3
354 193.3
385 193.3
626 193.3
645 193.3
688 193.3
734 193.3
822 193.3
1340 193.3
1667 193.3
1732 193.3
1941 193.3
545 194.3
555 194.3
564 194.3
649 194.3
773 194.3
815 194.3
818 194.3
869 194.3
908 194.3
936 194.3
964 194.3
1144 194.3
1167 194.3
1519 194.3
1576 194.3
1870 194.3
1892 194.3
1896 194.3
1938 194.3
2029 194.3
2152 194.3
284 195.3
306 195.3
334 195.3
373 195.3
397 195.3
420 195.3
485 195.3
502 195.3
565 195.3
570 195.3
634 195.3
651 195.3
668 195.3
743 195.3
746 195.3
983 195.3
1132 195.3
1205 195.3
1210 195.3
1262 195.3
1269 195.3
1404 195.3
1410 195.3
1544 195.3
1655 195.3
1742 195.3
1820 195.3
1898 195.3
1905 195.3
2094 195.3
549 196.3
550 196.3
630 196.3
735 196.3
755 196.3
767 196.3
811 196.3
924 196.3
1143 196.3
1152 196.3
1301 196.3
1596 196.3
1647 196.3
1653 196.3
1747 196.3
1888 196.3
2153 196.3
399 197.3
507 197.3
568 197.3
643 197.3
813 197.3
888 197.3
1035 197.3
1349 197.3
1373 197.3
1629 197.3
1843 197.3
2007 197.3
2082 197.3
151 198.3
295 198.3
530 198.3
610 198.3
720 198.3
771 198.3
1051 198.3
1125 198.3
1700 198.3
1720 198.3
1964 198.3
2016 198.3
62 199.3
109 199.3
305 199.3
401 199.3
548 199.3
606 199.3
640 199.3
715 199.3
730 199.3
756 199.3
786 199.3
857 199.3
868 199.3
873 199.3
1207 199.3
1315 199.3
1331 199.3
1493 199.3
1550 199.3
1858 199.3
1886 199.3
1901 199.3
2107 199.3
2109 199.3
83 201
162 201
89 202
670 202
1583 202
48 204
315 204
1778 204
1787 204
1242 205
1958 205
598 208
699 208
73 209
2137 209
1863 209
456 210
1452 210
1816 210
1954 210
159 212
418 212
1870 212
453 213
1657 214
1572 215
185 216
2110 216
1388 216
874 217
2019 220
846 221
2111 222
1987 226
464 227
762 227
1335 227
118 228
175 228
738 228
44 229
960 229
1212 230
1804 230
792 231
1347 231
1622 231
1267 232
431 233
1784 233
1981 233
1960 234
208 235
217 235
1446 235
337 237
1755 238
133 239
765 239
1747 239
1937 239
1620 240
1779 240
1906 241
2085 242
1291 242
591 243
559 245
616 245
889 245
613 246
712 247
2187 247
472 248
2053 249
1195 249
1819 249
62 250
827 250
474 251
1558 251
1987 251
2195 252
121 254
1475 254
823 255
1171 256
647 257
851 258
418 259
456 261
1297 261
1571 261
1830 261
1220 262
1605 262
1735 263
19 265
1323 265
175 266
1746 267
404 268
380 270
1293 270
46 271
53 274
430 274
706 274
811 274
362 275
662 276
760 276
1360 276
1162 278
115 279
1921 279
812 281
315 282
640 282
1172 282
575 283
176 284
1367 284
1468 284
1708 284
1429 285
159 287
1208 287
1766 287
1397 288
81 289
432 289
2174 289
73 290
255 290
304 290
765 290
440 292
1544 292
464 293
1406 293
1692 293
170 294
1543 294
202 297
361 297
1333 298
2205 299
1599 300
1736 300
