744 2
1848 2
1383 3
235 6
2164 6
2013 7
1579 8
406 9
2126 10
208 11
703 13
1504 15
1929 15
495 16
1984 16
433 17
1442 17
305 18
1261 20
493 21
1427 23
376 26
131 28
511 28
365 29
1306 29
1724 29
1767 30
163 31
218 31
1343 31
1476 32
789 33
1206 33
158 34
781 34
825 34
1427 34
1644 34
1859 34
337 35
2096 35
2115 36
1551 36
1996 36
1139 37
1643 37
801 38
2061 41
404 42
1457 42
553 43
2090 43
263 44
1402 44
2124 46
1195 46
2097 47
1851 47
1933 47
226 49
1215 49
1500 49
2035 50
2133 50
2147 50
1503 50
206 51
36 52
1177 52
1604 52
1654 54
88 55
866 55
376 56
117 57
738 57
1917 57
778 58
1184 58
1699 58
1628 59
1631 59
85 60
497 60
740 61
878 64
1491 65
2139 66
1287 66
1702 66
25 67
1768 67
1206 68
1342 68
756 69
2003 69
1301 69
610 70
805 71
1302 74
1338 74
202 76
1326 76
1477 78
510 81
8 82
2110 82
1658 82
1849 82
869 83
1401 83
1644 83
172 85
1730 87
1169 88
1909 89
1231 91
1312 91
1747 93
428 94
1875 94
61 95
659 96
447 97
737 98
2094 98
2122 98
426 99
1367 99
1604 99
743 100
27 100.3
42 100.3
62 100.3
493 100.3
717 100.3
791 100.3
1230 100.3
1497 100.3
1891 100.3
2026 100.3
2198 100.3
336 101.3
422 101.3
870 101.3
1049 101.3
1312 101.3
1335 101.3
1441 101.3
1468 101.3
1658 101.3
1786 101.3
1801 101.3
1844 101.3
1864 101.3
15 102.3
89 102.3
355 102.3
563 102.3
584 102.3
1332 102.3
1344 102.3
1483 102.3
1797 102.3
1933 102.3
2210 102.3
7 103.3
20 103.3
151 103.3
222 103.3
253 103.3
269 103.3
450 103.3
464 103.3
1524 103.3
1633 103.3
1792 103.3
1834 103.3
1914 103.3
2187 103.3
6 104.3
76 104.3
79 104.3
226 104.3
268 104.3
322 104.3
461 104.3
491 104.3
554 104.3
579 104.3
703 104.3
745 104.3
820 104.3
828 104.3
877 104.3
1199 104.3
1254 104.3
1279 104.3
1313 104.3
1370 104.3
1385 104.3
1484 104.3
1491 104.3
1527 104.3
1788 104.3
1814 104.3
1874 104.3
1879 104.3
1883 104.3
1923 104.3
1971 104.3
1978 104.3
1993 104.3
2073 104.3
2081 104.3
2137 104.3
11 105.3
209 105.3
486 105.3
665 105.3
797 105.3
1499 105.3
1676 105.3
1688 105.3
1706 105.3
1795 105.3
1822 105.3
1833 105.3
1839 105.3
1845 105.3
2076 105.3
2152 105.3
181 106.3
313 106.3
565 106.3
803 106.3
1185 106.3
1778 106.3
1835 106.3
1854 106.3
1903 106.3
1929 106.3
57 107.3
214 107.3
400 107.3
1319 107.3
1351 107.3
1516 107.3
1878 107.3
1895 107.3
2172 107.3
43 108.3
64 108.3
307 108.3
618 108.3
765 108.3
1216 108.3
1760 108.3
1856 108.3
1881 108.3
37 109.3
173 109.3
179 109.3
588 109.3
1576 109.3
1648 109.3
1736 109.3
1817 109.3
1904 109.3
27 110.3
244 110.3
320 110.3
339 110.3
470 110.3
553 110.3
619 110.3
715 110.3
1179 110.3
1298 110.3
1336 110.3
1466 110.3
1504 110.3
1510 110.3
1671 110.3
1837 110.3
1841 110.3
1880 110.3
1887 110.3
1897 110.3
1920 110.3
2073 110.3
2082 110.3
29 111.3
46 111.3
150 111.3
521 111.3
623 111.3
660 111.3
847 111.3
981 111.3
1019 111.3
1194 111.3
1205 111.3
1474 111.3
1487 111.3
1615 111.3
1687 111.3
1708 111.3
1769 111.3
1779 111.3
1809 111.3
1864 111.3
1899 111.3
1925 111.3
1937 111.3
1960 111.3
2095 111.3
2103 111.3
2147 111.3
88 112.3
132 112.3
202 112.3
205 112.3
238 112.3
333 112.3
587 112.3
656 112.3
700 112.3
817 112.3
868 112.3
1259 112.3
1440 112.3
1515 112.3
1645 112.3
1847 112.3
1850 112.3
1948 112.3
1967 112.3
1996 112.3
15 113.3
78 113.3
115 113.3
135 113.3
149 113.3
177 113.3
594 113.3
1455 113.3
1499 113.3
1581 113.3
2093 113.3
20 114.3
31 114.3
124 114.3
531 114.3
542 114.3
728 114.3
1908 114.3
1940 114.3
2089 114.3
1 115.3
299 115.3
431 115.3
480 115.3
585 115.3
647 115.3
1076 115.3
1428 115.3
1546 115.3
1699 115.3
1800 115.3
163 116.3
253 116.3
255 116.3
834 116.3
1251 116.3
1331 116.3
1341 116.3
1411 116.3
1523 116.3
1559 116.3
1718 116.3
1744 116.3
1781 116.3
1876 116.3
1935 116.3
1968 116.3
1974 116.3
1985 116.3
2116 116.3
2143 116.3
2237 116.3
3 117.3
4 117.3
8 117.3
156 117.3
312 117.3
337 117.3
503 117.3
509 117.3
619 117.3
726 117.3
814 117.3
835 117.3
849 117.3
878 117.3
1136 117.3
1164 117.3
1200 117.3
1297 117.3
1364 117.3
1372 117.3
1461 117.3
1507 117.3
1538 117.3
1543 117.3
1586 117.3
1727 117.3
1785 117.3
1845 117.3
1857 117.3
1867 117.3
1878 117.3
1882 117.3
1931 117.3
1987 117.3
2048 117.3
35 118.3
68 118.3
79 118.3
97 118.3
166 118.3
182 118.3
223 118.3
327 118.3
356 118.3
448 118.3
515 118.3
541 118.3
552 118.3
596 118.3
610 118.3
1377 118.3
1388 118.3
1561 118.3
1879 118.3
1952 118.3
2132 118.3
2154 118.3
6 119.3
24 119.3
64 119.3
167 119.3
216 119.3
342 119.3
367 119.3
399 119.3
658 119.3
828 119.3
842 119.3
1724 119.3
1858 119.3
1963 119.3
1997 119.3
131 120.3
406 120.3
428 120.3
1138 120.3
1669 120.3
2210 120.3
48 121.3
174 121.3
1644 121.3
1751 121.3
1786 121.3
1822 121.3
1886 121.3
1921 121.3
1933 121.3
77 122.3
115 122.3
264 122.3
325 122.3
498 122.3
715 122.3
1480 122.3
1608 122.3
1702 122.3
1730 122.3
1863 122.3
1893 122.3
1904 122.3
2060 122.3
15 123.3
215 123.3
335 123.3
438 123.3
744 123.3
788 123.3
862 123.3
914 123.3
1306 123.3
1482 123.3
1496 123.3
1503 123.3
1584 123.3
1880 123.3
1883 123.3
1911 123.3
18 124.3
55 124.3
57 124.3
65 124.3
88 124.3
204 124.3
208 124.3
488 124.3
557 124.3
559 124.3
657 124.3
680 124.3
776 124.3
871 124.3
1285 124.3
1556 124.3
1681 124.3
1828 124.3
1830 124.3
1875 124.3
1916 124.3
1975 124.3
1978 124.3
2068 124.3
33 125.3
93 125.3
111 125.3
229 125.3
364 125.3
383 125.3
585 125.3
709 125.3
861 125.3
869 125.3
1140 125.3
1613 125.3
1725 125.3
1973 125.3
1994 125.3
2138 125.3
2160 125.3
42 126.3
134 126.3
153 126.3
159 126.3
785 126.3
1091 126.3
1353 126.3
1658 126.3
1839 126.3
1841 126.3
1870 126.3
1970 126.3
1983 126.3
2213 126.3
2218 126.3
46 127.3
143 127.3
162 127.3
204 127.3
237 127.3
608 127.3
1150 127.3
1373 127.3
1381 127.3
1403 127.3
1558 127.3
1628 127.3
1906 127.3
1924 127.3
1962 127.3
29 128.3
41 128.3
66 128.3
73 128.3
89 128.3
221 128.3
299 128.3
393 128.3
681 128.3
778 128.3
1417 128.3
1820 128.3
1852 128.3
1959 128.3
2008 128.3
2238 128.3
9 129.3
39 129.3
71 129.3
138 129.3
140 129.3
151 129.3
523 129.3
561 129.3
613 129.3
701 129.3
756 129.3
1235 129.3
1253 129.3
1284 129.3
1393 129.3
1524 129.3
1538 129.3
1672 129.3
1808 129.3
1898 129.3
1993 129.3
2039 129.3
2135 129.3
40 130.3
120 130.3
156 130.3
175 130.3
397 130.3
617 130.3
651 130.3
846 130.3
855 130.3
1163 130.3
1180 130.3
1197 130.3
1215 130.3
1238 130.3
1267 130.3
1354 130.3
1433 130.3
1596 130.3
1655 130.3
1698 130.3
1905 130.3
1940 130.3
1944 130.3
1956 130.3
2011 130.3
2091 130.3
2105 130.3
2129 130.3
2219 130.3
63 131.3
110 131.3
139 131.3
149 131.3
200 131.3
300 131.3
308 131.3
427 131.3
703 131.3
1129 131.3
1232 131.3
1321 131.3
1378 131.3
1390 131.3
1504 131.3
1534 131.3
1607 131.3
1794 131.3
1801 131.3
1848 131.3
1877 131.3
1888 131.3
1891 131.3
1915 131.3
1945 131.3
2034 131.3
6 132.3
13 132.3
23 132.3
123 132.3
147 132.3
198 132.3
253 132.3
334 132.3
477 132.3
497 132.3
509 132.3
1353 132.3
1704 132.3
26 133.3
101 133.3
355 133.3
673 133.3
870 133.3
1228 133.3
1379 133.3
1883 133.3
1923 133.3
1946 133.3
1965 133.3
62 134.3
254 134.3
413 134.3
444 134.3
1328 134.3
1548 134.3
1925 134.3
1966 134.3
88 135.3
142 135.3
274 135.3
321 135.3
366 135.3
491 135.3
679 135.3
728 135.3
909 135.3
1203 135.3
1846 135.3
1856 135.3
1896 135.3
2036 135.3
69 136.3
86 136.3
282 136.3
337 136.3
377 136.3
878 136.3
1022 136.3
1060 136.3
1420 136.3
1486 136.3
1705 136.3
1814 136.3
1968 136.3
1994 136.3
7 137.3
36 137.3
54 137.3
61 137.3
96 137.3
164 137.3
190 137.3
206 137.3
244 137.3
250 137.3
259 137.3
352 137.3
367 137.3
503 137.3
759 137.3
1138 137.3
1211 137.3
1529 137.3
1898 137.3
1947 137.3
2017 137.3
2157 137.3
2175 137.3
2220 137.3
2222 137.3
17 138.3
85 138.3
144 138.3
163 138.3
233 138.3
239 138.3
290 138.3
318 138.3
332 138.3
391 138.3
619 138.3
624 138.3
666 138.3
752 138.3
850 138.3
856 138.3
1248 138.3
1356 138.3
1449 138.3
1475 138.3
1521 138.3
1540 138.3
1571 138.3
1583 138.3
1644 138.3
1673 138.3
1778 138.3
1887 138.3
1903 138.3
1926 138.3
1956 138.3
1973 138.3
2102 138.3
2212 138.3
2213 138.3
191 139.3
646 139.3
859 139.3
879 139.3
1256 139.3
1310 139.3
1424 139.3
1519 139.3
1864 139.3
162 140.3
229 140.3
320 140.3
365 140.3
395 140.3
621 140.3
638 140.3
782 140.3
815 140.3
1694 140.3
1974 140.3
9 141.3
279 141.3
369 141.3
863 141.3
1305 141.3
1499 141.3
1674 141.3
1790 141.3
1833 141.3
1904 141.3
1992 141.3
1995 141.3
2142 141.3
2158 141.3
2207 141.3
39 142.3
117 142.3
313 142.3
429 142.3
541 142.3
562 142.3
595 142.3
803 142.3
1134 142.3
1251 142.3
1349 142.3
1768 142.3
1874 142.3
1890 142.3
2129 142.3
8 143.3
18 143.3
70 143.3
81 143.3
131 143.3
139 143.3
178 143.3
182 143.3
195 143.3
198 143.3
239 143.3
349 143.3
401 143.3
417 143.3
468 143.3
537 143.3
658 143.3
1600 143.3
1720 143.3
1899 143.3
1963 143.3
2016 143.3
2126 143.3
101 144.3
129 144.3
152 144.3
194 144.3
267 144.3
287 144.3
310 144.3
330 144.3
354 144.3
376 144.3
396 144.3
470 144.3
828 144.3
1227 144.3
1300 144.3
1331 144.3
1552 144.3
1736 144.3
1762 144.3
1845 144.3
1931 144.3
1948 144.3
2215 144.3
52 145.3
155 145.3
160 145.3
168 145.3
190 145.3
220 145.3
303 145.3
348 145.3
390 145.3
1130 145.3
1439 145.3
1484 145.3
1576 145.3
1662 145.3
1679 145.3
1760 145.3
2086 145.3
2159 145.3
164 146.3
200 146.3
518 146.3
796 146.3
836 146.3
1167 146.3
1224 146.3
1486 146.3
1597 146.3
1922 146.3
2057 146.3
211 147.3
224 147.3
411 147.3
1351 147.3
1452 147.3
1774 147.3
1986 147.3
2049 147.3
2194 147.3
1 148.3
59 148.3
142 148.3
223 148.3
259 148.3
263 148.3
370 148.3
1699 148.3
5 149.3
94 149.3
166 149.3
276 149.3
309 149.3
377 149.3
414 149.3
477 149.3
478 149.3
817 149.3
1403 149.3
1945 149.3
77 150.3
79 150.3
106 150.3
144 150.3
146 150.3
176 150.3
233 150.3
248 150.3
279 150.3
286 150.3
316 150.3
335 150.3
351 150.3
354 150.3
424 150.3
458 150.3
648 150.3
650 150.3
777 150.3
827 150.3
1123 150.3
1400 150.3
1443 150.3
1580 150.3
1689 150.3
1710 150.3
1723 150.3
1924 150.3
2027 150.3
2079 150.3
0 151.3
159 151.3
165 151.3
204 151.3
219 151.3
222 151.3
249 151.3
252 151.3
273 151.3
285 151.3
291 151.3
356 151.3
395 151.3
397 151.3
418 151.3
435 151.3
582 151.3
603 151.3
682 151.3
761 151.3
780 151.3
837 151.3
853 151.3
920 151.3
1350 151.3
1480 151.3
1584 151.3
1626 151.3
1630 151.3
1824 151.3
1926 151.3
1971 151.3
2009 151.3
2019 151.3
69 152.3
143 152.3
184 152.3
239 152.3
265 152.3
275 152.3
280 152.3
283 152.3
300 152.3
455 152.3
490 152.3
715 152.3
1040 152.3
1226 152.3
1642 152.3
1808 152.3
2147 152.3
120 153.3
212 153.3
317 153.3
321 153.3
325 153.3
357 153.3
676 153.3
724 153.3
756 153.3
791 153.3
1375 153.3
1387 153.3
1413 153.3
1488 153.3
1687 153.3
1752 153.3
1941 153.3
2075 153.3
289 154.3
413 154.3
1335 154.3
1398 154.3
1582 154.3
1610 154.3
1884 154.3
2059 154.3
224 155.3
330 155.3
332 155.3
423 155.3
1221 155.3
1318 155.3
1359 155.3
1541 155.3
1682 155.3
1843 155.3
2093 155.3
2197 155.3
158 156.3
210 156.3
215 156.3
282 156.3
323 156.3
459 156.3
481 156.3
594 156.3
714 156.3
1269 156.3
1414 156.3
1564 156.3
1769 156.3
2024 156.3
2219 156.3
58 157.3
68 157.3
103 157.3
246 157.3
261 157.3
290 157.3
388 157.3
452 157.3
462 157.3
568 157.3
584 157.3
597 157.3
807 157.3
1130 157.3
1140 157.3
1212 157.3
1262 157.3
1266 157.3
1466 157.3
1482 157.3
1645 157.3
1825 157.3
1908 157.3
1928 157.3
2007 157.3
2134 157.3
2189 157.3
64 158.3
75 158.3
91 158.3
92 158.3
132 158.3
177 158.3
340 158.3
360 158.3
389 158.3
696 158.3
742 158.3
806 158.3
1352 158.3
1552 158.3
1641 158.3
1676 158.3
1973 158.3
2008 158.3
2064 158.3
2088 158.3
2147 158.3
93 159.3
135 159.3
189 159.3
230 159.3
270 159.3
307 159.3
385 159.3
531 159.3
534 159.3
726 159.3
741 159.3
764 159.3
793 159.3
1382 159.3
1472 159.3
1674 159.3
2118 159.3
56 160.3
232 160.3
262 160.3
456 160.3
773 160.3
1700 160.3
1855 160.3
97 161.3
161 161.3
223 161.3
384 161.3
454 161.3
1896 161.3
1911 161.3
1960 161.3
29 162.3
119 162.3
298 162.3
425 162.3
477 162.3
538 162.3
718 162.3
860 162.3
897 162.3
1018 162.3
1159 162.3
1184 162.3
1199 162.3
1600 162.3
2137 162.3
2208 162.3
57 163.3
224 163.3
421 163.3
446 163.3
470 163.3
598 163.3
605 163.3
1186 163.3
1223 163.3
1759 163.3
102 164.3
104 164.3
123 164.3
129 164.3
156 164.3
306 164.3
316 164.3
346 164.3
354 164.3
395 164.3
402 164.3
447 164.3
457 164.3
469 164.3
481 164.3
660 164.3
725 164.3
879 164.3
1344 164.3
1684 164.3
1703 164.3
1736 164.3
2072 164.3
180 165.3
214 165.3
268 165.3
489 165.3
506 165.3
541 165.3
643 165.3
1169 165.3
1432 165.3
1542 165.3
1630 165.3
1676 165.3
1745 165.3
1797 165.3
1807 165.3
1845 165.3
2159 165.3
27 166.3
112 166.3
133 166.3
185 166.3
291 166.3
331 166.3
382 166.3
387 166.3
429 166.3
430 166.3
440 166.3
608 166.3
788 166.3
1180 166.3
1264 166.3
1854 166.3
1869 166.3
1959 166.3
90 167.3
197 167.3
266 167.3
560 167.3
733 167.3
751 167.3
1661 167.3
1819 167.3
77 168.3
169 168.3
175 168.3
212 168.3
250 168.3
620 168.3
689 168.3
976 168.3
1317 168.3
1447 168.3
128 169.3
193 169.3
211 169.3
276 169.3
369 169.3
479 169.3
531 169.3
675 169.3
817 169.3
1214 169.3
1248 169.3
1527 169.3
1625 169.3
1829 169.3
1932 169.3
1999 169.3
2021 169.3
2027 169.3
58 170.3
120 170.3
146 170.3
154 170.3
166 170.3
203 170.3
206 170.3
207 170.3
220 170.3
321 170.3
325 170.3
527 170.3
554 170.3
747 170.3
958 170.3
1193 170.3
1201 170.3
1262 170.3
1298 170.3
1526 170.3
1565 170.3
1813 170.3
1815 170.3
1848 170.3
1967 170.3
2030 170.3
2145 170.3
2230 170.3
1 171.3
4 171.3
126 171.3
152 171.3
205 171.3
219 171.3
252 171.3
254 171.3
295 171.3
310 171.3
413 171.3
518 171.3
553 171.3
691 171.3
785 171.3
821 171.3
1226 171.3
1269 171.3
1339 171.3
1352 171.3
1402 171.3
1493 171.3
1504 171.3
1617 171.3
1883 171.3
1888 171.3
1961 171.3
1963 171.3
1968 171.3
2078 171.3
2094 171.3
53 172.3
59 172.3
111 172.3
122 172.3
216 172.3
287 172.3
442 172.3
534 172.3
712 172.3
1017 172.3
1207 172.3
1348 172.3
1637 172.3
1694 172.3
1752 172.3
1785 172.3
1921 172.3
365 173.3
373 173.3
447 173.3
499 173.3
719 173.3
829 173.3
1143 173.3
1191 173.3
1295 173.3
1523 173.3
1866 173.3
1934 173.3
2034 173.3
2189 173.3
2196 173.3
25 174.3
292 174.3
362 174.3
384 174.3
631 174.3
1368 174.3
1433 174.3
1726 174.3
1740 174.3
2152 174.3
84 175.3
338 175.3
355 175.3
360 175.3
497 175.3
519 175.3
617 175.3
646 175.3
680 175.3
835 175.3
1252 175.3
1446 175.3
1566 175.3
1697 175.3
1787 175.3
1907 175.3
2067 175.3
2213 175.3
228 176.3
235 176.3
305 176.3
316 176.3
337 176.3
368 176.3
611 176.3
705 176.3
1071 176.3
1169 176.3
1195 176.3
1322 176.3
1329 176.3
1621 176.3
1631 176.3
1756 176.3
1766 176.3
1839 176.3
1895 176.3
2063 176.3
270 177.3
275 177.3
325 177.3
421 177.3
475 177.3
557 177.3
632 177.3
677 177.3
755 177.3
763 177.3
875 177.3
965 177.3
1168 177.3
1271 177.3
1299 177.3
1912 177.3
1939 177.3
1991 177.3
2147 177.3
2158 177.3
2221 177.3
168 178.3
169 178.3
172 178.3
274 178.3
296 178.3
335 178.3
431 178.3
440 178.3
457 178.3
459 178.3
465 178.3
502 178.3
529 178.3
545 178.3
593 178.3
636 178.3
684 178.3
713 178.3
740 178.3
1176 178.3
1203 178.3
1240 178.3
1388 178.3
1407 178.3
1519 178.3
1575 178.3
1840 178.3
2157 178.3
39 179.3
330 179.3
576 179.3
870 179.3
1174 179.3
2087 179.3
19 180.3
276 180.3
280 180.3
344 180.3
429 180.3
438 180.3
460 180.3
492 180.3
506 180.3
842 180.3
1258 180.3
1476 180.3
2044 180.3
2064 180.3
2104 180.3
193 181.3
257 181.3
303 181.3
425 181.3
1238 181.3
1700 181.3
287 182.3
374 182.3
489 182.3
790 182.3
819 182.3
1009 182.3
1132 182.3
1304 182.3
1386 182.3
1533 182.3
1894 182.3
2154 182.3
36 183.3
178 183.3
474 183.3
493 183.3
540 183.3
575 183.3
607 183.3
853 183.3
1341 183.3
1349 183.3
1434 183.3
1443 183.3
1560 183.3
2027 183.3
2135 183.3
21 184.3
59 184.3
92 184.3
152 184.3
184 184.3
258 184.3
343 184.3
403 184.3
446 184.3
467 184.3
494 184.3
536 184.3
561 184.3
653 184.3
655 184.3
703 184.3
1186 184.3
1247 184.3
1327 184.3
1344 184.3
1372 184.3
1393 184.3
1516 184.3
1565 184.3
1681 184.3
1742 184.3
1876 184.3
1907 184.3
1926 184.3
2029 184.3
2130 184.3
78 185.3
231 185.3
265 185.3
284 185.3
351 185.3
364 185.3
378 185.3
1185 185.3
1187 185.3
1189 185.3
1222 185.3
1361 185.3
1866 185.3
1936 185.3
2073 185.3
1 186.3
121 186.3
144 186.3
531 186.3
709 186.3
1727 186.3
1757 186.3
150 187.3
197 187.3
373 187.3
452 187.3
512 187.3
634 187.3
783 187.3
1382 187.3
1831 187.3
31 188.3
304 188.3
395 188.3
498 188.3
539 188.3
675 188.3
728 188.3
1075 188.3
1131 188.3
1226 188.3
1620 188.3
1718 188.3
1813 188.3
103 189.3
116 189.3
321 189.3
332 189.3
538 189.3
585 189.3
604 189.3
630 189.3
743 189.3
811 189.3
846 189.3
879 189.3
1261 189.3
1858 189.3
1901 189.3
1956 189.3
25 190.3
40 190.3
95 190.3
241 190.3
250 190.3
323 190.3
397 190.3
611 190.3
644 190.3
648 190.3
771 190.3
827 190.3
985 190.3
991 190.3
1123 190.3
1701 190.3
2185 190.3
2186 190.3
2222 190.3
24 191.3
65 191.3
124 191.3
126 191.3
247 191.3
266 191.3
331 191.3
335 191.3
374 191.3
403 191.3
430 191.3
496 191.3
556 191.3
572 191.3
636 191.3
643 191.3
651 191.3
1230 191.3
1245 191.3
1294 191.3
1380 191.3
1702 191.3
2192 191.3
243 192.3
398 192.3
433 192.3
440 192.3
503 192.3
550 192.3
558 192.3
863 192.3
918 192.3
1175 192.3
1808 192.3
2143 192.3
55 193.3
392 193.3
462 193.3
494 193.3
537 193.3
645 193.3
1456 193.3
1728 193.3
1785 193.3
1786 193.3
1875 193.3
1945 193.3
152 194.3
213 194.3
406 194.3
505 194.3
526 194.3
585 194.3
723 194.3
1216 194.3
1319 194.3
1557 194.3
363 195.3
437 195.3
577 195.3
626 195.3
744 195.3
1435 195.3
1985 195.3
1996 195.3
2066 195.3
2111 195.3
2229 195.3
31 196.3
287 196.3
298 196.3
350 196.3
368 196.3
382 196.3
514 196.3
539 196.3
1165 196.3
1265 196.3
1471 196.3
1621 196.3
1719 196.3
1792 196.3
1853 196.3
1944 196.3
1947 196.3
1966 196.3
2051 196.3
2063 196.3
133 197.3
187 197.3
315 197.3
325 197.3
434 197.3
455 197.3
479 197.3
617 197.3
633 197.3
679 197.3
734 197.3
1132 197.3
1329 197.3
1439 197.3
1573 197.3
1662 197.3
1717 197.3
1757 197.3
1770 197.3
1805 197.3
2085 197.3
2088 197.3
2114 197.3
2184 197.3
2235 197.3
2 198.3
21 198.3
466 198.3
500 198.3
515 198.3
549 198.3
595 198.3
618 198.3
1162 198.3
1487 198.3
1709 198.3
1721 198.3
1936 198.3
25 199.3
155 199.3
248 199.3
302 199.3
518 199.3
546 199.3
594 199.3
741 199.3
769 199.3
803 199.3
1252 199.3
1330 199.3
1381 199.3
1733 199.3
2106 199.3
575 202
1865 202
26 203
756 203
135 204
486 205
1524 205
1688 205
809 206
1225 206
2198 208
1491 208
1670 209
1273 210
374 211
1324 212
282 213
1274 213
1711 213
1952 213
511 214
1190 214
1743 214
2207 215
850 217
164 219
373 219
1769 219
1443 220
435 221
276 222
365 223
105 224
785 224
1347 224
1344 225
1207 226
1647 226
1881 227
1768 228
769 229
818 229
1364 229
716 231
1703 231
128 233
641 234
1708 234
74 235
1375 235
250 236
758 236
1573 236
342 237
699 237
1292 237
185 238
826 239
1624 239
1877 239
2220 240
1998 240
1493 241
550 242
108 243
269 243
1450 243
1934 245
1264 246
2239 248
793 249
844 250
256 252
158 253
1153 253
52 255
1696 255
396 256
841 257
1389 257
1 259
470 259
17 260
699 260
12 261
124 262
2128 262
1205 264
731 265
872 265
1993 266
1930 267
637 268
2190 268
395 269
812 269
1284 269
566 270
1094 270
1360 270
1572 270
1778 270
335 271
670 271
689 271
1201 272
1992 272
750 273
1787 274
103 275
1211 275
1427 275
212 276
405 276
587 276
874 276
330 278
1760 278
415 279
703 280
1428 280
57 281
1573 281
1332 282
2221 283
434 284
671 284
847 285
294 286
469 286
871 287
384 290
417 290
609 291
1516 291
6 294
201 294
305 294
2142 295
1509 295
1610 295
93 299
1315 299
1931 299
