88 1
139 1
146 1
185 1
9 1
97 2
162 4
47 4
72 5
140 6
34 6
71 6
79 6
26 8
76 8
130 9
74 9
196 10
44 10
104 11
197 11
158 12
5 13
54 14
66 15
79 15
140 19
122 20
170 20
14 20
17 20
158 21
175 21
78 21
68 23
176 25
70 25
25 26
154 28
65 28
188 29
11 32
93 33
1 33
36 35
92 37
94 38
137 39
145 39
11 39
59 39
105 40
195 40
43 40
47 40
16 41
65 41
90 43
45 43
136 44
38 45
68 45
143 47
186 48
10 48
73 48
131 49
74 50
160 51
167 52
40 53
46 53
102 54
114 54
17 54
57 54
2 56
37 56
69 56
68 58
52 59
144 60
27 60
31 60
1 61
54 61
85 62
149 62
21 62
42 62
63 62
114 63
123 63
172 65
51 66
162 67
27 67
106 68
29 68
141 69
153 69
2 69
158 72
6 72
84 73
87 73
127 73
140 73
47 73
77 73
199 74
108 75
104 76
144 78
54 78
74 79
17 80
71 80
92 81
25 81
52 81
166 84
10 86
52 89
12 92
122 94
75 96
98 97
30 97
104 98
77 98
121 99
169 99
12 99
14 100
18 100
50 100.3
64 101.3
79 101.3
138 102.3
7 102.3
56 102.3
84 103.3
151 103.3
171 103.3
22 103.3
28 103.3
36 103.3
41 103.3
42 103.3
76 103.3
116 104.3
166 104.3
9 104.3
62 104.3
72 104.3
121 105.3
146 105.3
162 105.3
182 105.3
183 105.3
3 105.3
71 105.3
23 106.3
34 106.3
105 107.3
50 107.3
117 108.3
131 108.3
172 108.3
175 108.3
192 108.3
47 108.3
2 109.3
32 109.3
60 109.3
95 110.3
195 110.3
198 110.3
54 110.3
111 111.3
8 111.3
35 111.3
59 111.3
64 111.3
152 112.3
4 112.3
28 112.3
37 112.3
39 112.3
41 112.3
76 112.3
114 113.3
130 113.3
150 113.3
5 113.3
27 113.3
48 113.3
49 113.3
58 113.3
65 113.3
75 113.3
78 113.3
15 114.3
77 114.3
93 115.3
26 115.3
44 115.3
147 116.3
155 116.3
157 116.3
196 116.3
3 116.3
104 117.3
122 117.3
33 117.3
53 117.3
107 118.3
112 118.3
175 118.3
184 118.3
20 118.3
50 118.3
57 118.3
64 118.3
67 118.3
138 119.3
143 119.3
149 119.3
168 119.3
180 119.3
189 119.3
6 119.3
16 119.3
47 119.3
83 120.3
10 120.3
38 120.3
58 120.3
68 120.3
11 121.3
109 122.3
178 122.3
21 122.3
52 122.3
93 123.3
125 123.3
152 123.3
167 123.3
195 123.3
148 124.3
181 124.3
12 124.3
54 124.3
63 124.3
65 124.3
121 125.3
127 125.3
141 125.3
150 125.3
177 125.3
0 125.3
40 125.3
96 126.3
14 126.3
42 126.3
56 126.3
100 127.3
145 127.3
4 127.3
144 128.3
41 128.3
60 128.3
81 130.3
87 130.3
106 130.3
5 130.3
17 130.3
107 131.3
120 131.3
135 131.3
164 131.3
6 131.3
39 131.3
46 131.3
76 131.3
102 132.3
118 132.3
122 132.3
165 132.3
172 132.3
178 132.3
21 132.3
37 132.3
51 132.3
64 132.3
20 134.3
12 136.3
79 136.3
158 137.3
175 137.3
18 137.3
44 137.3
52 137.3
60 137.3
66 137.3
89 138.3
106 138.3
151 138.3
157 138.3
195 138.3
17 138.3
32 138.3
96 139.3
134 139.3
166 139.3
169 139.3
171 139.3
0 139.3
1 139.3
15 139.3
25 139.3
27 139.3
43 139.3
47 139.3
59 140.3
95 141.3
126 141.3
35 141.3
78 141.3
182 142.3
14 142.3
31 142.3
67 142.3
72 142.3
113 143.3
154 143.3
19 143.3
26 143.3
45 143.3
172 144.3
5 144.3
50 144.3
56 144.3
75 144.3
4 145.3
25 145.3
33 145.3
41 145.3
48 145.3
49 145.3
54 145.3
84 146.3
131 146.3
144 146.3
164 146.3
179 146.3
9 146.3
18 146.3
62 146.3
103 147.3
159 147.3
20 147.3
57 147.3
73 147.3
198 148.3
99 149.3
27 149.3
65 149.3
80 150.3
116 150.3
160 150.3
30 150.3
60 150.3
61 150.3
141 151.3
142 151.3
66 151.3
70 151.3
74 151.3
113 152.3
165 152.3
3 152.3
15 152.3
23 152.3
29 152.3
32 152.3
39 152.3
63 152.3
68 152.3
143 153.3
174 153.3
184 153.3
18 153.3
71 153.3
148 154.3
168 154.3
50 154.3
99 155.3
26 155.3
37 155.3
88 156.3
127 156.3
134 156.3
13 156.3
61 156.3
67 156.3
105 157.3
135 157.3
140 157.3
179 157.3
1 157.3
16 157.3
47 157.3
52 157.3
60 157.3
81 158.3
86 158.3
109 158.3
173 158.3
17 158.3
38 158.3
141 159.3
19 159.3
27 159.3
35 159.3
46 159.3
51 159.3
48 160.3
69 160.3
126 161.3
137 161.3
22 161.3
84 162.3
9 162.3
29 162.3
45 162.3
95 163.3
149 163.3
165 163.3
191 163.3
195 163.3
7 163.3
56 163.3
96 164.3
101 164.3
136 164.3
170 164.3
34 164.3
49 164.3
155 165.3
156 165.3
44 165.3
68 165.3
82 166.3
87 166.3
119 166.3
123 166.3
133 166.3
144 166.3
187 166.3
62 166.3
64 166.3
157 167.3
16 167.3
17 167.3
20 167.3
37 167.3
46 167.3
108 168.3
134 168.3
188 168.3
27 168.3
104 169.3
115 169.3
197 169.3
142 170.3
185 170.3
22 170.3
49 170.3
97 171.3
151 171.3
158 171.3
0 171.3
9 171.3
36 171.3
58 171.3
110 172.3
152 172.3
155 172.3
3 172.3
18 172.3
19 172.3
24 172.3
41 172.3
66 172.3
69 172.3
75 172.3
77 172.3
147 173.3
28 173.3
55 173.3
67 173.3
72 173.3
13 175.3
59 175.3
65 175.3
146 176.3
165 176.3
186 176.3
103 177.3
153 177.3
157 177.3
26 177.3
32 177.3
85 178.3
113 178.3
129 178.3
198 178.3
5 178.3
73 178.3
150 179.3
151 179.3
2 179.3
6 179.3
10 179.3
36 179.3
62 179.3
74 179.3
169 180.3
20 180.3
23 180.3
122 181.3
174 181.3
179 181.3
195 182.3
48 182.3
52 182.3
93 183.3
141 183.3
21 183.3
47 183.3
53 183.3
82 184.3
98 184.3
104 184.3
128 184.3
194 184.3
105 185.3
161 185.3
163 185.3
192 185.3
32 185.3
34 185.3
49 185.3
59 185.3
61 185.3
64 185.3
70 185.3
126 186.3
58 186.3
62 186.3
117 187.3
162 187.3
176 187.3
3 187.3
8 187.3
30 187.3
41 187.3
73 187.3
77 187.3
99 188.3
83 189.3
60 189.3
68 189.3
96 190.3
28 190.3
51 190.3
112 191.3
0 191.3
6 191.3
40 191.3
53 191.3
74 191.3
4 192.3
26 192.3
29 192.3
52 192.3
65 192.3
95 193.3
163 193.3
177 193.3
11 193.3
125 194.3
16 194.3
32 194.3
109 195.3
37 195.3
115 196.3
150 196.3
14 196.3
20 196.3
33 196.3
46 196.3
66 196.3
136 197.3
35 197.3
39 197.3
54 197.3
107 198.3
108 198.3
138 198.3
139 198.3
181 198.3
194 198.3
197 198.3
0 198.3
3 198.3
10 198.3
13 198.3
81 199.3
103 199.3
137 199.3
140 199.3
141 199.3
9 199.3
38 199.3
58 199.3
62 199.3
37 201
135 202
41 202
57 202
23 204
79 204
132 205
144 206
161 206
75 206
77 206
125 208
73 208
146 210
24 210
65 210
159 213
198 217
20 217
88 218
32 219
138 220
27 220
30 223
104 224
11 224
129 225
2 225
59 225
60 227
92 228
14 228
36 228
89 230
153 230
52 232
131 233
68 233
10 234
47 235
100 236
115 236
146 236
20 237
155 239
71 239
58 240
166 241
111 242
3 242
25 242
39 242
53 242
60 242
11 243
27 246
8 247
50 250
79 250
109 251
139 252
131 253
175 253
191 253
62 253
21 254
117 255
7 255
13 255
12 256
15 256
69 256
20 257
175 258
54 258
155 260
184 260
1 260
139 262
65 262
77 262
83 263
50 263
112 265
22 270
40 270
85 271
101 271
118 271
108 272
156 272
170 272
36 273
29 274
41 274
84 275
17 276
62 276
147 277
106 279
42 279
118 280
141 280
4 280
27 280
34 281
52 281
76 281
102 283
12 283
11 284
40 285
68 285
105 286
109 288
2 289
53 290
182 291
94 292
107 293
18 293
19 293
30 293
51 294
54 295
144 296
5 296
55 296
70 297
145 299
186 299
28 299
