32 1
33 2
160 3
148 5
23 5
11 6
67 8
71 8
73 9
43 10
55 10
72 10
105 12
142 12
42 12
22 13
129 14
41 14
65 16
132 17
63 18
105 19
46 19
70 19
138 21
18 21
14 22
126 23
101 24
9 24
47 27
49 27
93 28
117 28
62 28
34 29
75 29
106 33
45 33
127 34
5 34
26 34
56 34
195 35
75 38
79 38
83 39
121 39
71 39
66 40
153 41
139 42
176 42
6 42
122 44
27 44
28 44
193 45
38 46
63 46
103 47
188 48
114 49
13 50
36 50
40 51
69 51
80 52
24 53
0 54
20 54
50 54
71 55
36 56
61 56
29 57
12 58
48 60
53 60
166 64
172 64
96 66
187 66
34 66
60 66
39 67
102 68
156 68
27 68
69 68
87 69
30 71
41 71
79 71
86 72
129 73
4 73
21 73
67 73
22 75
60 75
31 77
3 79
165 82
77 83
92 84
59 84
49 85
58 85
60 85
190 86
166 87
48 87
143 88
157 88
31 88
128 89
19 90
26 90
54 90
142 91
78 91
71 92
16 93
52 93
73 93
114 96
121 96
18 99
51 99
167 100
173 100
15 100
33 100
185 100.3
24 100.3
45 100.3
55 100.3
70 100.3
82 101.3
122 101.3
17 101.3
29 101.3
95 102.3
98 102.3
102 102.3
46 102.3
89 103.3
99 103.3
111 103.3
118 103.3
0 103.3
31 103.3
33 103.3
35 103.3
52 103.3
64 103.3
135 104.3
154 104.3
160 104.3
171 104.3
175 104.3
5 104.3
26 104.3
69 104.3
72 104.3
78 104.3
2 105.3
21 105.3
43 105.3
53 105.3
63 105.3
103 106.3
14 106.3
38 106.3
58 106.3
79 106.3
68 107.3
108 108.3
139 108.3
30 108.3
132 109.3
198 109.3
18 109.3
91 110.3
152 110.3
184 110.3
19 110.3
40 110.3
62 110.3
88 111.3
93 111.3
27 111.3
54 111.3
75 111.3
76 111.3
85 112.3
106 112.3
133 112.3
36 112.3
174 113.3
98 114.3
177 114.3
48 114.3
77 114.3
112 115.3
49 115.3
69 115.3
149 116.3
33 116.3
39 116.3
150 117.3
189 117.3
190 117.3
42 117.3
55 117.3
74 117.3
97 118.3
13 118.3
17 118.3
32 118.3
37 118.3
80 119.3
24 119.3
26 119.3
148 120.3
195 120.3
20 120.3
79 120.3
86 122.3
183 122.3
1 122.3
12 122.3
58 122.3
146 123.3
159 123.3
52 123.3
112 124.3
153 124.3
175 124.3
17 124.3
43 124.3
47 124.3
51 124.3
90 125.3
98 125.3
154 125.3
190 125.3
23 125.3
31 125.3
48 125.3
163 126.3
185 126.3
118 127.3
135 127.3
151 127.3
21 127.3
39 127.3
131 128.3
101 129.3
117 129.3
123 129.3
14 129.3
18 129.3
84 130.3
105 130.3
144 130.3
182 130.3
184 130.3
7 130.3
16 130.3
28 130.3
65 130.3
103 131.3
111 131.3
139 131.3
170 131.3
172 131.3
32 131.3
104 132.3
71 132.3
92 133.3
162 133.3
19 133.3
20 133.3
70 133.3
89 135.3
116 135.3
198 135.3
14 135.3
42 135.3
66 135.3
68 135.3
136 136.3
191 136.3
0 136.3
1 136.3
35 136.3
52 136.3
63 136.3
72 136.3
124 137.3
126 137.3
141 137.3
157 137.3
166 137.3
179 137.3
12 137.3
13 137.3
27 137.3
31 137.3
36 137.3
43 137.3
53 137.3
90 138.3
199 138.3
3 138.3
4 138.3
9 138.3
22 138.3
29 138.3
69 138.3
77 138.3
98 139.3
153 139.3
33 139.3
78 139.3
113 140.3
74 140.3
91 141.3
5 141.3
67 141.3
82 142.3
99 142.3
102 142.3
186 142.3
21 142.3
43 142.3
59 142.3
96 143.3
130 143.3
180 143.3
28 143.3
80 144.3
11 144.3
18 144.3
103 145.3
110 145.3
112 145.3
129 145.3
131 145.3
143 145.3
169 145.3
172 145.3
23 145.3
76 145.3
105 146.3
152 146.3
191 146.3
86 147.3
93 147.3
119 147.3
145 147.3
46 147.3
20 148.3
26 148.3
38 148.3
47 148.3
64 148.3
69 148.3
77 148.3
10 149.3
29 149.3
39 149.3
51 149.3
52 149.3
109 150.3
132 150.3
148 150.3
151 151.3
161 151.3
168 151.3
180 151.3
0 151.3
2 151.3
19 151.3
30 151.3
31 151.3
44 151.3
48 151.3
50 151.3
96 152.3
100 152.3
108 152.3
167 152.3
199 152.3
25 152.3
33 152.3
34 152.3
43 152.3
72 152.3
117 153.3
7 153.3
67 153.3
8 155.3
18 155.3
70 155.3
80 156.3
115 156.3
156 156.3
173 156.3
13 156.3
22 156.3
68 156.3
104 157.3
112 157.3
119 157.3
123 157.3
124 157.3
189 157.3
191 157.3
15 157.3
21 157.3
59 157.3
75 157.3
120 158.3
144 158.3
184 158.3
3 158.3
6 158.3
14 158.3
19 158.3
27 158.3
46 158.3
66 158.3
74 158.3
107 159.3
116 159.3
128 159.3
53 159.3
63 159.3
86 160.3
183 160.3
195 160.3
37 160.3
17 161.3
38 161.3
159 162.3
190 162.3
16 162.3
20 162.3
23 162.3
40 163.3
65 163.3
88 164.3
25 164.3
32 164.3
45 164.3
56 164.3
162 165.3
18 165.3
27 165.3
50 165.3
69 165.3
136 166.3
150 166.3
1 166.3
30 166.3
31 166.3
128 167.3
129 167.3
41 167.3
146 168.3
147 168.3
12 168.3
29 168.3
84 169.3
185 169.3
47 169.3
118 170.3
178 170.3
14 170.3
42 170.3
53 170.3
56 170.3
73 170.3
102 171.3
138 171.3
17 171.3
132 172.3
136 172.3
3 172.3
4 172.3
37 172.3
57 172.3
64 172.3
107 173.3
110 174.3
133 174.3
187 174.3
79 174.3
149 175.3
56 175.3
176 176.3
196 176.3
41 176.3
101 177.3
147 177.3
170 177.3
197 177.3
13 177.3
26 177.3
68 177.3
117 178.3
31 178.3
124 179.3
16 179.3
42 179.3
60 179.3
173 180.3
21 180.3
38 180.3
50 180.3
84 181.3
156 181.3
10 181.3
19 181.3
24 182.3
43 182.3
76 182.3
1 183.3
17 183.3
20 183.3
26 183.3
49 183.3
63 183.3
70 183.3
73 183.3
105 184.3
136 184.3
177 184.3
188 184.3
57 184.3
118 185.3
123 185.3
127 185.3
195 185.3
7 185.3
36 185.3
59 185.3
180 186.3
60 186.3
69 187.3
78 187.3
91 188.3
156 188.3
31 188.3
55 188.3
71 188.3
107 189.3
116 189.3
38 189.3
64 189.3
178 190.3
28 190.3
45 190.3
46 190.3
89 191.3
132 191.3
143 191.3
3 191.3
23 191.3
39 191.3
44 191.3
67 191.3
109 192.3
129 192.3
193 192.3
22 192.3
25 192.3
185 193.3
186 193.3
191 193.3
27 193.3
29 193.3
40 193.3
56 193.3
120 194.3
26 195.3
88 196.3
115 196.3
19 196.3
51 196.3
145 197.3
153 197.3
195 197.3
7 197.3
32 197.3
48 197.3
59 197.3
68 197.3
77 197.3
89 198.3
5 198.3
46 198.3
52 198.3
55 198.3
62 198.3
71 198.3
78 198.3
79 198.3
98 199.3
6 199.3
60 199.3
92 201
124 201
130 202
24 202
8 203
52 203
110 204
148 204
151 204
154 204
12 204
68 204
167 205
7 205
87 207
187 207
20 207
25 207
10 209
67 209
90 210
71 210
46 211
115 212
122 212
142 212
41 212
176 213
132 214
116 216
50 217
11 218
136 220
198 220
65 220
91 221
116 221
29 221
23 222
77 222
185 223
33 223
37 223
54 223
179 224
184 224
158 225
19 225
9 226
16 226
191 227
17 228
160 229
110 230
15 230
46 230
133 231
142 231
112 233
114 234
9 234
19 236
89 237
49 237
134 238
33 238
176 239
55 239
23 241
74 241
110 242
71 242
149 243
105 244
53 244
0 245
10 245
72 245
24 246
31 246
4 247
11 248
142 251
16 252
15 253
12 254
49 254
54 254
135 255
3 256
61 256
40 257
177 258
19 259
20 259
39 259
58 259
122 260
88 261
108 262
91 263
112 263
65 263
104 264
141 265
2 269
73 269
153 270
196 270
130 271
56 271
94 272
182 273
69 273
166 274
170 275
15 275
61 275
20 276
74 276
4 278
54 279
100 281
158 282
47 282
127 285
145 285
138 287
29 287
25 288
36 288
18 290
119 291
69 291
118 293
14 294
150 295
164 295
41 296
69 297
86 298
32 300
