183 1
25 1
52 1
120 2
110 3
7 3
46 3
177 4
56 4
107 6
138 6
5 6
106 7
75 7
166 8
20 8
192 9
39 9
66 9
10 10
19 11
29 11
44 11
105 12
35 12
65 12
74 14
81 16
73 16
149 17
109 20
12 22
21 23
105 24
189 24
8 24
49 24
78 24
131 25
33 25
22 27
70 28
17 29
57 29
119 30
45 30
96 35
2 36
117 37
180 37
89 39
21 39
63 39
38 40
163 42
53 43
87 46
151 46
29 47
57 47
116 48
166 48
16 48
44 48
48 48
58 49
65 49
94 50
3 50
11 50
102 52
33 52
38 54
32 55
36 56
48 56
2 57
13 57
47 57
40 58
168 60
54 60
29 61
62 61
95 62
41 62
73 62
102 64
184 65
78 65
126 66
195 68
44 68
154 69
1 69
34 69
135 70
70 70
72 70
53 71
24 72
82 73
172 73
185 73
68 73
77 74
36 75
75 75
76 75
50 77
42 81
79 81
27 82
58 82
46 83
55 83
25 84
9 85
52 85
16 86
158 87
17 87
103 88
115 88
60 89
24 91
38 91
176 92
63 92
183 93
130 94
144 94
162 96
164 97
80 98
25 98
144 100
11 100
178 100.7
74 100.7
154 101.7
10 101.7
45 101.7
88 102.7
138 102.7
34 102.7
97 103.7
103 103.7
174 103.7
195 103.7
11 103.7
22 103.7
31 103.7
53 103.7
66 103.7
86 104.7
92 104.7
128 104.7
165 104.7
189 104.7
62 104.7
69 104.7
6 105.7
21 105.7
47 105.7
54 105.7
80 106.7
158 106.7
5 106.7
79 106.7
70 107.7
135 108.7
23 108.7
29 108.7
132 109.7
0 109.7
17 109.7
38 109.7
43 109.7
67 109.7
71 109.7
120 110.7
123 110.7
134 110.7
183 110.7
15 110.7
25 110.7
66 110.7
97 111.7
118 111.7
149 111.7
164 111.7
184 111.7
188 111.7
6 111.7
73 111.7
121 112.7
190 112.7
50 112.7
51 112.7
41 113.7
48 113.7
93 114.7
75 114.7
104 115.7
106 115.7
150 115.7
133 116.7
155 116.7
158 116.7
24 116.7
80 117.7
117 117.7
123 117.7
127 117.7
135 117.7
161 117.7
3 117.7
8 117.7
15 117.7
22 117.7
30 117.7
45 117.7
74 117.7
78 117.7
156 118.7
40 118.7
42 118.7
65 118.7
166 119.7
2 119.7
47 119.7
190 120.7
28 120.7
46 120.7
100 121.7
116 121.7
120 121.7
159 121.7
193 121.7
51 121.7
134 122.7
199 122.7
29 122.7
50 122.7
90 123.7
133 123.7
136 123.7
20 123.7
69 123.7
72 123.7
74 123.7
110 124.7
169 124.7
174 124.7
197 124.7
17 124.7
43 124.7
96 125.7
103 125.7
170 125.7
7 125.7
15 125.7
108 126.7
115 126.7
130 126.7
154 126.7
183 126.7
22 126.7
56 127.7
102 128.7
9 128.7
33 129.7
52 129.7
57 129.7
65 129.7
75 129.7
100 130.7
104 130.7
3 130.7
5 130.7
36 130.7
44 130.7
62 130.7
11 131.7
17 131.7
30 131.7
43 131.7
61 131.7
73 131.7
24 132.7
38 132.7
59 132.7
126 133.7
148 133.7
16 133.7
25 133.7
35 134.7
0 135.7
40 135.7
68 135.7
99 136.7
122 136.7
143 136.7
13 136.7
80 137.7
83 137.7
118 137.7
155 137.7
161 137.7
175 137.7
1 137.7
2 137.7
28 137.7
41 137.7
58 137.7
77 137.7
81 138.7
12 138.7
44 138.7
117 139.7
134 139.7
75 139.7
26 140.7
36 140.7
65 140.7
82 141.7
104 141.7
163 141.7
172 141.7
27 141.7
77 141.7
112 142.7
116 142.7
131 142.7
135 142.7
180 142.7
24 142.7
31 142.7
33 142.7
73 142.7
94 143.7
103 143.7
148 143.7
164 143.7
165 143.7
190 143.7
17 143.7
51 143.7
54 143.7
67 143.7
136 144.7
178 144.7
25 144.7
29 144.7
37 144.7
49 144.7
52 144.7
56 144.7
57 144.7
72 144.7
129 145.7
151 145.7
177 145.7
196 145.7
45 145.7
63 145.7
114 146.7
155 146.7
50 146.7
42 147.7
79 147.7
141 148.7
109 149.7
149 149.7
153 149.7
34 149.7
94 150.7
108 150.7
1 150.7
7 150.7
61 150.7
69 150.7
75 150.7
106 151.7
125 151.7
151 151.7
170 151.7
188 151.7
192 151.7
0 151.7
6 151.7
23 151.7
28 151.7
37 151.7
38 151.7
72 151.7
83 152.7
16 152.7
65 152.7
122 153.7
139 153.7
19 153.7
89 154.7
124 154.7
135 154.7
50 154.7
161 155.7
165 156.7
44 156.7
56 156.7
73 156.7
127 157.7
133 157.7
144 157.7
152 157.7
2 157.7
15 157.7
29 157.7
31 157.7
39 157.7
43 157.7
84 158.7
88 158.7
148 158.7
172 158.7
11 158.7
67 158.7
92 159.7
132 159.7
193 159.7
26 159.7
12 160.7
14 160.7
57 161.7
61 161.7
120 162.7
141 162.7
27 162.7
37 162.7
50 162.7
62 162.7
114 163.7
157 163.7
187 163.7
78 163.7
107 164.7
113 164.7
130 164.7
131 164.7
153 164.7
1 164.7
6 164.7
13 164.7
32 164.7
51 164.7
60 164.7
63 164.7
71 164.7
75 164.7
97 165.7
110 165.7
115 165.7
137 165.7
17 165.7
23 165.7
90 166.7
190 166.7
70 166.7
76 166.7
138 167.7
164 167.7
45 167.7
139 168.7
146 168.7
148 168.7
18 168.7
64 168.7
68 168.7
3 169.7
4 169.7
52 169.7
81 170.7
150 170.7
192 170.7
2 170.7
34 170.7
84 171.7
11 171.7
13 171.7
16 171.7
20 171.7
46 171.7
49 171.7
53 171.7
70 171.7
71 171.7
100 172.7
156 172.7
163 172.7
193 172.7
67 172.7
97 173.7
108 173.7
182 173.7
185 173.7
50 173.7
59 173.7
63 173.7
22 174.7
30 174.7
33 174.7
91 175.7
130 175.7
144 175.7
160 175.7
166 175.7
42 176.7
78 176.7
81 177.7
94 177.7
127 177.7
135 177.7
143 177.7
194 177.7
7 177.7
15 177.7
28 177.7
39 177.7
41 177.7
87 178.7
116 178.7
123 178.7
147 178.7
26 178.7
45 178.7
66 178.7
95 179.7
184 179.7
31 179.7
32 179.7
174 180.7
106 181.7
19 181.7
56 181.7
157 182.7
60 182.7
93 183.7
101 183.7
145 183.7
163 183.7
167 183.7
36 183.7
40 183.7
49 183.7
62 183.7
65 183.7
89 184.7
100 184.7
103 184.7
131 184.7
139 184.7
196 184.7
17 184.7
41 184.7
45 184.7
52 184.7
68 184.7
73 184.7
74 184.7
118 185.7
187 185.7
27 185.7
33 185.7
70 185.7
134 186.7
170 186.7
20 186.7
28 186.7
59 186.7
110 187.7
96 188.7
98 188.7
192 188.7
18 188.7
53 188.7
86 189.7
1 189.7
29 189.7
31 189.7
50 189.7
67 189.7
72 189.7
119 190.7
122 190.7
126 190.7
153 190.7
169 190.7
180 190.7
183 190.7
5 190.7
146 191.7
177 191.7
19 191.7
48 191.7
56 191.7
74 191.7
76 191.7
42 192.7
120 193.7
123 193.7
75 193.7
127 194.7
35 194.7
43 194.7
77 194.7
108 195.7
156 195.7
55 195.7
63 195.7
68 195.7
69 195.7
114 196.7
170 196.7
93 197.7
157 197.7
166 197.7
194 197.7
3 197.7
60 197.7
2 198.7
7 198.7
25 198.7
33 198.7
115 199.7
10 199.7
11 199.7
13 199.7
49 199.7
79 199.7
47 201
56 201
79 201
137 202
58 203
150 204
7 204
16 204
106 207
171 207
196 207
27 207
43 207
85 208
97 209
8 209
81 210
79 210
135 211
177 212
63 212
76 212
87 214
147 214
23 214
110 215
37 215
48 215
55 216
129 217
108 218
120 218
107 219
167 219
97 220
171 220
4 220
146 223
118 224
163 225
71 225
172 226
13 226
59 226
65 226
75 226
6 227
29 227
19 231
22 232
26 232
87 233
25 233
111 234
14 234
45 234
78 234
93 235
18 235
63 235
79 235
84 236
147 236
177 236
192 236
54 236
76 236
167 237
170 237
157 238
188 239
115 240
137 240
67 240
41 241
42 242
47 243
181 244
121 245
146 245
39 245
149 246
42 247
198 248
83 249
71 249
189 252
199 252
12 253
38 253
64 253
186 254
40 254
59 255
126 258
11 258
33 258
48 259
9 260
46 261
74 262
77 263
118 264
186 265
34 265
50 265
8 266
161 268
72 268
78 268
117 269
193 269
149 271
28 271
127 272
26 272
31 272
163 273
20 273
37 273
49 273
75 273
54 274
15 276
137 277
8 277
135 279
34 279
68 279
105 281
2 281
33 281
158 282
10 282
3 284
42 284
59 284
0 285
89 288
191 288
111 290
31 290
38 290
57 290
148 291
64 291
127 293
26 293
81 294
196 296
66 296
123 298
137 299
155 299
90 300
193 300
