101 1
153 1
118 2
46 2
34 3
159 4
164 5
31 5
58 6
78 6
146 7
5 7
23 7
44 7
82 8
172 8
166 11
110 12
187 12
33 12
54 12
48 13
7 17
49 17
178 19
165 20
12 20
125 21
170 21
1 21
127 23
5 23
46 24
148 25
0 26
41 28
120 30
171 30
125 32
36 32
138 33
1 33
58 33
180 34
2 34
72 34
128 36
14 36
41 37
16 38
182 39
48 40
71 40
157 41
195 41
50 41
150 42
188 42
31 42
161 43
47 43
135 44
10 44
78 44
79 44
145 45
38 47
192 49
53 50
90 51
51 51
86 52
174 52
11 52
143 53
58 54
69 56
83 57
116 57
190 57
2 57
34 57
35 57
3 58
182 59
22 59
138 60
178 60
32 60
77 60
7 61
139 62
29 62
83 63
92 63
124 64
169 65
5 65
49 66
112 69
117 70
50 70
8 71
53 71
65 71
174 72
198 73
58 73
62 73
139 74
1 74
77 74
144 75
30 76
154 77
65 79
54 80
118 81
138 81
153 83
14 83
30 83
156 85
73 85
1 86
29 86
129 87
175 87
39 87
62 87
25 88
22 90
197 91
98 92
18 92
24 92
82 93
91 93
109 93
146 93
166 93
33 93
61 93
47 94
135 97
78 97
141 98
175 98
156 99
112 100
139 101
181 101
183 101
27 101
46 101
49 101
65 101
76 101
22 102
33 102
43 102
95 103
17 103
77 103
112 104
4 104
31 104
98 105
166 105
183 106
1 106
72 106
79 106
178 107
0 107
16 107
20 107
35 107
37 107
70 107
111 108
139 108
173 108
179 108
28 108
71 108
143 109
34 109
164 110
49 110
126 111
51 111
130 112
3 112
26 112
60 112
103 113
109 113
172 113
183 113
59 113
146 114
152 114
154 114
12 114
25 114
33 114
45 114
78 114
81 115
116 115
199 115
9 115
37 115
55 115
67 115
97 116
4 116
29 116
191 118
16 119
40 119
63 119
74 119
149 120
198 120
5 120
6 120
41 120
68 120
82 121
100 121
103 121
157 121
169 121
171 121
2 121
20 121
28 121
46 121
87 122
22 122
102 123
14 123
58 123
114 124
117 124
126 124
77 124
168 125
49 125
145 126
31 126
78 126
80 127
111 127
3 127
12 127
15 127
36 127
98 128
118 128
163 128
167 128
182 128
33 128
39 128
40 128
67 128
69 128
75 128
70 129
1 130
26 130
101 131
103 131
86 132
120 132
5 132
6 132
119 133
129 133
174 133
190 133
55 133
62 133
175 134
179 134
187 134
51 134
64 134
66 134
116 135
133 135
139 135
178 135
21 135
34 135
42 135
56 135
9 136
14 136
32 136
43 136
75 136
122 137
2 137
16 137
44 137
95 138
130 138
142 139
169 139
183 139
61 139
117 140
8 140
54 140
71 140
82 141
83 141
90 141
164 141
4 141
7 141
12 141
24 141
25 141
30 141
35 141
46 141
78 141
87 142
170 142
3 142
13 142
23 142
62 142
123 143
151 143
165 143
9 143
15 143
39 143
67 143
178 144
63 144
133 145
141 146
159 146
14 146
42 146
59 146
72 146
93 147
140 147
2 147
21 147
103 148
115 148
119 148
124 148
143 148
150 148
198 148
28 148
31 148
68 148
70 148
10 149
32 149
44 149
65 149
88 150
129 150
135 150
47 150
5 151
35 151
43 151
16 152
58 152
63 152
120 153
167 153
187 153
13 153
15 153
46 153
51 153
77 153
89 154
96 154
107 154
110 154
194 154
24 154
25 154
33 154
38 154
155 155
180 155
22 155
23 155
54 155
55 155
60 155
65 155
132 156
133 156
134 156
74 156
126 157
171 157
183 159
28 159
42 159
135 160
147 160
185 160
29 160
89 161
131 161
143 161
174 161
179 161
2 161
57 161
82 162
109 162
124 162
133 162
167 162
186 162
16 162
43 162
50 162
1 163
11 163
44 163
47 163
70 163
19 164
26 164
79 164
117 165
192 165
115 166
10 166
15 166
20 166
74 166
3 167
27 167
52 167
62 167
75 167
78 167
80 168
99 168
102 168
107 168
114 168
144 168
148 168
173 168
197 168
18 168
34 168
36 168
51 168
60 168
63 168
77 168
154 169
182 169
196 169
9 169
19 170
71 170
30 171
94 172
5 172
13 172
21 172
113 173
184 173
53 173
64 173
91 174
109 174
126 174
145 174
169 174
188 174
38 174
41 174
68 174
69 174
81 175
95 175
7 175
32 176
56 176
73 176
53 177
10 178
66 178
116 179
138 179
3 179
88 180
100 180
129 180
137 180
140 180
21 180
22 180
41 180
106 181
120 181
131 181
153 181
194 181
4 181
13 181
24 181
43 181
49 181
97 182
118 182
150 182
27 182
52 182
77 182
170 183
60 183
61 183
111 184
31 184
37 184
87 185
151 185
55 185
142 186
174 186
197 186
14 186
21 186
69 186
9 187
18 187
54 187
104 188
107 188
155 188
189 188
15 188
20 188
23 188
35 188
40 188
51 188
163 189
171 189
180 189
30 189
59 189
125 190
167 190
25 190
26 190
50 190
74 190
16 191
103 192
114 192
128 192
154 192
166 192
7 192
56 192
129 193
135 193
164 193
8 193
9 193
63 193
122 194
168 194
199 194
1 194
24 194
53 194
66 194
92 195
145 195
13 195
27 195
32 195
146 196
195 196
25 196
37 196
64 196
114 197
79 197
153 199
70 199
126 200
148 200
182 200
185 200
188 200
15 200
28 200
30 200
48 200
182 201
5 201
30 201
14 202
66 204
123 205
178 205
75 207
102 208
132 209
168 209
65 209
152 211
172 211
6 211
7 211
179 212
79 212
8 214
63 214
72 214
20 218
17 220
36 220
195 221
142 222
178 222
140 223
3 224
14 225
101 228
183 228
186 229
42 229
148 230
52 230
76 230
6 231
68 231
73 231
9 232
105 234
162 234
38 235
103 236
174 236
3 236
54 237
75 237
177 238
62 238
120 240
125 240
148 241
39 241
40 241
76 241
129 242
127 243
2 243
23 243
30 243
119 244
38 244
71 244
173 246
132 247
11 247
48 247
73 247
14 248
21 249
79 250
23 251
134 252
41 253
54 254
122 255
55 258
92 259
99 259
14 259
96 260
4 260
40 262
35 263
173 265
14 265
17 267
23 267
61 267
62 267
188 269
98 270
9 270
49 270
138 271
29 271
43 271
24 272
134 275
59 276
105 277
120 277
150 277
28 277
69 277
36 281
133 282
18 283
136 284
0 284
83 286
54 286
135 287
72 287
190 288
151 289
32 290
37 290
41 290
63 290
29 291
31 292
58 292
66 292
118 293
187 294
18 294
61 294
60 295
157 298
115 299
146 299
65 299
