360 3
826 3
1920 5
596 6
1392 6
1718 6
869 7
496 8
755 8
447 9
499 10
1956 10
327 11
1592 11
1720 11
2046 12
1859 12
1668 13
1997 14
2082 15
1472 16
112 17
1760 17
246 18
701 18
2201 18
17 19
705 19
1790 19
2026 21
2132 22
1957 22
2197 23
211 25
1192 25
828 26
489 27
852 28
853 28
863 28
1420 30
1439 30
1481 31
150 32
680 32
2045 33
454 34
2116 34
1242 34
1849 34
676 35
817 35
1758 35
354 36
316 37
2049 38
158 39
1957 39
375 40
1618 40
237 41
2206 41
1904 41
620 42
577 44
867 44
590 45
260 46
2029 47
1669 47
1122 48
1489 49
658 50
1195 50
1537 50
1719 52
765 53
1592 53
143 54
2187 54
2235 55
1340 56
673 57
1208 58
153 59
200 60
2129 60
1196 60
206 61
250 61
530 61
1509 61
565 62
328 63
1983 63
131 64
226 65
828 65
2186 65
1370 66
715 67
1672 67
400 69
575 69
1782 69
76 70
1259 70
675 73
866 73
1470 74
355 75
661 75
2162 75
1652 75
2204 76
1478 76
1810 76
585 77
1489 77
1249 79
1392 79
1438 80
1655 80
791 81
2124 81
1180 81
1407 81
1523 81
290 82
2221 83
1625 86
544 87
413 88
664 89
1847 89
903 90
778 91
1842 91
277 92
534 92
472 93
2019 93
50 94
819 94
1719 94
1795 94
657 96
1295 96
2173 97
2176 97
1429 97
1911 98
1458 99
1256 100
233 101
336 101
434 101
484 101
613 101
834 101
925 101
1693 101
1720 101
46 102
402 102
574 102
661 102
689 102
801 102
1301 102
1479 102
1487 102
1841 102
54 103
109 103
159 103
208 103
258 103
411 103
518 103
578 103
596 103
672 103
805 103
1664 103
1978 103
2128 103
113 104
508 104
588 104
604 104
695 104
703 104
732 104
757 104
1057 104
1472 104
1520 104
1648 104
1781 104
1920 104
6 105
25 105
40 105
261 105
323 105
349 105
388 105
515 105
586 105
590 105
631 105
799 105
844 105
851 105
901 105
932 105
1211 105
1416 105
1448 105
1450 105
1584 105
1592 105
1667 105
1668 105
1695 105
1731 105
2051 105
2205 105
11 106
209 106
435 106
692 106
874 106
887 106
931 106
1141 106
1193 106
1293 106
1559 106
1859 106
1879 106
618 107
675 107
714 107
1245 107
1247 107
1601 107
1738 107
1935 107
1951 107
107 108
162 108
436 108
558 108
667 108
800 108
823 108
825 108
842 108
856 108
871 108
1199 108
1220 108
1915 108
2121 108
745 109
1309 109
1545 109
1910 109
47 110
354 110
385 110
626 110
645 110
688 110
734 110
822 110
1340 110
1667 110
1732 110
1941 110
545 111
555 111
564 111
649 111
773 111
815 111
818 111
869 111
908 111
936 111
1144 111
1167 111
1307 111
1519 111
1870 111
1892 111
1896 111
1938 111
2029 111
2152 111
274 112
284 112
306 112
334 112
373 112
397 112
420 112
485 112
502 112
565 112
570 112
634 112
668 112
743 112
746 112
821 112
983 112
1132 112
1205 112
1210 112
1262 112
1269 112
1404 112
1410 112
1544 112
1655 112
1742 112
1820 112
1898 112
1905 112
2094 112
549 113
550 113
630 113
735 113
755 113
767 113
811 113
1143 113
1152 113
1596 113
1647 113
1653 113
1747 113
1888 113
2153 113
399 114
507 114
568 114
643 114
888 114
1349 114
1373 114
1629 114
1843 114
2007 114
2082 114
295 115
530 115
610 115
709 115
720 115
771 115
1051 115
1125 115
1700 115
1720 115
1964 115
2016 115
62 116
109 116
305 116
401 116
548 116
606 116
640 116
703 116
715 116
730 116
756 116
781 116
786 116
787 116
857 116
868 116
873 116
1207 116
1315 116
1331 116
1493 116
1550 116
1858 116
1886 116
1901 116
2107 116
2109 116
423 117
432 117
594 117
686 117
727 117
738 117
760 117
788 117
809 117
812 117
938 117
1296 117
1846 117
1849 117
2042 117
2190 117
89 118
166 118
180 118
244 118
361 118
391 118
501 118
598 118
605 118
632 118
687 118
763 118
853 118
905 118
941 118
967 118
1664 118
1806 118
1877 118
1920 118
1963 118
54 119
57 119
67 119
293 119
351 119
479 119
546 119
575 119
679 119
742 119
754 119
789 119
796 119
797 119
862 119
910 119
1121 119
1132 119
1146 119
1148 119
1341 119
1431 119
1474 119
1713 119
1752 119
1863 119
1864 119
1942 119
1982 119
2069 119
2137 119
2151 119
2152 119
2201 119
137 120
263 120
291 120
661 120
690 120
695 120
726 120
860 120
867 120
983 120
1087 120
1101 120
1191 120
1193 120
1195 120
1898 120
1985 120
2133 120
8 121
554 121
785 121
944 121
1127 121
1427 121
1497 121
1723 121
1733 121
102 122
281 122
547 122
552 122
613 122
652 122
664 122
732 122
1150 122
1339 122
1422 122
1461 122
1824 122
2068 122
2142 122
101 123
369 123
658 123
743 123
772 123
855 123
1219 123
1255 123
1421 123
1810 123
94 124
156 124
234 124
370 124
468 124
475 124
595 124
775 124
825 124
876 124
940 124
957 124
1259 124
1354 124
1379 124
1475 124
1678 124
1817 124
210 125
422 125
631 125
767 125
800 125
810 125
838 125
879 125
961 125
1003 125
1193 125
1284 125
1287 125
1299 125
1334 125
1639 125
1677 125
1764 125
1823 125
1909 125
1972 125
2055 125
2134 125
2147 125
158 126
171 126
256 126
535 126
669 126
671 126
729 126
755 126
807 126
814 126
828 126
878 126
900 126
914 126
936 126
963 126
1000 126
1040 126
1044 126
1328 126
1359 126
1492 126
1541 126
1543 126
1598 126
1692 126
1885 126
1903 126
2009 126
117 127
187 127
221 127
350 127
375 127
740 127
770 127
1138 127
1161 127
1390 127
1468 127
1483 127
1982 127
80 128
85 128
215 128
626 128
700 128
774 128
856 128
918 128
1296 128
1797 128
2223 128
166 129
585 129
741 129
1034 129
1038 129
1189 129
1509 129
1731 129
1765 129
2004 129
2040 129
2101 129
95 130
189 130
521 130
540 130
673 130
694 130
752 130
803 130
1008 130
1188 130
1192 130
1319 130
1494 130
1806 130
1838 130
142 131
176 131
202 131
314 131
412 131
597 131
653 131
685 131
690 131
785 131
804 131
808 131
829 131
847 131
954 131
960 131
974 131
1141 131
1264 131
1523 131
1586 131
1706 131
1789 131
1914 131
2048 131
2111 131
2201 131
74 132
100 132
135 132
242 132
434 132
454 132
628 132
743 132
751 132
754 132
768 132
790 132
791 132
850 132
892 132
893 132
988 132
1196 132
1257 132
1310 132
1487 132
1498 132
1540 132
1556 132
1581 132
2139 132
2143 132
2197 132
37 133
178 133
325 133
407 133
431 133
607 133
664 133
665 133
683 133
738 133
809 133
843 133
853 133
921 133
970 133
1123 133
1234 133
1448 133
1503 133
1571 133
22 134
56 134
124 134
243 134
518 134
557 134
616 134
718 134
793 134
811 134
825 134
975 134
1349 134
1358 134
1496 134
1536 134
1594 134
908 135
951 135
1121 135
1152 135
1298 135
1364 135
1426 135
1550 135
1673 135
1740 135
1775 135
1899 135
578 136
641 136
663 136
752 136
849 136
860 136
920 136
1011 136
1412 136
1910 136
1935 136
43 137
105 137
206 137
414 137
476 137
592 137
680 137
719 137
868 137
939 137
1138 137
1177 137
1313 137
1351 137
1626 137
1721 137
2035 137
2079 137
2093 137
2145 137
25 138
120 138
234 138
277 138
472 138
618 138
676 138
818 138
970 138
1012 138
1173 138
1202 138
1208 138
1263 138
1282 138
1340 138
1341 138
1344 138
1401 138
1764 138
1900 138
1932 138
2099 138
2103 138
2148 138
2151 138
49 139
55 139
72 139
208 139
233 139
279 139
517 139
563 139
654 139
708 139
782 139
819 139
976 139
981 139
994 139
1009 139
1039 139
1082 139
1126 139
1266 139
1276 139
1309 139
1366 139
1417 139
1456 139
1494 139
1507 139
1711 139
1776 139
1789 139
1952 139
1998 139
2110 139
2142 139
2166 139
2199 139
270 140
412 140
461 140
527 140
554 140
558 140
927 140
929 140
993 140
1135 140
1318 140
1353 140
1528 140
1636 140
1708 140
1741 140
1886 140
2214 140
230 141
411 141
852 141
909 141
919 141
940 141
1016 141
1065 141
1197 141
1294 141
1481 141
1666 141
2057 141
2181 141
56 142
199 142
216 142
430 142
609 142
657 142
824 142
1026 142
1038 142
1085 142
1184 142
1222 142
1469 142
1579 142
1676 142
2058 142
157 143
264 143
354 143
736 143
1036 143
1088 143
1175 143
1218 143
1706 143
1712 143
296 144
715 144
773 144
844 144
872 144
903 144
1129 144
1433 144
1557 144
1720 144
1822 144
1838 144
22 145
57 145
66 145
419 145
492 145
552 145
795 145
879 145
986 145
1071 145
1078 145
1153 145
1168 145
1212 145
1325 145
1361 145
1380 145
1468 145
1555 145
2003 145
190 146
220 146
433 146
462 146
469 146
585 146
721 146
771 146
815 146
837 146
839 146
969 146
979 146
1024 146
1077 146
1152 146
1211 146
1275 146
1665 146
1699 146
1714 146
1847 146
1871 146
1897 146
2032 146
2062 146
113 147
195 147
275 147
371 147
478 147
591 147
627 147
946 147
1055 147
1592 147
1721 147
1818 147
1839 147
2154 147
2199 147
754 148
827 148
847 148
857 148
1082 148
1162 148
1308 148
1463 148
1482 148
1619 148
2005 148
149 149
257 149
359 149
431 149
1114 149
1200 149
1225 149
409 150
567 150
766 150
855 150
905 150
907 150
1006 150
1040 150
1084 150
1157 150
1393 150
1684 150
1804 150
1867 150
1968 150
26 151
210 151
213 151
640 151
834 151
842 151
944 151
1026 151
1091 151
1101 151
1125 151
1127 151
1134 151
1180 151
1194 151
1322 151
1394 151
1589 151
1665 151
1677 151
6 152
39 152
58 152
194 152
272 152
364 152
407 152
534 152
684 152
707 152
856 152
859 152
866 152
884 152
908 152
976 152
1002 152
1003 152
1110 152
1132 152
1135 152
1137 152
1163 152
1281 152
1370 152
1411 152
1444 152
1454 152
1477 152
1563 152
1609 152
1625 152
1742 152
1815 152
1924 152
1976 152
126 153
307 153
451 153
741 153
888 153
891 153
900 153
980 153
1079 153
1107 153
1118 153
1150 153
1217 153
1257 153
1542 153
1568 153
1587 153
1638 153
1662 153
1730 153
1842 153
1938 153
171 154
368 154
421 154
429 154
519 154
636 154
688 154
727 154
743 154
948 154
951 154
1020 154
1145 154
1330 154
1364 154
1494 154
1508 154
2127 154
495 155
1144 155
1310 155
1313 155
1450 155
1787 155
2146 155
123 156
196 156
219 156
474 156
487 156
725 156
869 156
875 156
1280 156
1745 156
1831 156
2032 156
2091 156
2157 156
90 157
209 157
608 157
801 157
816 157
995 157
1016 157
1249 157
1399 157
1434 157
1484 157
1691 157
2018 157
2084 157
2196 157
261 158
279 158
565 158
566 158
674 158
698 158
821 158
858 158
860 158
1044 158
1062 158
1100 158
1171 158
1366 158
1370 158
1468 158
1524 158
1539 158
1782 158
20 159
28 159
146 159
160 159
386 159
538 159
693 159
733 159
767 159
819 159
890 159
953 159
1000 159
1024 159
1031 159
1068 159
1071 159
1081 159
1090 159
1119 159
1193 159
1211 159
1220 159
1225 159
1274 159
1296 159
1446 159
1835 159
2058 159
81 160
286 160
288 160
398 160
413 160
843 160
1043 160
1057 160
1166 160
1238 160
1244 160
1298 160
1475 160
1508 160
1553 160
1728 160
1829 160
1952 160
1981 160
324 161
552 161
655 161
837 161
1112 161
1175 161
1476 161
1501 161
1581 161
1595 161
1856 161
1886 161
1891 161
1911 161
2156 161
2226 161
1012 162
1048 162
1209 162
1768 162
1903 162
215 163
220 163
254 163
533 163
702 163
748 163
914 163
962 163
978 163
1054 163
1173 163
1229 163
1253 163
2071 163
128 164
186 164
239 164
415 164
464 164
523 164
581 164
877 164
941 164
983 164
1085 164
1152 164
1239 164
1260 164
1291 164
1321 164
1380 164
1401 164
2027 164
2167 164
2212 164
114 165
151 165
185 165
301 165
483 165
769 165
1034 165
1042 165
1058 165
1066 165
1083 165
1086 165
1088 165
1124 165
1128 165
1143 165
1151 165
1171 165
1302 165
1809 165
1833 165
1855 165
2094 165
2147 165
52 166
172 166
250 166
412 166
597 166
599 166
727 166
747 166
872 166
893 166
959 166
1144 166
1194 166
1241 166
1245 166
1365 166
1482 166
1672 166
1799 166
1810 166
1832 166
2038 166
2051 166
2169 166
59 167
251 167
529 167
540 167
720 167
902 167
1178 167
1203 167
1550 167
1765 167
2012 167
2127 167
10 168
46 168
96 168
304 168
625 168
830 168
1045 168
1220 168
1338 168
1537 168
1894 168
299 169
575 169
891 169
958 169
1217 169
1548 169
1736 169
1745 169
1908 169
2149 169
188 170
236 170
441 170
561 170
810 170
1061 170
1167 170
1200 170
1237 170
1256 170
1350 170
1424 170
1500 170
1673 170
1689 170
1851 170
2095 170
2101 170
2109 170
2132 170
125 171
173 171
232 171
261 171
263 171
367 171
448 171
465 171
480 171
506 171
562 171
612 171
726 171
753 171
843 171
929 171
1037 171
1197 171
1254 171
1268 171
1648 171
1711 171
2009 171
305 172
481 172
648 172
797 172
858 172
960 172
986 172
1017 172
1032 172
1129 172
1187 172
1286 172
1314 172
1373 172
1380 172
1422 172
1449 172
1558 172
1636 172
1857 172
1959 172
2236 172
82 173
194 173
387 173
389 173
817 173
916 173
972 173
984 173
1021 173
1068 173
1120 173
1134 173
1233 173
1240 173
1292 173
1300 173
1335 173
1363 173
1554 173
1624 173
1699 173
375 174
443 174
1023 174
1142 174
1264 174
1430 174
1669 174
1953 174
1987 174
108 175
248 175
603 175
630 175
668 175
687 175
1125 175
1193 175
1205 175
1277 175
1398 175
1422 175
1671 175
1895 175
1916 175
407 176
962 176
1153 176
1218 176
1250 176
1449 176
1870 176
1900 176
2070 176
2154 176
205 177
314 177
874 177
1036 177
1262 177
1282 177
1434 177
1570 177
1622 177
1992 177
1999 177
2032 177
2039 177
2142 177
45 178
163 178
239 178
247 178
329 178
399 178
481 178
664 178
741 178
750 178
757 178
866 178
936 178
1064 178
1131 178
1199 178
1213 178
1215 178
1275 178
1305 178
1339 178
1343 178
1522 178
1563 178
1627 178
1631 178
1711 178
1820 178
1881 178
1899 178
1917 178
1970 178
2054 178
2055 178
2163 178
4 179
152 179
424 179
511 179
590 179
819 179
870 179
872 179
891 179
966 179
1117 179
1132 179
1178 179
1273 179
1316 179
1347 179
1461 179
1526 179
1530 179
1546 179
1557 179
1676 179
1824 179
2024 179
78 180
90 180
183 180
333 180
491 180
847 180
1104 180
1143 180
1190 180
1244 180
1249 180
1285 180
1291 180
1338 180
1361 180
1362 180
1370 180
1378 180
2105 180
2232 180
119 181
489 181
960 181
989 181
1170 181
1240 181
1301 181
1446 181
2106 181
2130 181
2133 181
2228 181
764 182
1030 182
1216 182
1379 182
1536 182
1559 182
1774 182
1990 182
2207 182
2222 182
229 183
249 183
389 183
430 183
781 183
856 183
1046 183
1071 183
1128 183
1215 183
1259 183
1267 183
1780 183
2119 183
107 184
340 184
644 184
1073 184
1121 184
1126 184
1136 184
1251 184
1407 184
1831 184
1933 184
2178 184
2180 184
112 185
133 185
172 185
218 185
262 185
395 185
503 185
695 185
804 185
826 185
997 185
1053 185
1077 185
1087 185
1165 185
1214 185
1234 185
1274 185
1287 185
1533 185
1889 185
2035 185
2053 185
2208 185
0 186
69 186
113 186
417 186
702 186
846 186
1078 186
1091 186
1124 186
1182 186
1248 186
1270 186
1303 186
1314 186
1393 186
1454 186
1477 186
1623 186
1701 186
1744 186
1754 186
1897 186
1974 186
55 187
101 187
106 187
401 187
651 187
712 187
745 187
916 187
1220 187
1275 187
1364 187
1802 187
1957 187
45 188
184 188
352 188
581 188
672 188
1167 188
1279 188
1878 188
40 189
46 189
72 189
291 189
746 189
1112 189
1374 189
1641 189
2099 189
2218 189
118 190
139 190
167 190
1163 190
1193 190
1539 190
1611 190
1629 190
36 191
231 191
1108 191
1260 191
1285 191
2036 191
2110 191
33 192
163 192
254 192
284 192
295 192
431 192
755 192
833 192
857 192
991 192
1026 192
1110 192
1146 192
1236 192
1244 192
1256 192
1261 192
1269 192
1301 192
1338 192
1366 192
1413 192
1436 192
1554 192
1689 192
1771 192
1805 192
1861 192
1917 192
2007 192
2027 192
2062 192
2067 192
147 193
326 193
524 193
528 193
785 193
1005 193
1042 193
1106 193
1138 193
1162 193
1166 193
1186 193
1300 193
1304 193
1359 193
1387 193
1434 193
1447 193
1492 193
1704 193
1767 193
1782 193
1851 193
1948 193
2019 193
2043 193
2057 193
2199 193
2217 193
129 194
541 194
739 194
1178 194
1201 194
1224 194
1375 194
1527 194
1567 194
2236 194
161 195
229 195
475 195
647 195
1156 195
1652 195
1877 195
1895 195
1990 195
2068 195
58 196
175 196
1230 196
1281 196
1310 196
1353 196
2163 196
143 197
289 197
331 197
344 197
447 197
847 197
875 197
1075 197
1128 197
1169 197
1234 197
1445 197
1786 197
1832 197
2182 197
2226 197
11 198
389 198
455 198
543 198
631 198
737 198
747 198
1263 198
1280 198
1289 198
1297 198
1323 198
1437 198
1457 198
1502 198
1661 198
1718 198
1795 198
1820 198
1825 198
1836 198
2143 198
2158 198
134 199
191 199
320 199
488 199
709 199
1151 199
1204 199
1226 199
1348 199
1412 199
1432 199
1488 199
1542 199
1545 199
1628 199
1697 199
1712 199
1899 199
1979 199
1994 199
2132 199
28 200
66 200
398 200
448 200
504 200
634 200
639 200
648 200
763 200
1074 200
1171 200
1176 200
1179 200
1228 200
1251 200
1258 200
1319 200
1349 200
1378 200
1381 200
1629 200
1758 200
1793 200
2169 200
2197 200
2224 200
829 201
73 202
98 202
1323 202
22 203
264 203
452 204
2182 204
1997 204
504 205
507 205
1816 205
206 206
1995 208
1469 210
1890 211
1225 212
536 213
837 213
840 213
1403 213
2238 214
1679 214
874 215
356 216
2126 216
1390 216
1573 217
641 218
838 220
52 221
325 222
2174 222
1157 222
274 223
684 223
1181 223
1441 224
579 225
2038 225
1206 226
1747 226
244 227
1913 228
544 230
3 231
1264 231
1739 231
2021 233
1062 233
2235 233
1267 233
1663 233
2056 234
1548 237
1719 238
665 239
1452 239
1785 239
614 240
1400 240
1468 241
917 242
66 244
231 244
1951 244
621 245
1253 245
432 248
1962 248
321 249
1152 249
1216 249
2225 250
54 251
873 251
144 253
1041 254
1264 254
532 255
1204 256
555 257
1517 257
172 258
1287 258
1674 258
2029 260
1863 260
242 263
1590 263
227 265
370 265
444 265
1492 265
297 266
112 267
1949 267
140 268
584 268
181 269
1257 269
1364 269
1923 270
291 271
1368 271
1581 271
579 272
628 272
1539 272
1716 272
634 274
1054 274
23 275
691 275
1222 275
52 277
592 277
1715 277
72 279
576 279
227 280
541 280
1537 281
49 282
1181 282
176 283
2134 283
524 284
582 284
786 284
1205 284
1810 285
1034 287
1970 287
2205 288
1199 288
2091 289
975 289
1696 289
1330 290
240 292
685 293
787 293
6 294
1946 294
2121 295
1675 295
690 296
1560 296
444 297
698 298
1262 298
34 299
561 299
844 299
866 299
1501 299
1601 299
