1645 2
103 3
402 3
1366 3
1931 3
1499 5
1808 6
1998 6
40 9
423 9
1939 9
731 11
1355 11
1580 11
386 12
1347 12
551 13
1875 13
186 15
223 16
830 16
1585 16
1720 16
1433 18
655 21
734 21
643 23
728 23
1893 23
255 24
1042 24
1432 24
1393 25
640 26
1600 26
1936 27
1237 28
1791 29
321 31
1928 31
249 32
344 33
2226 33
514 35
2130 35
2213 35
1786 35
1908 35
796 36
804 36
2063 36
2087 39
2133 39
2001 40
1602 40
671 42
135 44
1418 45
665 46
1514 47
1848 48
749 49
813 49
1367 49
1374 49
1527 49
761 50
1649 50
1850 50
382 51
660 51
865 51
1225 51
867 52
1417 52
385 53
1428 54
1859 54
1359 55
53 56
860 56
1630 56
479 57
1964 57
1159 59
750 60
2125 60
1452 60
45 61
2081 61
583 62
816 62
1598 63
1348 65
1657 65
1160 66
1656 70
1866 70
3 71
359 71
1161 71
357 72
1543 72
763 73
797 74
1939 74
2136 75
1880 75
592 76
1603 76
2239 77
1243 77
1375 77
144 79
712 79
2104 79
566 80
2206 80
1270 80
1410 81
1788 81
1823 81
1403 82
201 83
774 83
2038 83
1832 83
233 85
234 85
564 85
250 86
1484 86
1741 86
63 87
1907 87
293 89
853 89
1466 89
1710 90
290 91
1172 91
2117 92
14 95
218 95
522 97
576 97
726 97
587 98
1879 98
490 100
2173 100
1383 100
84 101
88 101
196 101
339 101
424 101
535 101
604 101
709 101
712 101
833 101
1178 101
1234 101
1253 101
1263 101
1302 101
1657 101
1697 101
1839 101
1850 101
1943 101
1970 101
1982 101
2008 101
2111 101
2114 101
2183 101
233 102
251 102
282 102
343 102
381 102
394 102
403 102
412 102
502 102
745 102
780 102
1236 102
1285 102
1530 102
1566 102
1631 102
1675 102
2112 102
43 103
247 103
252 103
309 103
367 103
396 103
459 103
482 103
509 103
531 103
597 103
742 103
832 103
1730 103
36 104
122 104
230 104
480 104
544 104
847 104
237 105
258 105
327 105
337 105
377 105
401 105
434 105
553 105
675 105
805 105
867 105
1274 105
1409 105
1492 105
1541 105
1865 105
2142 105
51 106
159 106
303 106
348 106
362 106
386 106
387 106
433 106
455 106
469 106
515 106
517 106
574 106
657 106
689 106
831 106
1133 106
1397 106
1659 106
1819 106
1991 106
2011 106
2218 106
18 107
63 107
74 107
133 107
210 107
288 107
343 107
353 107
356 107
382 107
514 107
520 107
523 107
630 107
643 107
855 107
864 107
1129 107
1303 107
1304 107
1313 107
1403 107
1446 107
1570 107
1738 107
1834 107
1934 107
2003 107
2227 107
9 108
84 108
88 108
128 108
170 108
200 108
202 108
258 108
261 108
328 108
397 108
400 108
419 108
429 108
441 108
485 108
497 108
632 108
719 108
804 108
856 108
897 108
1226 108
1252 108
1253 108
1268 108
1293 108
1683 108
1751 108
1758 108
1981 108
2039 108
2101 108
4 109
179 109
272 109
380 109
475 109
570 109
578 109
635 109
637 109
677 109
1388 109
1442 109
1569 109
1687 109
1732 109
49 110
109 110
306 110
486 110
569 110
697 110
787 110
875 110
1582 110
1625 110
1740 110
1888 110
316 111
416 111
576 111
879 111
2148 111
415 112
1037 112
1159 112
1243 112
1349 112
1404 112
1473 112
2095 112
1 113
82 113
307 113
355 113
359 113
391 113
448 113
455 113
526 113
539 113
584 113
631 113
662 113
680 113
866 113
1323 113
1334 113
1421 113
43 114
195 114
256 114
352 114
373 114
477 114
518 114
523 114
545 114
550 114
597 114
625 114
629 114
686 114
734 114
1108 114
1196 114
1207 114
1244 114
1306 114
1504 114
1675 114
1743 114
1830 114
1831 114
1948 114
1991 114
2049 114
2051 114
2143 114
2213 114
13 115
128 115
144 115
245 115
252 115
281 115
293 115
294 115
336 115
364 115
503 115
513 115
650 115
722 115
738 115
780 115
808 115
1437 115
1486 115
1757 115
2017 115
2205 115
19 116
56 116
292 116
297 116
335 116
344 116
345 116
422 116
445 116
596 116
642 116
1152 116
1378 116
1424 116
1435 116
1450 116
1456 116
1460 116
1550 116
1608 116
1627 116
1702 116
1800 116
2065 116
228 117
285 117
361 117
421 117
496 117
504 117
1321 117
1359 117
164 118
197 118
431 118
480 118
542 118
547 118
799 118
846 118
1177 118
1341 118
1562 118
1573 118
1736 118
2085 118
39 119
273 119
482 119
592 119
620 119
699 119
777 119
789 119
822 119
1469 119
1674 119
1879 119
2174 119
59 120
191 120
320 120
386 120
492 120
497 120
510 120
552 120
574 120
608 120
635 120
705 120
809 120
842 120
1136 120
1276 120
1408 120
1479 120
1518 120
1531 120
1614 120
1616 120
1666 120
1759 120
1764 120
1779 120
2178 120
1 121
88 121
267 121
313 121
353 121
359 121
364 121
383 121
402 121
426 121
457 121
468 121
478 121
537 121
693 121
714 121
731 121
792 121
817 121
864 121
1297 121
1679 121
1722 121
1850 121
1852 121
1921 121
2218 121
79 122
118 122
140 122
174 122
202 122
348 122
509 122
653 122
669 122
721 122
818 122
820 122
858 122
980 122
1173 122
1252 122
1536 122
1572 122
1923 122
2026 122
2150 122
218 123
297 123
559 123
562 123
590 123
595 123
627 123
643 123
857 123
1594 123
1816 123
1819 123
1867 123
1945 123
99 124
108 124
456 124
604 124
615 124
656 124
1373 124
1533 124
2115 124
338 125
367 125
426 125
517 125
576 125
1212 125
1575 125
1667 125
1984 125
2093 125
2099 125
36 126
52 126
95 126
257 126
487 126
500 126
558 126
685 126
740 126
822 126
929 126
1403 126
1620 126
2071 126
246 127
274 127
387 127
410 127
484 127
504 127
506 127
546 127
547 127
560 127
565 127
636 127
682 127
1220 127
1296 127
1312 127
1477 127
1619 127
1706 127
1712 127
1871 127
1902 127
2045 127
2233 127
102 128
368 128
406 128
467 128
512 128
593 128
637 128
694 128
697 128
1183 128
1308 128
1371 128
1556 128
1589 128
1613 128
1791 128
2105 128
129 129
231 129
262 129
305 129
342 129
472 129
579 129
693 129
702 129
801 129
819 129
1166 129
1185 129
1190 129
1205 129
1409 129
1661 129
2124 129
2209 129
2237 129
212 130
386 130
446 130
659 130
808 130
1091 130
1393 130
1731 130
1760 130
1835 130
1887 130
313 131
369 131
1194 131
1197 131
1314 131
1463 131
1508 131
1884 131
495 132
639 132
668 132
676 132
677 132
779 132
1535 132
1782 132
11 133
64 133
106 133
148 133
241 133
276 133
284 133
329 133
349 133
453 133
540 133
574 133
611 133
620 133
631 133
751 133
864 133
1196 133
1336 133
1358 133
1509 133
1807 133
1944 133
2103 133
51 134
109 134
370 134
426 134
433 134
449 134
483 134
489 134
536 134
549 134
555 134
566 134
586 134
592 134
599 134
623 134
654 134
660 134
692 134
728 134
867 134
1054 134
1225 134
1294 134
1338 134
1366 134
2123 134
2150 134
57 135
171 135
193 135
270 135
307 135
374 135
469 135
508 135
604 135
653 135
715 135
820 135
1162 135
1503 135
1568 135
1639 135
1724 135
1748 135
1844 135
1903 135
1937 135
1948 135
2005 135
2006 135
2090 135
2135 135
345 136
409 136
422 136
503 136
547 136
587 136
735 136
1329 136
1725 136
1839 136
1845 136
2037 136
2195 136
91 137
149 137
467 137
517 137
567 137
612 137
634 137
1331 137
1789 137
1804 137
1849 137
430 138
583 138
1301 138
1455 138
1528 138
210 139
322 139
700 139
701 139
722 139
747 139
836 139
1255 139
1427 139
1453 139
1562 139
1594 139
1760 139
1792 139
1852 139
75 140
280 140
444 140
497 140
590 140
619 140
827 140
1261 140
1438 140
1442 140
1505 140
1639 140
1656 140
1763 140
1920 140
1949 140
128 141
259 141
293 141
416 141
498 141
568 141
572 141
581 141
644 141
650 141
670 141
737 141
749 141
792 141
1156 141
1198 141
1220 141
1452 141
1492 141
1494 141
1714 141
2120 141
161 142
180 142
520 142
529 142
556 142
561 142
640 142
757 142
846 142
916 142
1204 142
1347 142
1575 142
1618 142
1775 142
1815 142
1899 142
2047 142
2056 142
2214 142
27 143
78 143
208 143
489 143
521 143
606 143
620 143
682 143
731 143
744 143
797 143
1268 143
1353 143
1587 143
1791 143
1834 143
1912 143
182 144
367 144
708 144
718 144
1227 144
1977 144
324 145
348 145
664 145
835 145
957 145
1132 145
1251 145
1396 145
1519 145
1567 145
1593 145
1859 145
1886 145
1957 145
434 146
435 146
575 146
624 146
689 146
759 146
787 146
793 146
893 146
1133 146
1144 146
1154 146
1534 146
1702 146
2029 146
2154 146
2180 146
89 147
439 147
480 147
536 147
545 147
546 147
563 147
582 147
603 147
615 147
630 147
670 147
673 147
676 147
706 147
781 147
788 147
873 147
1533 147
1556 147
1605 147
1831 147
1855 147
1972 147
2208 147
2231 147
72 148
79 148
97 148
157 148
357 148
411 148
464 148
476 148
529 148
579 148
580 148
594 148
683 148
696 148
742 148
801 148
816 148
839 148
853 148
890 148
1401 148
1612 148
1854 148
1860 148
1994 148
2150 148
2183 148
32 149
541 149
590 149
655 149
662 149
751 149
1141 149
1326 149
1426 149
150 150
442 150
675 150
735 150
744 150
1354 150
307 151
573 151
729 151
791 151
862 151
1367 151
1578 151
1803 151
1828 151
2080 151
2137 151
47 152
118 152
281 152
423 152
663 152
687 152
734 152
880 152
1122 152
1145 152
1195 152
1378 152
1894 152
2123 152
126 153
171 153
315 153
472 153
503 153
504 153
526 153
642 153
674 153
779 153
836 153
1212 153
1304 153
1510 153
1592 153
1721 153
1895 153
1942 153
2081 153
2182 153
2196 153
94 154
345 154
391 154
600 154
678 154
693 154
719 154
722 154
748 154
783 154
826 154
834 154
838 154
1240 154
1358 154
1359 154
1360 154
1376 154
1405 154
1594 154
1600 154
1613 154
1699 154
1713 154
1731 154
1739 154
1835 154
1952 154
2122 154
84 155
204 155
235 155
244 155
401 155
458 155
578 155
672 155
688 155
764 155
785 155
817 155
822 155
843 155
1330 155
1484 155
1672 155
1826 155
2029 155
2073 155
2167 155
137 156
269 156
486 156
493 156
516 156
616 156
659 156
664 156
765 156
857 156
941 156
1206 156
1338 156
1349 156
1447 156
1506 156
1611 156
1925 156
638 157
789 157
846 157
1467 157
1697 157
2020 157
425 158
440 158
746 158
864 158
1530 158
1546 158
613 159
705 159
723 159
756 159
851 159
934 159
1286 159
1588 159
1666 159
1693 159
1890 159
1994 159
2088 159
2189 159
2199 159
37 160
93 160
475 160
599 160
636 160
689 160
701 160
737 160
761 160
779 160
848 160
869 160
937 160
1076 160
1337 160
1378 160
1399 160
1450 160
1568 160
1630 160
1640 160
1859 160
26 161
106 161
237 161
247 161
307 161
622 161
727 161
819 161
871 161
881 161
884 161
1020 161
1495 161
1543 161
1567 161
1602 161
1655 161
1691 161
1787 161
1884 161
1955 161
1959 161
2037 161
2208 161
233 162
674 162
695 162
718 162
741 162
804 162
842 162
877 162
1232 162
1328 162
1397 162
1521 162
1527 162
1612 162
1721 162
1723 162
1766 162
1778 162
2056 162
112 163
228 163
359 163
534 163
556 163
614 163
738 163
740 163
809 163
865 163
876 163
1184 163
1695 163
1895 163
2089 163
468 164
597 164
632 164
657 164
679 164
793 164
805 164
1146 164
1700 164
1803 164
1824 164
1862 164
1953 164
978 165
1004 165
1798 165
17 166
530 166
566 166
725 166
742 166
1173 166
1416 166
1589 166
1665 166
1762 166
1936 166
1937 166
2072 166
2099 166
68 167
200 167
207 167
315 167
333 167
483 167
697 167
720 167
788 167
799 167
837 167
1045 167
1246 167
1258 167
1316 167
1492 167
1499 167
1574 167
1691 167
1871 167
2148 167
2175 167
264 168
450 168
458 168
499 168
510 168
629 168
646 168
690 168
734 168
743 168
757 168
789 168
810 168
818 168
834 168
835 168
944 168
947 168
1039 168
1199 168
1318 168
1371 168
1465 168
1494 168
1573 168
1638 168
1956 168
2026 168
2100 168
2149 168
142 169
156 169
246 169
369 169
567 169
656 169
783 169
931 169
1011 169
1178 169
1590 169
1645 169
1653 169
1717 169
1782 169
2162 169
2187 169
120 170
162 170
301 170
355 170
623 170
792 170
867 170
1030 170
1427 170
1633 170
1640 170
1810 170
1819 170
1839 170
2043 170
2061 170
293 171
403 171
558 171
589 171
730 171
744 171
781 171
955 171
988 171
1126 171
1434 171
1727 171
1894 171
2045 171
2233 171
104 172
394 172
739 172
798 172
998 172
1135 172
1323 172
1603 172
1748 172
1878 172
1921 172
1992 172
46 173
244 173
568 173
651 173
673 173
760 173
771 173
773 173
777 173
802 173
806 173
817 173
821 173
863 173
919 173
1068 173
1223 173
1378 173
1461 173
1515 173
1679 173
1733 173
1750 173
2108 173
2123 173
2150 173
178 174
188 174
384 174
653 174
662 174
669 174
699 174
701 174
715 174
752 174
825 174
854 174
946 174
992 174
1029 174
1210 174
1231 174
1251 174
1457 174
1618 174
1631 174
1635 174
1707 174
1715 174
1743 174
1773 174
1873 174
1875 174
2059 174
2169 174
2170 174
385 175
431 175
598 175
728 175
865 175
868 175
895 175
904 175
980 175
990 175
1027 175
1093 175
1095 175
1133 175
1383 175
1387 175
1501 175
1545 175
1659 175
1759 175
1815 175
1892 175
1968 175
2066 175
2119 175
2213 175
2237 175
10 176
714 176
756 176
811 176
813 176
884 176
885 176
939 176
979 176
1027 176
1280 176
1432 176
1787 176
1856 176
2018 176
122 177
128 177
281 177
564 177
730 177
1047 177
1050 177
1110 177
1168 177
1325 177
1436 177
1885 177
1948 177
69 178
689 178
1121 178
1206 178
1296 178
1463 178
1760 178
240 179
648 179
718 179
809 179
847 179
1216 179
1240 179
1293 179
1352 179
1725 179
2179 179
2223 179
2 180
315 180
383 180
637 180
684 180
712 180
713 180
720 180
822 180
845 180
848 180
886 180
1066 180
1250 180
1255 180
1554 180
1806 180
1938 180
2020 180
2177 180
388 181
410 181
701 181
748 181
816 181
993 181
1067 181
1187 181
1254 181
1272 181
1351 181
1414 181
1472 181
1503 181
1637 181
1776 181
1786 181
1997 181
302 182
415 182
438 182
560 182
617 182
902 182
914 182
924 182
987 182
989 182
1007 182
1032 182
1081 182
1088 182
1114 182
1398 182
1590 182
1622 182
1757 182
1896 182
1998 182
2199 182
224 183
239 183
248 183
371 183
688 183
740 183
818 183
1037 183
1097 183
1160 183
1285 183
1706 183
1759 183
1913 183
2037 183
2139 183
2190 183
389 184
398 184
718 184
797 184
912 184
968 184
1149 184
1303 184
1437 184
559 185
674 185
1065 185
1238 185
1467 185
1524 185
1685 185
2070 185
958 186
1123 186
1169 186
1279 186
1502 186
1537 186
2121 186
2157 186
77 187
364 187
544 187
546 187
568 187
653 187
685 187
708 187
863 187
871 187
872 187
906 187
911 187
940 187
957 187
980 187
1042 187
1431 187
1496 187
1607 187
1608 187
1932 187
2009 187
2191 187
121 188
170 188
177 188
369 188
407 188
462 188
507 188
531 188
597 188
700 188
766 188
864 188
891 188
893 188
1001 188
1040 188
1093 188
1265 188
1280 188
1294 188
1371 188
1419 188
1448 188
1587 188
1674 188
1729 188
1749 188
1751 188
1822 188
1863 188
2012 188
2182 188
2221 188
49 189
301 189
348 189
626 189
712 189
718 189
754 189
783 189
786 189
788 189
921 189
961 189
1151 189
1158 189
1166 189
1177 189
1237 189
1309 189
1488 189
1609 189
1618 189
1668 189
1731 189
355 190
375 190
828 190
920 190
932 190
962 190
979 190
1124 190
1922 190
65 191
684 191
1235 191
1596 191
1891 191
1901 191
2169 191
203 192
206 192
326 192
455 192
509 192
808 192
837 192
1484 192
1534 192
1550 192
1676 192
1836 192
2168 192
3 193
242 193
285 193
663 193
759 193
1013 193
1093 193
1105 193
1138 193
1217 193
1337 193
1426 193
1544 193
1595 193
1734 193
1817 193
1858 193
1870 193
1928 193
2112 193
11 194
224 194
241 194
294 194
460 194
471 194
522 194
526 194
539 194
784 194
819 194
841 194
900 194
924 194
935 194
1003 194
1118 194
1122 194
1125 194
1391 194
1514 194
1647 194
1696 194
1699 194
1866 194
1958 194
2001 194
2015 194
2153 194
2223 194
17 195
24 195
303 195
337 195
358 195
576 195
777 195
851 195
859 195
874 195
905 195
956 195
957 195
999 195
1017 195
1055 195
1063 195
1067 195
1155 195
1186 195
1364 195
1478 195
1540 195
1708 195
1710 195
1774 195
1784 195
1999 195
2164 195
2220 195
2221 195
189 196
443 196
730 196
787 196
896 196
1126 196
1175 196
1269 196
1356 196
1365 196
1625 196
1666 196
2031 196
2077 196
2106 196
2140 196
2237 196
159 197
425 197
845 197
855 197
987 197
997 197
1081 197
1157 197
1681 197
1767 197
2226 197
426 198
439 198
733 198
877 198
891 198
988 198
1023 198
1046 198
1392 198
1473 198
1532 198
1617 198
135 199
165 199
194 199
231 199
298 199
316 199
362 199
421 199
553 199
647 199
797 199
802 199
833 199
944 199
1041 199
1129 199
1181 199
1202 199
1349 199
1649 199
2116 199
147 200
187 200
280 200
550 200
703 200
715 200
728 200
1072 200
1123 200
1127 200
1159 200
1168 200
1324 200
1326 200
1504 200
1802 200
1933 200
488 201
1870 201
858 204
2133 204
1296 204
1768 206
432 208
1077 208
1848 208
73 209
571 210
1546 210
565 211
937 213
806 214
689 216
1927 216
1314 217
1615 217
630 218
1125 218
1182 218
1739 218
1498 220
1665 222
613 223
801 223
1301 224
1597 225
517 226
1379 227
1411 230
2092 231
2009 232
2070 232
1806 233
25 234
90 234
1293 234
1832 234
798 235
2060 235
2230 235
1576 236
395 237
1977 237
109 238
1981 238
2082 239
2137 239
1227 239
1456 239
1801 239
26 240
1755 240
277 241
848 241
1134 242
636 245
2012 245
1540 245
24 246
1128 247
684 249
1160 249
1630 249
1862 249
1300 250
79 251
42 252
609 252
2026 252
1151 252
152 255
1431 255
1395 256
566 259
804 259
1241 259
1997 259
43 260
1281 260
1633 260
1805 260
1957 261
520 262
827 262
1373 262
187 264
2055 264
1205 264
3 266
676 266
616 267
849 268
1414 268
1472 268
264 269
869 269
367 272
1267 272
1688 272
567 273
1319 274
1548 274
1660 274
1642 275
670 276
1545 276
1812 276
1355 277
1582 278
1622 279
960 280
1811 280
2034 282
646 284
784 284
1326 284
1634 284
400 285
1218 285
1873 286
113 288
2190 288
649 289
2184 289
1651 290
8 292
872 292
315 294
639 294
1436 294
311 298
2199 298
1879 300
