134 2
452 2
647 2
1220 3
409 4
438 4
554 4
21 7
317 7
1344 7
1772 8
549 9
478 11
81 12
741 12
844 12
1836 12
135 13
387 13
2211 13
1859 13
1517 15
1191 16
540 17
618 17
655 17
2151 17
1338 17
1908 18
1981 18
387 19
2092 20
1198 20
1757 20
1873 20
150 22
211 23
1182 23
1268 23
2211 24
1124 24
455 25
843 26
1634 26
271 27
2204 28
571 29
575 29
2040 29
197 30
1122 30
1543 30
11 32
1670 32
73 33
531 33
1130 34
851 35
1168 35
297 36
1873 37
27 40
1289 40
1169 41
1667 41
175 42
595 42
369 43
449 43
2123 44
1441 44
1591 44
1572 45
1665 45
480 46
1294 46
1521 46
154 47
1552 47
1768 50
1921 50
453 52
610 52
2165 52
1122 52
360 53
749 53
1339 53
70 54
157 54
1673 54
1785 54
485 55
1274 56
1669 56
2071 57
238 59
625 59
681 59
1369 59
1422 59
1442 59
188 60
338 60
370 60
680 60
1869 60
564 61
1305 63
289 64
401 65
519 65
2138 66
1899 67
1905 67
815 68
90 69
1572 69
617 70
866 70
1257 70
1486 70
701 71
1427 71
1173 72
1188 74
1324 74
1384 74
1444 76
1715 76
738 77
2081 77
1559 77
715 78
1575 78
1900 78
320 79
2186 80
2133 81
1734 81
354 82
608 83
1152 83
1302 83
1997 83
1662 84
409 85
1952 85
88 86
858 86
1327 88
1570 88
1619 88
1730 88
767 89
508 90
1732 90
2091 91
41 92
2060 92
1403 92
319 93
481 93
1643 94
1197 95
1339 95
1432 95
1443 95
1804 95
515 96
796 96
1614 97
5 99
18 99
131 99
1212 99
1729 100
43 100.7
384 100.7
441 100.7
461 100.7
462 100.7
610 100.7
756 100.7
842 100.7
877 100.7
1001 100.7
1154 100.7
1486 100.7
1502 100.7
1507 100.7
1509 100.7
1544 100.7
1557 100.7
1570 100.7
1625 100.7
1660 100.7
1690 100.7
1817 100.7
1913 100.7
2134 100.7
2150 100.7
44 101.7
148 101.7
173 101.7
253 101.7
310 101.7
334 101.7
346 101.7
499 101.7
500 101.7
573 101.7
584 101.7
598 101.7
618 101.7
639 101.7
695 101.7
710 101.7
762 101.7
792 101.7
826 101.7
838 101.7
1241 101.7
1246 101.7
1269 101.7
1294 101.7
1304 101.7
1451 101.7
1506 101.7
1566 101.7
1658 101.7
1850 101.7
2081 101.7
69 102.7
552 102.7
658 102.7
669 102.7
830 102.7
841 102.7
889 102.7
1206 102.7
1308 102.7
1532 102.7
1831 102.7
1907 102.7
376 103.7
648 103.7
683 103.7
739 103.7
790 103.7
1305 103.7
1516 103.7
1564 103.7
1705 103.7
2166 103.7
498 104.7
559 104.7
604 104.7
676 104.7
864 104.7
1160 104.7
1192 104.7
1279 104.7
1363 104.7
2096 104.7
99 105.7
334 105.7
650 105.7
653 105.7
707 105.7
837 105.7
860 105.7
868 105.7
1419 105.7
1424 105.7
1605 105.7
1647 105.7
1696 105.7
1945 105.7
2064 105.7
2223 105.7
171 106.7
474 106.7
570 106.7
630 106.7
667 106.7
679 106.7
744 106.7
980 106.7
1133 106.7
1268 106.7
1276 106.7
1438 106.7
1473 106.7
1567 106.7
1769 106.7
1893 106.7
2094 106.7
22 107.7
145 107.7
235 107.7
238 107.7
298 107.7
332 107.7
479 107.7
481 107.7
482 107.7
495 107.7
513 107.7
531 107.7
564 107.7
585 107.7
612 107.7
632 107.7
638 107.7
645 107.7
686 107.7
692 107.7
699 107.7
720 107.7
781 107.7
816 107.7
879 107.7
1074 107.7
1149 107.7
1320 107.7
1327 107.7
1372 107.7
1457 107.7
1480 107.7
1732 107.7
1921 107.7
1923 107.7
1955 107.7
1995 107.7
2060 107.7
2092 107.7
100 108.7
415 108.7
484 108.7
545 108.7
568 108.7
577 108.7
715 108.7
799 108.7
1086 108.7
1379 108.7
1392 108.7
1478 108.7
1581 108.7
1665 108.7
1780 108.7
2021 108.7
2022 108.7
2157 108.7
2193 108.7
86 109.7
307 109.7
475 109.7
603 109.7
613 109.7
617 109.7
675 109.7
808 109.7
828 109.7
1125 109.7
1136 109.7
1281 109.7
1591 109.7
1755 109.7
1816 109.7
1973 109.7
2009 109.7
2054 109.7
468 110.7
497 110.7
512 110.7
624 110.7
663 110.7
713 110.7
800 110.7
848 110.7
1288 110.7
1299 110.7
1507 110.7
1630 110.7
1692 110.7
1853 110.7
1904 110.7
2056 110.7
597 111.7
601 111.7
775 111.7
823 111.7
1558 111.7
1773 111.7
1889 111.7
2071 111.7
290 112.7
400 112.7
528 112.7
553 112.7
574 112.7
579 112.7
584 112.7
622 112.7
809 112.7
1399 112.7
1412 112.7
1488 112.7
1737 112.7
1846 112.7
1867 112.7
2102 112.7
2153 112.7
22 113.7
28 113.7
79 113.7
122 113.7
353 113.7
373 113.7
442 113.7
464 113.7
511 113.7
551 113.7
627 113.7
633 113.7
653 113.7
665 113.7
818 113.7
871 113.7
936 113.7
1126 113.7
1221 113.7
1571 113.7
1651 113.7
1748 113.7
1868 113.7
1911 113.7
2053 113.7
2119 113.7
2189 113.7
2221 113.7
2239 113.7
70 114.7
104 114.7
195 114.7
232 114.7
267 114.7
296 114.7
385 114.7
443 114.7
685 114.7
690 114.7
774 114.7
870 114.7
887 114.7
1083 114.7
1181 114.7
1343 114.7
1435 114.7
1459 114.7
1466 114.7
1511 114.7
1547 114.7
1576 114.7
1641 114.7
1698 114.7
1713 114.7
1840 114.7
1886 114.7
2113 114.7
2137 114.7
157 115.7
215 115.7
241 115.7
466 115.7
514 115.7
695 115.7
874 115.7
1166 115.7
1199 115.7
1222 115.7
1745 115.7
2196 115.7
16 116.7
107 116.7
757 116.7
776 116.7
1241 116.7
1609 116.7
1633 116.7
1648 116.7
1685 116.7
1782 116.7
135 117.7
761 117.7
1301 117.7
1369 117.7
1819 117.7
1869 117.7
2012 117.7
2203 117.7
49 118.7
143 118.7
162 118.7
557 118.7
635 118.7
643 118.7
683 118.7
926 118.7
1418 118.7
1515 118.7
1615 118.7
1672 118.7
180 119.7
286 119.7
673 119.7
702 119.7
750 119.7
1196 119.7
1263 119.7
1588 119.7
1855 119.7
1994 119.7
15 120.7
43 120.7
97 120.7
148 120.7
340 120.7
437 120.7
502 120.7
507 120.7
517 120.7
544 120.7
560 120.7
573 120.7
681 120.7
713 120.7
737 120.7
802 120.7
1188 120.7
1319 120.7
1510 120.7
71 121.7
76 121.7
109 121.7
151 121.7
171 121.7
348 121.7
558 121.7
562 121.7
602 121.7
638 121.7
657 121.7
687 121.7
736 121.7
837 121.7
892 121.7
921 121.7
943 121.7
1181 121.7
1441 121.7
1463 121.7
1598 121.7
1789 121.7
1879 121.7
2030 121.7
2062 121.7
2100 121.7
2206 121.7
5 122.7
106 122.7
183 122.7
500 122.7
572 122.7
742 122.7
770 122.7
923 122.7
1105 122.7
1128 122.7
1227 122.7
1232 122.7
1303 122.7
1392 122.7
1478 122.7
1489 122.7
1870 122.7
2077 122.7
2086 122.7
2106 122.7
2137 122.7
2193 122.7
222 123.7
275 123.7
379 123.7
841 123.7
863 123.7
962 123.7
1361 123.7
1560 123.7
2001 123.7
40 124.7
446 124.7
528 124.7
584 124.7
784 124.7
1171 124.7
2040 124.7
2114 124.7
17 125.7
439 125.7
752 125.7
801 125.7
818 125.7
838 125.7
843 125.7
1164 125.7
1484 125.7
1552 125.7
1662 125.7
1724 125.7
1831 125.7
52 126.7
70 126.7
236 126.7
249 126.7
361 126.7
425 126.7
434 126.7
470 126.7
486 126.7
506 126.7
516 126.7
618 126.7
642 126.7
730 126.7
791 126.7
821 126.7
844 126.7
1113 126.7
1468 126.7
1502 126.7
1594 126.7
1630 126.7
1702 126.7
1849 126.7
1928 126.7
2 127.7
4 127.7
30 127.7
47 127.7
98 127.7
207 127.7
250 127.7
350 127.7
405 127.7
542 127.7
597 127.7
677 127.7
688 127.7
731 127.7
772 127.7
783 127.7
824 127.7
862 127.7
877 127.7
943 127.7
1129 127.7
1144 127.7
1335 127.7
1438 127.7
1646 127.7
1760 127.7
1784 127.7
1947 127.7
2168 127.7
2211 127.7
7 128.7
273 128.7
282 128.7
376 128.7
476 128.7
498 128.7
547 128.7
605 128.7
624 128.7
689 128.7
856 128.7
895 128.7
910 128.7
1216 128.7
1293 128.7
1370 128.7
1597 128.7
1669 128.7
1682 128.7
1835 128.7
1997 128.7
2230 128.7
103 129.7
121 129.7
217 129.7
327 129.7
553 129.7
631 129.7
658 129.7
707 129.7
835 129.7
1269 129.7
1364 129.7
1471 129.7
1629 129.7
1753 129.7
1905 129.7
2078 129.7
2133 129.7
562 130.7
620 130.7
685 130.7
796 130.7
842 130.7
1158 130.7
1670 130.7
1844 130.7
603 131.7
691 131.7
859 131.7
954 131.7
1513 131.7
1611 131.7
2060 131.7
2102 131.7
2170 131.7
96 132.7
353 132.7
428 132.7
468 132.7
478 132.7
663 132.7
743 132.7
755 132.7
811 132.7
819 132.7
839 132.7
1055 132.7
1341 132.7
1479 132.7
1633 132.7
1717 132.7
1725 132.7
1758 132.7
1818 132.7
2015 132.7
307 133.7
454 133.7
500 133.7
593 133.7
651 133.7
669 133.7
706 133.7
824 133.7
833 133.7
887 133.7
969 133.7
987 133.7
1274 133.7
1306 133.7
1314 133.7
1375 133.7
1736 133.7
1792 133.7
2194 133.7
90 134.7
394 134.7
442 134.7
517 134.7
606 134.7
623 134.7
670 134.7
790 134.7
837 134.7
875 134.7
880 134.7
901 134.7
930 134.7
1035 134.7
1188 134.7
1192 134.7
1194 134.7
1235 134.7
1510 134.7
1710 134.7
1752 134.7
1756 134.7
1785 134.7
1916 134.7
1978 134.7
1980 134.7
1999 134.7
2013 134.7
2093 134.7
466 135.7
563 135.7
765 135.7
769 135.7
786 135.7
799 135.7
862 135.7
871 135.7
932 135.7
958 135.7
959 135.7
1384 135.7
1635 135.7
1665 135.7
1686 135.7
1838 135.7
2108 135.7
2224 135.7
27 136.7
48 136.7
261 136.7
336 136.7
438 136.7
521 136.7
718 136.7
802 136.7
1344 136.7
1393 136.7
1599 136.7
1777 136.7
2007 136.7
2086 136.7
508 137.7
709 137.7
756 137.7
851 137.7
863 137.7
1145 137.7
1454 137.7
1601 137.7
1669 137.7
2129 137.7
117 138.7
212 138.7
572 138.7
671 138.7
764 138.7
825 138.7
952 138.7
1346 138.7
1875 138.7
133 139.7
152 139.7
568 139.7
693 139.7
736 139.7
774 139.7
779 139.7
864 139.7
1163 139.7
1372 139.7
1417 139.7
1453 139.7
1539 139.7
1952 139.7
2027 139.7
38 140.7
39 140.7
243 140.7
251 140.7
265 140.7
332 140.7
424 140.7
457 140.7
615 140.7
711 140.7
801 140.7
828 140.7
878 140.7
888 140.7
899 140.7
1148 140.7
1152 140.7
1166 140.7
1172 140.7
1503 140.7
1514 140.7
1671 140.7
1744 140.7
1813 140.7
1939 140.7
2000 140.7
2080 140.7
2126 140.7
14 141.7
91 141.7
221 141.7
477 141.7
577 141.7
759 141.7
785 141.7
822 141.7
911 141.7
938 141.7
970 141.7
1263 141.7
1381 141.7
1461 141.7
1576 141.7
1660 141.7
1925 141.7
2031 141.7
2045 141.7
2067 141.7
35 142.7
44 142.7
319 142.7
360 142.7
362 142.7
509 142.7
549 142.7
872 142.7
961 142.7
1033 142.7
1552 142.7
1563 142.7
1642 142.7
1837 142.7
75 143.7
726 143.7
826 143.7
827 143.7
1027 143.7
1199 143.7
1595 143.7
1682 143.7
1892 143.7
246 144.7
447 144.7
610 144.7
637 144.7
687 144.7
1002 144.7
1094 144.7
1432 144.7
1501 144.7
1863 144.7
253 145.7
255 145.7
585 145.7
757 145.7
766 145.7
823 145.7
949 145.7
1040 145.7
1286 145.7
1900 145.7
2069 145.7
41 146.7
595 146.7
646 146.7
682 146.7
794 146.7
819 146.7
831 146.7
953 146.7
1053 146.7
1114 146.7
1120 146.7
1565 146.7
1695 146.7
1772 146.7
1877 146.7
1895 146.7
1934 146.7
2238 146.7
7 147.7
55 147.7
139 147.7
160 147.7
189 147.7
272 147.7
493 147.7
588 147.7
731 147.7
750 147.7
810 147.7
870 147.7
944 147.7
957 147.7
993 147.7
1093 147.7
1136 147.7
1150 147.7
1165 147.7
1183 147.7
1233 147.7
1262 147.7
1311 147.7
1340 147.7
1410 147.7
1417 147.7
1418 147.7
1524 147.7
1610 147.7
1631 147.7
1641 147.7
1711 147.7
1737 147.7
1795 147.7
1890 147.7
1979 147.7
2001 147.7
2136 147.7
2155 147.7
2239 147.7
9 148.7
170 148.7
283 148.7
717 148.7
724 148.7
744 148.7
753 148.7
755 148.7
879 148.7
889 148.7
910 148.7
926 148.7
1011 148.7
1031 148.7
1185 148.7
1466 148.7
1473 148.7
1622 148.7
1630 148.7
2138 148.7
600 149.7
655 149.7
915 149.7
980 149.7
1086 149.7
1171 149.7
1553 149.7
1793 149.7
2095 149.7
95 150.7
271 150.7
545 150.7
637 150.7
720 150.7
947 150.7
1299 150.7
1333 150.7
1483 150.7
83 151.7
217 151.7
602 151.7
1037 151.7
1902 151.7
2003 151.7
2165 151.7
113 152.7
304 152.7
380 152.7
403 152.7
570 152.7
643 152.7
705 152.7
706 152.7
746 152.7
799 152.7
886 152.7
896 152.7
1028 152.7
1523 152.7
1903 152.7
1933 152.7
2159 152.7
8 153.7
76 153.7
114 153.7
362 153.7
422 153.7
483 153.7
503 153.7
683 153.7
690 153.7
708 153.7
839 153.7
850 153.7
940 153.7
946 153.7
956 153.7
978 153.7
1055 153.7
1195 153.7
1426 153.7
1430 153.7
1556 153.7
1707 153.7
1715 153.7
1772 153.7
1876 153.7
1904 153.7
2051 153.7
2130 153.7
2205 153.7
70 154.7
378 154.7
436 154.7
576 154.7
646 154.7
679 154.7
686 154.7
700 154.7
792 154.7
812 154.7
874 154.7
908 154.7
1001 154.7
1103 154.7
1232 154.7
1251 154.7
1360 154.7
1388 154.7
1647 154.7
1676 154.7
1736 154.7
1767 154.7
1857 154.7
1962 154.7
2010 154.7
2227 154.7
202 155.7
239 155.7
630 155.7
876 155.7
913 155.7
974 155.7
1013 155.7
1087 155.7
1130 155.7
1224 155.7
1454 155.7
1635 155.7
1784 155.7
1843 155.7
2213 155.7
195 156.7
237 156.7
338 156.7
810 156.7
1177 156.7
1236 156.7
1897 156.7
1968 156.7
2225 156.7
435 157.7
448 157.7
710 157.7
837 157.7
964 157.7
1118 157.7
1248 157.7
1573 157.7
1622 157.7
2078 157.7
2187 157.7
293 158.7
314 158.7
390 158.7
588 158.7
770 158.7
846 158.7
1051 158.7
1129 158.7
1234 158.7
1541 158.7
1727 158.7
1824 158.7
2166 158.7
2173 158.7
94 159.7
110 159.7
187 159.7
197 159.7
227 159.7
267 159.7
566 159.7
752 159.7
779 159.7
861 159.7
871 159.7
872 159.7
883 159.7
958 159.7
1010 159.7
1086 159.7
1161 159.7
1378 159.7
1390 159.7
1629 159.7
1672 159.7
1674 159.7
1851 159.7
2064 159.7
228 160.7
234 160.7
238 160.7
292 160.7
394 160.7
762 160.7
769 160.7
822 160.7
830 160.7
838 160.7
843 160.7
863 160.7
894 160.7
934 160.7
1019 160.7
1030 160.7
1039 160.7
1117 160.7
1146 160.7
1147 160.7
1151 160.7
1189 160.7
1244 160.7
1381 160.7
1408 160.7
1415 160.7
1528 160.7
1691 160.7
1697 160.7
1858 160.7
1899 160.7
2147 160.7
65 161.7
149 161.7
317 161.7
424 161.7
486 161.7
655 161.7
722 161.7
726 161.7
758 161.7
759 161.7
761 161.7
848 161.7
868 161.7
889 161.7
912 161.7
1020 161.7
1121 161.7
1205 161.7
1214 161.7
1217 161.7
1239 161.7
1312 161.7
1323 161.7
1744 161.7
1760 161.7
1818 161.7
1996 161.7
44 162.7
59 162.7
63 162.7
220 162.7
403 162.7
559 162.7
661 162.7
746 162.7
754 162.7
774 162.7
816 162.7
900 162.7
943 162.7
1000 162.7
1365 162.7
572 163.7
852 163.7
962 163.7
998 163.7
1195 163.7
1221 163.7
1226 163.7
2120 163.7
347 164.7
733 164.7
1032 164.7
1105 164.7
1133 164.7
1344 164.7
1450 164.7
1854 164.7
1888 164.7
257 165.7
312 165.7
527 165.7
620 165.7
665 165.7
740 165.7
780 165.7
850 165.7
869 165.7
883 165.7
950 165.7
1002 165.7
1038 165.7
1231 165.7
1286 165.7
1343 165.7
1401 165.7
1410 165.7
1985 165.7
153 166.7
303 166.7
449 166.7
686 166.7
833 166.7
968 166.7
1085 166.7
1194 166.7
1236 166.7
1303 166.7
1544 166.7
1634 166.7
1709 166.7
1882 166.7
2054 166.7
2175 166.7
184 167.7
332 167.7
404 167.7
496 167.7
700 167.7
729 167.7
819 167.7
876 167.7
989 167.7
1006 167.7
1023 167.7
1065 167.7
1084 167.7
1090 167.7
1106 167.7
1277 167.7
1278 167.7
1292 167.7
1419 167.7
1425 167.7
1458 167.7
1508 167.7
1522 167.7
1628 167.7
1662 167.7
1749 167.7
1816 167.7
1887 167.7
2001 167.7
2012 167.7
2130 167.7
216 168.7
497 168.7
785 168.7
789 168.7
1024 168.7
1049 168.7
1188 168.7
1208 168.7
1296 168.7
1308 168.7
1359 168.7
1473 168.7
1774 168.7
1923 168.7
1993 168.7
2031 168.7
2088 168.7
52 169.7
101 169.7
193 169.7
345 169.7
371 169.7
829 169.7
909 169.7
957 169.7
968 169.7
1044 169.7
1131 169.7
1259 169.7
1769 169.7
2095 169.7
5 170.7
116 170.7
119 170.7
276 170.7
600 170.7
858 170.7
897 170.7
1197 170.7
1216 170.7
1917 170.7
818 171.7
851 171.7
925 171.7
1336 171.7
1433 171.7
1586 171.7
1675 171.7
1861 171.7
1956 171.7
21 172.7
289 172.7
772 172.7
815 172.7
1017 172.7
1072 172.7
1142 172.7
1182 172.7
1455 172.7
2121 172.7
113 173.7
162 173.7
198 173.7
279 173.7
559 173.7
627 173.7
852 173.7
854 173.7
904 173.7
1060 173.7
1089 173.7
1147 173.7
1321 173.7
1341 173.7
1498 173.7
1615 173.7
1729 173.7
1732 173.7
1821 173.7
1826 173.7
2037 173.7
344 174.7
352 174.7
419 174.7
479 174.7
694 174.7
759 174.7
790 174.7
805 174.7
846 174.7
850 174.7
905 174.7
992 174.7
1021 174.7
1035 174.7
1046 174.7
1124 174.7
1155 174.7
1181 174.7
1190 174.7
1219 174.7
1222 174.7
1232 174.7
1238 174.7
1249 174.7
1794 174.7
1831 174.7
2033 174.7
91 175.7
425 175.7
605 175.7
670 175.7
726 175.7
841 175.7
913 175.7
935 175.7
952 175.7
1022 175.7
1093 175.7
1143 175.7
1208 175.7
1394 175.7
1659 175.7
1704 175.7
2234 175.7
381 176.7
636 176.7
1009 176.7
1011 176.7
1374 176.7
1672 176.7
1995 176.7
2058 176.7
70 177.7
642 177.7
736 177.7
1074 177.7
1078 177.7
1149 177.7
1166 177.7
1206 177.7
1918 177.7
2151 177.7
2235 177.7
56 178.7
72 178.7
372 178.7
444 178.7
745 178.7
823 178.7
917 178.7
1021 178.7
1140 178.7
1254 178.7
1400 178.7
1456 178.7
1481 178.7
1984 178.7
109 179.7
353 179.7
388 179.7
599 179.7
666 179.7
1097 179.7
1108 179.7
1136 179.7
1220 179.7
1223 179.7
1259 179.7
1323 179.7
1379 179.7
1556 179.7
31 180.7
246 180.7
540 180.7
624 180.7
687 180.7
753 180.7
797 180.7
821 180.7
835 180.7
869 180.7
892 180.7
975 180.7
1104 180.7
1105 180.7
1179 180.7
1423 180.7
1447 180.7
1610 180.7
1790 180.7
1800 180.7
1914 180.7
1941 180.7
2057 180.7
2138 180.7
2164 180.7
4 181.7
245 181.7
259 181.7
355 181.7
471 181.7
490 181.7
590 181.7
594 181.7
656 181.7
839 181.7
957 181.7
983 181.7
1022 181.7
1098 181.7
1127 181.7
1269 181.7
1273 181.7
1276 181.7
1354 181.7
1584 181.7
1598 181.7
1660 181.7
1710 181.7
1808 181.7
1869 181.7
1924 181.7
1944 181.7
2008 181.7
2031 181.7
140 182.7
159 182.7
208 182.7
341 182.7
365 182.7
434 182.7
563 182.7
739 182.7
836 182.7
873 182.7
914 182.7
953 182.7
1037 182.7
1193 182.7
1203 182.7
1234 182.7
1299 182.7
1320 182.7
1382 182.7
1695 182.7
1704 182.7
1847 182.7
1875 182.7
630 183.7
776 183.7
1131 183.7
1235 183.7
1301 183.7
1380 183.7
1809 183.7
1834 183.7
2236 183.7
166 184.7
335 184.7
596 184.7
637 184.7
1069 184.7
1084 184.7
1115 184.7
1332 184.7
1389 184.7
1479 184.7
1865 184.7
2163 184.7
2171 184.7
10 185.7
263 185.7
306 185.7
745 185.7
1019 185.7
1056 185.7
1091 185.7
1190 185.7
1292 185.7
1671 185.7
1915 185.7
1927 185.7
134 186.7
302 186.7
826 186.7
926 186.7
954 186.7
993 186.7
996 186.7
1020 186.7
1045 186.7
1291 186.7
1365 186.7
1909 186.7
1935 186.7
104 187.7
176 187.7
288 187.7
384 187.7
569 187.7
605 187.7
725 187.7
794 187.7
856 187.7
1032 187.7
1100 187.7
1103 187.7
1151 187.7
1198 187.7
1241 187.7
1255 187.7
1274 187.7
1306 187.7
1341 187.7
1384 187.7
1472 187.7
1486 187.7
1549 187.7
1655 187.7
1899 187.7
2012 187.7
2067 187.7
2077 187.7
80 188.7
175 188.7
362 188.7
589 188.7
923 188.7
973 188.7
1052 188.7
1059 188.7
1174 188.7
1213 188.7
1231 188.7
1520 188.7
1529 188.7
1561 188.7
1590 188.7
1658 188.7
1951 188.7
1957 188.7
1992 188.7
2142 188.7
221 189.7
507 189.7
617 189.7
824 189.7
878 189.7
1046 189.7
1077 189.7
1096 189.7
1140 189.7
1149 189.7
1235 189.7
1257 189.7
1340 189.7
1736 189.7
1772 189.7
785 190.7
868 190.7
1099 190.7
1139 190.7
1284 190.7
1512 190.7
1740 190.7
1907 190.7
25 191.7
249 191.7
275 191.7
514 191.7
546 191.7
1120 191.7
1351 191.7
1443 191.7
1535 191.7
1850 191.7
173 192.7
511 192.7
697 192.7
931 192.7
1164 192.7
1173 192.7
1192 192.7
1312 192.7
1460 192.7
1507 192.7
1547 192.7
1563 192.7
1720 192.7
1910 192.7
2125 192.7
190 193.7
231 193.7
340 193.7
444 193.7
474 193.7
478 193.7
506 193.7
515 193.7
578 193.7
598 193.7
841 193.7
846 193.7
978 193.7
1040 193.7
1097 193.7
1154 193.7
1161 193.7
1162 193.7
1168 193.7
1308 193.7
1369 193.7
1455 193.7
1574 193.7
1600 193.7
1627 193.7
1644 193.7
2189 193.7
197 194.7
255 194.7
341 194.7
401 194.7
459 194.7
527 194.7
631 194.7
700 194.7
805 194.7
862 194.7
1084 194.7
1153 194.7
1163 194.7
1208 194.7
1211 194.7
1223 194.7
1226 194.7
1294 194.7
1303 194.7
1343 194.7
1374 194.7
1442 194.7
1527 194.7
1630 194.7
1661 194.7
1675 194.7
1790 194.7
2069 194.7
2098 194.7
2202 194.7
43 195.7
235 195.7
344 195.7
380 195.7
642 195.7
1011 195.7
1061 195.7
1067 195.7
1078 195.7
1167 195.7
1237 195.7
1316 195.7
1329 195.7
1331 195.7
1336 195.7
1385 195.7
1828 195.7
2049 195.7
85 196.7
189 196.7
802 196.7
1602 196.7
2185 196.7
650 197.7
744 197.7
826 197.7
831 197.7
1083 197.7
1432 197.7
1477 197.7
1831 197.7
1918 197.7
1939 197.7
1982 197.7
74 198.7
234 198.7
403 198.7
708 198.7
753 198.7
804 198.7
859 198.7
1152 198.7
1222 198.7
1251 198.7
1390 198.7
1458 198.7
1965 198.7
2106 198.7
340 199.7
686 199.7
736 199.7
952 199.7
1047 199.7
1086 199.7
1151 199.7
1231 199.7
1255 199.7
1266 199.7
1275 199.7
1305 199.7
1332 199.7
1358 199.7
1470 199.7
1628 199.7
1846 199.7
2214 199.7
764 201
2149 201
1981 201
767 202
1240 202
1501 202
1342 203
266 204
367 205
1326 205
1805 205
791 207
1981 207
715 208
53 209
79 210
1151 210
8 211
1764 211
659 212
642 213
1906 213
2116 214
1619 214
1846 214
1584 216
124 217
282 217
432 217
1501 217
773 218
2110 218
1794 218
860 219
1469 219
1665 219
1585 220
1817 220
1164 221
782 222
60 224
832 225
1971 225
1879 226
1024 227
1463 228
1502 229
27 230
1308 230
1563 230
544 231
776 233
792 233
2158 235
119 236
514 237
534 237
1390 237
860 238
2146 239
1196 239
1404 239
88 240
1182 240
1356 240
40 241
192 242
1400 242
2205 243
148 244
2071 244
1551 244
905 245
603 246
1515 246
379 247
1238 247
1554 247
1772 250
23 251
102 252
1788 252
1319 253
1724 253
1809 253
33 254
1364 254
471 255
837 255
2131 255
1384 255
142 256
505 256
754 256
1516 257
2156 258
1799 258
1831 260
1131 261
1312 261
730 262
1938 263
1958 263
139 264
1946 264
1417 265
791 266
1324 266
819 268
870 268
878 268
1362 268
120 269
368 269
772 269
1465 269
591 270
690 270
2063 273
1495 273
319 274
1209 275
1519 277
302 279
786 279
1557 279
1616 279
183 280
2185 280
1893 280
3 281
802 281
453 282
1319 282
112 283
697 283
644 284
352 285
1518 285
1329 286
1274 288
35 289
398 289
747 290
2079 290
2019 291
1151 291
1318 291
240 292
323 292
1614 292
1793 292
301 293
1774 293
660 295
1167 295
96 298
306 298
2026 298
1581 298
1403 299
1862 299
1969 299
746 300
