1699 1
1705 1
1258 3
1563 3
1448 4
670 5
2142 5
1205 5
1614 5
404 6
2224 6
2115 7
1869 7
179 8
633 8
1728 11
1785 11
33 12
353 12
196 14
50 15
226 15
233 15
449 16
190 17
2034 17
247 18
363 18
1529 18
1588 18
1640 18
1742 18
865 20
1252 20
1349 20
1331 21
11 22
707 22
872 22
1491 22
1630 22
1782 22
1618 23
2049 24
197 25
513 26
757 26
1406 26
1984 26
1976 27
37 28
230 28
1965 28
1210 29
2151 30
2172 30
1870 30
1385 31
1829 31
518 32
2033 32
1608 32
131 34
1508 34
483 35
743 36
1074 36
1766 36
1900 36
1992 36
1374 38
26 39
335 39
722 39
1451 39
1798 39
560 40
1621 41
2187 42
1699 42
1823 42
2006 43
1444 43
1940 43
1329 44
1282 45
1414 45
1991 45
1255 47
1196 48
498 50
1702 50
2137 53
247 54
2158 54
403 55
148 56
385 56
852 57
1677 57
1896 57
1979 57
74 60
2052 60
1561 60
419 61
1384 61
1673 61
41 62
382 62
613 64
756 64
563 65
162 66
249 66
1571 66
2112 67
2200 67
201 68
283 68
831 69
1065 69
2203 69
1512 69
1537 69
1166 70
1320 71
262 73
513 73
2040 73
1329 73
1755 73
413 74
1368 74
1587 74
823 76
837 76
2042 76
1729 76
791 77
1271 77
670 78
1558 78
170 79
853 79
1990 79
1503 80
1598 81
317 82
706 82
2230 83
618 84
387 85
470 85
1723 85
310 86
42 87
560 87
1175 87
1905 87
1799 88
443 89
2122 89
1627 89
1742 90
864 91
1578 91
1740 91
877 92
119 93
515 93
1818 93
454 94
1159 95
1136 96
471 97
1410 97
91 98
739 98
1210 98
1250 98
1564 99
236 100.3
312 100.3
581 100.3
682 100.3
766 100.3
1141 100.3
1182 100.3
1198 100.3
1214 100.3
1236 100.3
1256 100.3
1284 100.3
1343 100.3
1391 100.3
1409 100.3
1420 100.3
1440 100.3
1490 100.3
1493 100.3
1621 100.3
1815 100.3
2026 100.3
2196 100.3
180 101.3
226 101.3
324 101.3
530 101.3
608 101.3
707 101.3
790 101.3
896 101.3
1172 101.3
1253 101.3
1285 101.3
1406 101.3
1416 101.3
1434 101.3
1457 101.3
1473 101.3
1495 101.3
1515 101.3
1529 101.3
1572 101.3
1585 101.3
1600 101.3
1763 101.3
1789 101.3
1882 101.3
1900 101.3
2059 101.3
144 102.3
386 102.3
596 102.3
633 102.3
715 102.3
1248 102.3
1317 102.3
1327 102.3
1363 102.3
1410 102.3
1537 102.3
1557 102.3
1566 102.3
1648 102.3
2038 102.3
2205 102.3
9 103.3
165 103.3
350 103.3
525 103.3
668 103.3
1337 103.3
1461 103.3
1494 103.3
1507 103.3
1513 103.3
1528 103.3
1539 103.3
1578 103.3
1678 103.3
2191 103.3
155 104.3
242 104.3
321 104.3
499 104.3
573 104.3
624 104.3
714 104.3
821 104.3
898 104.3
1334 104.3
1367 104.3
1458 104.3
1624 104.3
1795 104.3
1838 104.3
1941 104.3
2007 104.3
2064 104.3
244 105.3
547 105.3
724 105.3
1145 105.3
1218 105.3
1242 105.3
1272 105.3
1347 105.3
1383 105.3
1438 105.3
1478 105.3
1741 105.3
1858 105.3
2237 105.3
65 106.3
516 106.3
565 106.3
696 106.3
817 106.3
843 106.3
1005 106.3
1160 106.3
1229 106.3
1289 106.3
1331 106.3
1371 106.3
1398 106.3
1403 106.3
1418 106.3
1530 106.3
1577 106.3
1691 106.3
1752 106.3
2230 106.3
1 107.3
53 107.3
76 107.3
219 107.3
262 107.3
322 107.3
517 107.3
607 107.3
770 107.3
854 107.3
1311 107.3
1321 107.3
1322 107.3
1359 107.3
1430 107.3
1469 107.3
1534 107.3
1559 107.3
1634 107.3
1755 107.3
1765 107.3
1970 107.3
1990 107.3
42 108.3
98 108.3
355 108.3
409 108.3
443 108.3
472 108.3
487 108.3
755 108.3
869 108.3
1077 108.3
1227 108.3
1237 108.3
1250 108.3
1262 108.3
1288 108.3
1319 108.3
1364 108.3
1509 108.3
1511 108.3
1527 108.3
1547 108.3
1552 108.3
1564 108.3
1605 108.3
1913 108.3
1929 108.3
2106 108.3
2125 108.3
2153 108.3
54 109.3
82 109.3
274 109.3
851 109.3
874 109.3
1445 109.3
1556 109.3
1636 109.3
1641 109.3
399 110.3
534 110.3
779 110.3
815 110.3
1123 110.3
1213 110.3
1422 110.3
1531 110.3
1727 110.3
1742 110.3
2096 110.3
18 111.3
444 111.3
525 111.3
754 111.3
794 111.3
855 111.3
1435 111.3
1506 111.3
1525 111.3
1627 111.3
1826 111.3
1903 111.3
2013 111.3
2072 111.3
2194 111.3
201 112.3
232 112.3
773 112.3
1333 112.3
1465 112.3
1551 112.3
1600 112.3
2216 112.3
59 113.3
110 113.3
215 113.3
318 113.3
600 113.3
616 113.3
654 113.3
655 113.3
720 113.3
762 113.3
1264 113.3
1346 113.3
1436 113.3
1468 113.3
1722 113.3
1868 113.3
1898 113.3
2107 113.3
177 114.3
639 114.3
747 114.3
772 114.3
774 114.3
780 114.3
1139 114.3
1181 114.3
1223 114.3
1425 114.3
1480 114.3
1485 114.3
1492 114.3
1507 114.3
1557 114.3
1572 114.3
1573 114.3
1611 114.3
1650 114.3
1894 114.3
1996 114.3
2143 114.3
2145 114.3
2162 114.3
2176 114.3
133 115.3
223 115.3
294 115.3
658 115.3
1189 115.3
1222 115.3
1307 115.3
1424 115.3
1428 115.3
1550 115.3
1850 115.3
1867 115.3
2173 115.3
2225 115.3
33 116.3
309 116.3
568 116.3
577 116.3
587 116.3
1228 116.3
1275 116.3
1279 116.3
1618 116.3
1907 116.3
1984 116.3
384 117.3
712 117.3
1121 117.3
1143 117.3
1229 117.3
1296 117.3
1324 117.3
1534 117.3
1585 117.3
1634 117.3
1656 117.3
1712 117.3
2059 117.3
296 118.3
347 118.3
524 118.3
802 118.3
803 118.3
1201 118.3
1385 118.3
1444 118.3
1488 118.3
1531 118.3
1555 118.3
1715 118.3
1179 119.3
1402 119.3
1411 119.3
1465 119.3
1479 119.3
1520 119.3
1544 119.3
1794 119.3
2060 119.3
2123 119.3
2133 119.3
2167 119.3
73 120.3
442 120.3
476 120.3
488 120.3
548 120.3
786 120.3
1206 120.3
1452 120.3
1525 120.3
1655 120.3
1677 120.3
1721 120.3
1760 120.3
1849 120.3
90 121.3
105 121.3
110 121.3
130 121.3
314 121.3
365 121.3
468 121.3
520 121.3
590 121.3
597 121.3
734 121.3
1031 121.3
1269 121.3
1389 121.3
1418 121.3
1458 121.3
1461 121.3
1486 121.3
1550 121.3
1554 121.3
1590 121.3
1643 121.3
1743 121.3
1783 121.3
1791 121.3
1807 121.3
1950 121.3
2049 121.3
29 122.3
449 122.3
771 122.3
1239 122.3
1265 122.3
1320 122.3
1325 122.3
1380 122.3
1405 122.3
1443 122.3
1707 122.3
102 123.3
578 123.3
784 123.3
1516 123.3
1629 123.3
1692 123.3
1904 123.3
2036 123.3
141 124.3
142 124.3
172 124.3
267 124.3
358 124.3
378 124.3
721 124.3
1187 124.3
1309 124.3
1326 124.3
1377 124.3
1514 124.3
1568 124.3
1583 124.3
2107 124.3
2221 124.3
158 125.3
241 125.3
1141 125.3
1328 125.3
1420 125.3
1467 125.3
1487 125.3
1504 125.3
1541 125.3
2114 125.3
79 126.3
261 126.3
387 126.3
433 126.3
470 126.3
582 126.3
662 126.3
835 126.3
914 126.3
1256 126.3
1465 126.3
1466 126.3
1614 126.3
1668 126.3
1685 126.3
1817 126.3
1832 126.3
2190 126.3
188 127.3
298 127.3
303 127.3
329 127.3
332 127.3
345 127.3
372 127.3
400 127.3
428 127.3
523 127.3
588 127.3
592 127.3
609 127.3
856 127.3
1237 127.3
1313 127.3
1344 127.3
1391 127.3
1409 127.3
1440 127.3
1502 127.3
1505 127.3
1506 127.3
1515 127.3
1565 127.3
1579 127.3
1611 127.3
1625 127.3
1637 127.3
1762 127.3
1789 127.3
1991 127.3
2078 127.3
2118 127.3
2147 127.3
81 128.3
324 128.3
408 128.3
422 128.3
680 128.3
767 128.3
778 128.3
823 128.3
1196 128.3
1384 128.3
1470 128.3
1508 128.3
1531 128.3
1535 128.3
1585 128.3
1630 128.3
1640 128.3
1657 128.3
1802 128.3
1821 128.3
2080 128.3
2203 128.3
2238 128.3
60 129.3
295 129.3
403 129.3
565 129.3
689 129.3
785 129.3
1299 129.3
1303 129.3
1543 129.3
1665 129.3
1673 129.3
1686 129.3
1720 129.3
1722 129.3
1834 129.3
1990 129.3
215 130.3
450 130.3
486 130.3
626 130.3
692 130.3
1231 130.3
1304 130.3
1546 130.3
1607 130.3
17 131.3
244 131.3
325 131.3
615 131.3
1317 131.3
1538 131.3
1857 131.3
2126 131.3
2182 131.3
281 132.3
559 132.3
1240 132.3
1251 132.3
1392 132.3
1431 132.3
1922 132.3
1970 132.3
348 133.3
513 133.3
635 133.3
681 133.3
853 133.3
1158 133.3
1226 133.3
1365 133.3
1372 133.3
1489 133.3
1494 133.3
1521 133.3
1591 133.3
1636 133.3
1766 133.3
1991 133.3
88 134.3
221 134.3
285 134.3
598 134.3
744 134.3
774 134.3
844 134.3
858 134.3
1142 134.3
1283 134.3
1339 134.3
1384 134.3
1445 134.3
1480 134.3
1510 134.3
1524 134.3
1557 134.3
1575 134.3
1579 134.3
1615 134.3
1643 134.3
1652 134.3
1666 134.3
1682 134.3
1688 134.3
1700 134.3
1723 134.3
1736 134.3
1738 134.3
1758 134.3
1780 134.3
1861 134.3
1956 134.3
2083 134.3
2123 134.3
2197 134.3
228 135.3
447 135.3
557 135.3
614 135.3
662 135.3
772 135.3
786 135.3
1238 135.3
1243 135.3
1301 135.3
1451 135.3
1453 135.3
1530 135.3
1580 135.3
1604 135.3
1692 135.3
1705 135.3
84 136.3
108 136.3
117 136.3
219 136.3
237 136.3
548 136.3
612 136.3
642 136.3
875 136.3
1411 136.3
1446 136.3
1516 136.3
1547 136.3
1635 136.3
1639 136.3
1649 136.3
1751 136.3
1971 136.3
2003 136.3
2163 136.3
36 137.3
212 137.3
461 137.3
564 137.3
1439 137.3
1596 137.3
1660 137.3
1796 137.3
2230 137.3
521 138.3
539 138.3
906 138.3
1177 138.3
1327 138.3
1417 138.3
1583 138.3
1781 138.3
121 139.3
397 139.3
399 139.3
722 139.3
810 139.3
997 139.3
1126 139.3
1199 139.3
1265 139.3
1344 139.3
1468 139.3
1502 139.3
1576 139.3
1698 139.3
1898 139.3
2031 139.3
2067 139.3
2146 139.3
2231 139.3
72 140.3
86 140.3
156 140.3
893 140.3
1149 140.3
1167 140.3
1326 140.3
1385 140.3
1544 140.3
1551 140.3
1598 140.3
1618 140.3
1627 140.3
1631 140.3
1727 140.3
1741 140.3
1747 140.3
1791 140.3
1878 140.3
2060 140.3
2118 140.3
109 141.3
152 141.3
244 141.3
284 141.3
392 141.3
550 141.3
584 141.3
636 141.3
688 141.3
780 141.3
850 141.3
946 141.3
1518 141.3
1553 141.3
1578 141.3
1644 141.3
1657 141.3
1661 141.3
1703 141.3
1732 141.3
1788 141.3
1799 141.3
1840 141.3
1973 141.3
2032 141.3
2204 141.3
2222 141.3
118 142.3
244 142.3
264 142.3
336 142.3
340 142.3
673 142.3
761 142.3
969 142.3
1049 142.3
1365 142.3
1488 142.3
1549 142.3
1640 142.3
1680 142.3
1794 142.3
1807 142.3
1891 142.3
1957 142.3
2181 142.3
534 143.3
666 143.3
787 143.3
811 143.3
1272 143.3
1335 143.3
1390 143.3
1513 143.3
1927 143.3
2158 143.3
2190 143.3
2194 143.3
2196 143.3
2198 143.3
41 144.3
279 144.3
427 144.3
671 144.3
738 144.3
1259 144.3
1485 144.3
1658 144.3
1766 144.3
1860 144.3
1880 144.3
297 145.3
619 145.3
800 145.3
1250 145.3
1277 145.3
1587 145.3
1654 145.3
1693 145.3
1731 145.3
513 146.3
793 146.3
798 146.3
1270 146.3
1346 146.3
1438 146.3
1623 146.3
1625 146.3
1631 146.3
1649 146.3
1753 146.3
1832 146.3
1877 146.3
1974 146.3
2086 146.3
194 147.3
358 147.3
453 147.3
621 147.3
709 147.3
775 147.3
1114 147.3
1136 147.3
1194 147.3
1204 147.3
1423 147.3
1539 147.3
1564 147.3
1636 147.3
1649 147.3
1695 147.3
1706 147.3
1716 147.3
1728 147.3
1745 147.3
1804 147.3
1870 147.3
1908 147.3
2027 147.3
2148 147.3
188 148.3
189 148.3
358 148.3
508 148.3
523 148.3
680 148.3
855 148.3
1133 148.3
1147 148.3
1163 148.3
1524 148.3
1595 148.3
1622 148.3
1635 148.3
1666 148.3
1724 148.3
1768 148.3
1777 148.3
1781 148.3
1792 148.3
1820 148.3
1855 148.3
1871 148.3
1990 148.3
2042 148.3
2106 148.3
12 149.3
81 149.3
603 149.3
763 149.3
874 149.3
1417 149.3
1491 149.3
1607 149.3
1633 149.3
1641 149.3
1700 149.3
2006 149.3
2209 149.3
165 150.3
361 150.3
451 150.3
1293 150.3
1494 150.3
1796 150.3
2030 150.3
2070 150.3
2071 150.3
13 151.3
363 151.3
1429 151.3
1592 151.3
1695 151.3
1739 151.3
1835 151.3
8 152.3
119 152.3
156 152.3
566 152.3
605 152.3
1300 152.3
1310 152.3
1330 152.3
1434 152.3
1808 152.3
1837 152.3
1907 152.3
2057 152.3
1 153.3
53 153.3
151 153.3
193 153.3
384 153.3
438 153.3
670 153.3
685 153.3
695 153.3
719 153.3
821 153.3
1394 153.3
1502 153.3
1514 153.3
1608 153.3
1932 153.3
1949 153.3
2134 153.3
2214 153.3
2238 153.3
28 154.3
60 154.3
90 154.3
118 154.3
146 154.3
177 154.3
292 154.3
655 154.3
750 154.3
782 154.3
869 154.3
1166 154.3
1240 154.3
1366 154.3
1452 154.3
1567 154.3
1570 154.3
1576 154.3
1579 154.3
1644 154.3
1680 154.3
1751 154.3
1756 154.3
1768 154.3
1797 154.3
1819 154.3
1841 154.3
1922 154.3
1935 154.3
1938 154.3
1939 154.3
2013 154.3
2080 154.3
51 155.3
54 155.3
201 155.3
204 155.3
257 155.3
337 155.3
391 155.3
401 155.3
446 155.3
697 155.3
805 155.3
1105 155.3
1229 155.3
1676 155.3
1681 155.3
1703 155.3
1727 155.3
1741 155.3
1758 155.3
1789 155.3
1843 155.3
1948 155.3
1977 155.3
2147 155.3
121 156.3
150 156.3
160 156.3
368 156.3
443 156.3
476 156.3
617 156.3
703 156.3
814 156.3
1320 156.3
1378 156.3
1485 156.3
1503 156.3
1577 156.3
1581 156.3
1672 156.3
1680 156.3
1734 156.3
1779 156.3
1871 156.3
1919 156.3
1965 156.3
2192 156.3
134 157.3
494 157.3
679 157.3
859 157.3
1453 157.3
1543 157.3
2016 157.3
2032 157.3
2140 157.3
515 158.3
663 158.3
938 158.3
1456 158.3
1547 158.3
1863 158.3
2166 158.3
17 159.3
106 159.3
266 159.3
314 159.3
707 159.3
775 159.3
1121 159.3
1382 159.3
1428 159.3
1504 159.3
1747 159.3
1755 159.3
1769 159.3
1816 159.3
1873 159.3
1982 159.3
15 160.3
212 160.3
310 160.3
421 160.3
431 160.3
654 160.3
678 160.3
738 160.3
1124 160.3
1233 160.3
1252 160.3
1407 160.3
1422 160.3
1424 160.3
1609 160.3
1611 160.3
1659 160.3
1687 160.3
1732 160.3
1746 160.3
1786 160.3
1827 160.3
1845 160.3
1874 160.3
1899 160.3
1920 160.3
2022 160.3
79 161.3
144 161.3
199 161.3
457 161.3
500 161.3
767 161.3
811 161.3
903 161.3
1235 161.3
1313 161.3
1574 161.3
1631 161.3
1635 161.3
1647 161.3
1668 161.3
1685 161.3
1724 161.3
1748 161.3
1812 161.3
1820 161.3
1867 161.3
1891 161.3
1926 161.3
1970 161.3
154 162.3
291 162.3
506 162.3
592 162.3
843 162.3
1248 162.3
1624 162.3
1793 162.3
1871 162.3
1997 162.3
10 163.3
213 163.3
297 163.3
448 163.3
459 163.3
694 163.3
844 163.3
1141 163.3
1533 163.3
1768 163.3
1801 163.3
1896 163.3
1944 163.3
2192 163.3
732 164.3
847 164.3
1132 164.3
1268 164.3
1621 164.3
1818 164.3
1837 164.3
1915 164.3
1918 164.3
2072 164.3
694 165.3
1149 165.3
1245 165.3
1693 165.3
1897 165.3
1919 165.3
1958 165.3
2155 165.3
2227 165.3
46 166.3
194 166.3
306 166.3
544 166.3
804 166.3
865 166.3
869 166.3
1227 166.3
1415 166.3
1654 166.3
1749 166.3
1751 166.3
1757 166.3
1759 166.3
1821 166.3
1898 166.3
1941 166.3
1950 166.3
2071 166.3
145 167.3
156 167.3
158 167.3
246 167.3
449 167.3
478 167.3
499 167.3
551 167.3
569 167.3
778 167.3
1173 167.3
1225 167.3
1280 167.3
1299 167.3
1538 167.3
1550 167.3
1600 167.3
1651 167.3
1667 167.3
1671 167.3
1700 167.3
1772 167.3
1813 167.3
1825 167.3
1975 167.3
2100 167.3
2143 167.3
17 168.3
43 168.3
230 168.3
703 168.3
890 168.3
1131 168.3
1370 168.3
1378 168.3
1593 168.3
1601 168.3
1629 168.3
1695 168.3
1828 168.3
1866 168.3
1867 168.3
1980 168.3
316 169.3
542 169.3
597 169.3
625 169.3
652 169.3
761 169.3
846 169.3
1169 169.3
1207 169.3
1251 169.3
1450 169.3
1497 169.3
1760 169.3
1850 169.3
1879 169.3
2013 169.3
2075 169.3
2211 169.3
2228 169.3
414 170.3
733 170.3
1437 170.3
1670 170.3
1817 170.3
1909 170.3
2089 170.3
826 171.3
1480 171.3
1495 171.3
1727 171.3
1771 171.3
1837 171.3
1864 171.3
1911 171.3
1966 171.3
1969 171.3
2175 171.3
2234 171.3
513 172.3
782 172.3
852 172.3
1223 172.3
1294 172.3
1711 172.3
1880 172.3
1972 172.3
2006 172.3
2012 172.3
29 173.3
174 173.3
328 173.3
369 173.3
407 173.3
661 173.3
808 173.3
1135 173.3
1210 173.3
1286 173.3
1335 173.3
1362 173.3
1410 173.3
1454 173.3
1557 173.3
1808 173.3
1885 173.3
1960 173.3
1964 173.3
2087 173.3
2214 173.3
41 174.3
260 174.3
330 174.3
411 174.3
426 174.3
498 174.3
539 174.3
772 174.3
1001 174.3
1184 174.3
1608 174.3
1617 174.3
1622 174.3
1819 174.3
1857 174.3
1859 174.3
1865 174.3
1866 174.3
1900 174.3
1963 174.3
1978 174.3
2151 174.3
170 175.3
238 175.3
418 175.3
457 175.3
546 175.3
619 175.3
648 175.3
779 175.3
783 175.3
851 175.3
1271 175.3
1304 175.3
1396 175.3
1411 175.3
1459 175.3
1567 175.3
1609 175.3
1615 175.3
1730 175.3
1731 175.3
1736 175.3
1763 175.3
1764 175.3
1780 175.3
1802 175.3
1910 175.3
2061 175.3
400 176.3
748 176.3
1379 176.3
1485 176.3
1687 176.3
1692 176.3
1725 176.3
1729 176.3
1810 176.3
1825 176.3
1867 176.3
1877 176.3
1933 176.3
2062 176.3
224 177.3
586 177.3
626 177.3
716 177.3
1034 177.3
2160 177.3
172 178.3
412 178.3
793 178.3
1474 178.3
1580 178.3
1716 178.3
1848 178.3
2189 178.3
129 179.3
232 179.3
640 179.3
751 179.3
1393 179.3
1429 179.3
1447 179.3
1670 179.3
1774 179.3
1896 179.3
1945 179.3
1951 179.3
2133 179.3
27 180.3
135 180.3
499 180.3
563 180.3
647 180.3
718 180.3
1159 180.3
1227 180.3
1386 180.3
1614 180.3
1659 180.3
1668 180.3
1770 180.3
1798 180.3
1834 180.3
1994 180.3
1996 180.3
2060 180.3
2174 180.3
114 181.3
121 181.3
154 181.3
504 181.3
1123 181.3
1140 181.3
1251 181.3
1283 181.3
1403 181.3
1426 181.3
1455 181.3
1490 181.3
1505 181.3
1589 181.3
1677 181.3
1730 181.3
1791 181.3
1918 181.3
2067 181.3
2111 181.3
2145 181.3
2150 181.3
49 182.3
67 182.3
185 182.3
261 182.3
284 182.3
385 182.3
730 182.3
882 182.3
1166 182.3
1361 182.3
1499 182.3
1917 182.3
1992 182.3
51 183.3
221 183.3
731 183.3
1129 183.3
1149 183.3
1252 183.3
1337 183.3
1797 183.3
1832 183.3
1887 183.3
1914 183.3
325 184.3
547 184.3
687 184.3
1209 184.3
1316 184.3
1422 184.3
1690 184.3
1739 184.3
1846 184.3
2202 184.3
13 185.3
15 185.3
537 185.3
860 185.3
1221 185.3
1249 185.3
1282 185.3
1333 185.3
1591 185.3
1601 185.3
1728 185.3
1864 185.3
1869 185.3
1973 185.3
25 186.3
36 186.3
37 186.3
84 186.3
87 186.3
89 186.3
95 186.3
100 186.3
330 186.3
334 186.3
422 186.3
686 186.3
819 186.3
918 186.3
1116 186.3
1208 186.3
1453 186.3
1546 186.3
1550 186.3
2032 186.3
2057 186.3
2069 186.3
2123 186.3
23 187.3
59 187.3
109 187.3
142 187.3
209 187.3
318 187.3
380 187.3
538 187.3
579 187.3
674 187.3
678 187.3
1196 187.3
1481 187.3
1696 187.3
1792 187.3
1839 187.3
1866 187.3
1901 187.3
1924 187.3
1967 187.3
1989 187.3
2077 187.3
2145 187.3
2169 187.3
2200 187.3
55 188.3
76 188.3
92 188.3
204 188.3
303 188.3
480 188.3
613 188.3
637 188.3
665 188.3
786 188.3
1066 188.3
1204 188.3
1210 188.3
1400 188.3
1421 188.3
1515 188.3
1598 188.3
1655 188.3
1754 188.3
1765 188.3
1779 188.3
1894 188.3
1910 188.3
1921 188.3
1950 188.3
1972 188.3
2098 188.3
2177 188.3
176 189.3
578 189.3
585 189.3
703 189.3
772 189.3
1168 189.3
1364 189.3
1450 189.3
1540 189.3
1563 189.3
1709 189.3
1758 189.3
1854 189.3
1929 189.3
1992 189.3
2203 189.3
2209 189.3
61 190.3
78 190.3
137 190.3
194 190.3
461 190.3
513 190.3
534 190.3
727 190.3
1214 190.3
1260 190.3
1335 190.3
1678 190.3
1729 190.3
2195 190.3
2231 190.3
162 191.3
248 191.3
282 191.3
799 191.3
1116 191.3
1183 191.3
278 192.3
434 192.3
774 192.3
827 192.3
875 192.3
1034 192.3
1619 192.3
1812 192.3
1827 192.3
1865 192.3
1941 192.3
84 193.3
152 193.3
171 193.3
360 193.3
386 193.3
764 193.3
768 193.3
1268 193.3
1624 193.3
1761 193.3
1809 193.3
1818 193.3
1897 193.3
1905 193.3
1940 193.3
2040 193.3
2136 193.3
47 194.3
50 194.3
86 194.3
118 194.3
126 194.3
127 194.3
128 194.3
193 194.3
431 194.3
508 194.3
570 194.3
575 194.3
646 194.3
729 194.3
804 194.3
1120 194.3
1310 194.3
1507 194.3
1813 194.3
1826 194.3
1866 194.3
1870 194.3
1947 194.3
1951 194.3
1998 194.3
2037 194.3
2086 194.3
2113 194.3
2132 194.3
23 195.3
25 195.3
28 195.3
49 195.3
125 195.3
277 195.3
310 195.3
576 195.3
639 195.3
1224 195.3
1273 195.3
1336 195.3
1406 195.3
1515 195.3
1545 195.3
1551 195.3
1797 195.3
1864 195.3
2143 195.3
56 196.3
102 196.3
181 196.3
196 196.3
212 196.3
275 196.3
317 196.3
350 196.3
516 196.3
580 196.3
649 196.3
716 196.3
825 196.3
1611 196.3
1636 196.3
1953 196.3
77 197.3
565 197.3
704 197.3
1514 197.3
1521 197.3
1633 197.3
1989 197.3
248 198.3
544 198.3
1363 198.3
1444 198.3
1739 198.3
1835 198.3
1890 198.3
1910 198.3
2076 198.3
33 199.3
90 199.3
160 199.3
258 199.3
272 199.3
292 199.3
1540 199.3
1544 199.3
1664 199.3
1849 199.3
1889 199.3
2013 199.3
2207 199.3
776 201
2039 201
2217 201
1286 202
667 203
817 203
67 204
339 205
1952 209
1841 210
61 211
543 213
788 213
388 214
2193 214
1618 214
328 215
516 215
646 215
1739 215
1384 216
218 217
1606 217
717 218
1169 218
206 220
147 222
582 222
1378 222
1913 222
151 224
1665 225
655 226
854 226
1129 226
1782 226
2002 227
1807 228
72 233
1708 233
1832 233
256 234
409 234
116 235
587 235
2063 235
1840 235
732 236
2153 236
580 238
817 238
2174 238
1711 238
627 239
1350 240
1784 240
738 241
1773 241
1228 243
691 245
2032 245
1765 245
507 246
754 246
143 247
329 247
1524 247
1896 248
2031 250
1582 250
216 252
494 253
51 255
1499 256
1869 256
78 257
518 257
556 257
1324 257
1533 257
232 258
2182 258
2225 258
1370 258
702 259
157 260
1966 262
461 263
627 266
1820 266
673 267
1522 267
1528 267
1858 267
2209 268
1968 268
397 269
1685 269
212 274
784 274
1139 274
1309 274
1437 274
1946 275
153 276
792 276
1824 276
2153 277
1344 277
64 278
81 278
159 279
1963 280
781 284
358 285
1243 285
588 287
670 287
1615 288
1467 289
1612 289
600 290
1808 291
338 292
194 293
1862 293
1120 294
617 295
1696 295
1737 296
352 298
316 299
50 300
