531 1
1682 1
117 2
814 2
1584 2
207 3
1546 3
336 4
2109 4
1267 4
505 5
2009 5
2172 5
1157 5
2233 6
1201 6
1475 6
1864 8
480 11
1940 11
20 12
1746 13
399 14
626 14
108 16
2076 16
1300 16
48 18
85 18
601 18
1817 18
1843 18
719 20
2213 20
254 21
609 21
703 22
770 23
295 24
822 24
1223 24
2217 25
1138 25
1751 26
1840 26
26 28
2230 28
248 29
853 29
1312 29
456 31
693 31
1221 31
1352 31
439 32
1748 32
1742 35
1859 35
2050 37
1396 38
121 39
310 40
351 40
1969 40
551 41
2103 41
291 42
379 42
760 42
2017 42
2171 42
1650 43
1415 44
1791 45
664 46
1801 46
1934 46
1565 47
2187 49
2192 49
2149 52
1399 52
1510 52
2011 53
2164 53
1988 53
790 54
213 55
676 55
245 56
406 56
513 57
1735 57
1885 58
462 59
839 59
2079 59
559 60
1554 60
2174 62
1997 62
2055 63
1906 63
2102 64
1879 66
572 68
1511 68
1729 69
154 70
512 70
548 70
607 70
1248 70
758 72
1392 72
1309 73
1442 73
139 75
366 75
431 75
1543 75
1866 76
730 77
210 78
125 79
842 79
1176 79
309 82
281 83
1398 83
1441 85
689 86
1706 87
838 88
392 89
475 91
860 91
2114 91
1945 91
202 92
2006 92
767 93
1253 93
1988 93
2210 94
1140 94
296 95
643 95
1823 95
14 96
237 96
852 96
1437 96
496 97
1204 97
1339 97
1626 99
1868 99
1976 99
2146 100
1173 100
64 101
98 101
222 101
234 101
244 101
405 101
610 101
1197 101
1382 101
1417 101
1570 101
1597 101
1610 101
1706 101
1708 101
1791 101
1889 101
1895 101
1967 101
2001 101
2079 101
105 102
440 102
530 102
532 102
613 102
824 102
1173 102
1314 102
1461 102
1557 102
1583 102
1633 102
1674 102
1694 102
1727 102
1786 102
1824 102
1926 102
2153 102
2188 102
541 103
1331 103
1361 103
1405 103
1420 103
1442 103
1638 103
1648 103
306 104
631 104
825 104
1295 104
1403 104
1863 104
2215 104
136 105
797 105
832 105
885 105
1372 105
1647 105
1654 105
1819 105
1964 105
26 106
283 106
879 106
1223 106
1242 106
1289 106
1400 106
1462 106
1483 106
1515 106
1580 106
1612 106
1679 106
1836 106
1839 106
1881 106
1948 106
2025 106
263 107
299 107
431 107
490 107
566 107
616 107
632 107
691 107
785 107
827 107
1164 107
1207 107
1217 107
1404 107
1418 107
1434 107
1485 107
1516 107
1531 107
1536 107
1585 107
1590 107
1607 107
1611 107
1712 107
1758 107
1932 107
2213 107
2229 107
113 108
160 108
193 108
200 108
221 108
274 108
419 108
606 108
766 108
876 108
1082 108
1182 108
1325 108
1444 108
1480 108
1486 108
1502 108
1526 108
1532 108
1616 108
1622 108
1662 108
1671 108
1686 108
1695 108
1782 108
1805 108
1835 108
181 109
229 109
238 109
289 109
450 109
476 109
678 109
1311 109
1428 109
1479 109
1801 109
1924 109
2166 109
3 110
108 110
1158 110
1274 110
1423 110
1568 110
1667 110
1707 110
504 111
563 111
1415 111
1555 111
1799 111
32 112
776 112
805 112
833 112
861 112
1437 112
1461 112
1476 112
1501 112
1627 112
1703 112
1843 112
1988 112
117 113
462 113
473 113
486 113
655 113
1238 113
1319 113
1475 113
1482 113
1633 113
1696 113
1708 113
1871 113
1968 113
2071 113
215 114
240 114
398 114
470 114
727 114
863 114
1365 114
1397 114
1416 114
1465 114
1519 114
1597 114
1624 114
1630 114
1642 114
1731 114
1759 114
1769 114
1796 114
1838 114
1844 114
1879 114
1882 114
2049 114
2090 114
2181 114
192 115
210 115
232 115
245 115
287 115
326 115
487 115
698 115
699 115
749 115
871 115
1185 115
1364 115
1400 115
1425 115
1439 115
1453 115
1556 115
1563 115
1576 115
1617 115
1620 115
1654 115
1676 115
1732 115
1739 115
1873 115
1891 115
2011 115
2109 115
88 116
384 116
650 116
714 116
824 116
977 116
1314 116
1410 116
1586 116
1588 116
1787 116
1825 116
1937 116
1938 116
2124 116
432 117
837 117
924 117
1172 117
1491 117
1542 117
1757 117
1772 117
1906 117
1985 117
1990 117
2125 117
2226 117
77 118
229 118
560 118
632 118
818 118
1485 118
1663 118
1700 118
1801 118
1914 118
2104 118
28 119
33 119
41 119
58 119
223 119
332 119
343 119
518 119
1406 119
1534 119
1715 119
1734 119
1844 119
2009 119
195 120
216 120
355 120
375 120
493 120
544 120
696 120
769 120
1187 120
1260 120
1569 120
1720 120
1789 120
1845 120
1909 120
1977 120
2173 120
80 121
104 121
140 121
164 121
207 121
228 121
531 121
555 121
800 121
810 121
1196 121
1361 121
1463 121
1479 121
1523 121
1566 121
1571 121
1582 121
1583 121
1665 121
1696 121
1749 121
1788 121
1797 121
1853 121
2063 121
2085 121
2136 121
2236 121
73 122
76 122
220 122
462 122
471 122
916 122
1003 122
1024 122
1350 122
1391 122
1441 122
1541 122
1544 122
1550 122
1814 122
1892 122
1923 122
1930 122
107 123
183 123
196 123
383 123
529 123
616 123
757 123
820 123
850 123
851 123
1144 123
1389 123
1849 123
1896 123
142 124
476 124
1234 124
1731 124
1750 124
1765 124
1804 124
1879 124
1915 124
1978 124
1996 124
2062 124
2092 124
243 125
260 125
347 125
633 125
1143 125
1231 125
1524 125
1565 125
1590 125
1635 125
1722 125
1755 125
1888 125
431 126
549 126
567 126
764 126
783 126
804 126
817 126
1132 126
1259 126
1321 126
1650 126
1697 126
1859 126
1947 126
38 127
78 127
385 127
398 127
456 127
478 127
538 127
1133 127
1193 127
1205 127
1302 127
1468 127
1472 127
1608 127
1609 127
1623 127
1652 127
1681 127
1687 127
1698 127
1784 127
1802 127
1936 127
2022 127
2238 127
96 128
158 128
176 128
528 128
559 128
575 128
778 128
867 128
1210 128
1236 128
1440 128
1546 128
1564 128
1593 128
1600 128
1668 128
1677 128
1695 128
1754 128
1756 128
1780 128
1819 128
1857 128
1894 128
1967 128
2218 128
2219 128
87 129
277 129
340 129
365 129
442 129
507 129
745 129
776 129
829 129
1140 129
1156 129
1202 129
1424 129
1678 129
1700 129
1710 129
1761 129
1826 129
1861 129
1878 129
1912 129
44 130
50 130
188 130
274 130
389 130
1250 130
1295 130
1620 130
1676 130
1684 130
1810 130
1827 130
1941 130
1951 130
617 131
1150 131
1454 131
1636 131
1688 131
1705 131
1767 131
1776 131
1992 131
2076 131
2134 131
12 132
116 132
138 132
623 132
634 132
663 132
739 132
766 132
767 132
1161 132
1274 132
1444 132
1505 132
1737 132
1793 132
1867 132
1929 132
15 133
130 133
641 133
670 133
802 133
824 133
1345 133
1626 133
1655 133
1730 133
1769 133
1785 133
2121 133
7 134
28 134
40 134
103 134
206 134
296 134
361 134
409 134
513 134
571 134
799 134
826 134
1234 134
1344 134
1386 134
1433 134
1529 134
1538 134
1601 134
1643 134
1669 134
1689 134
1713 134
1727 134
1777 134
1833 134
1834 134
1840 134
1849 134
1880 134
2057 134
2112 134
92 135
228 135
343 135
402 135
784 135
804 135
827 135
1381 135
1530 135
1614 135
1646 135
1660 135
1711 135
1740 135
1771 135
1781 135
1798 135
1884 135
1918 135
1944 135
1986 135
2101 135
21 136
32 136
100 136
410 136
495 136
769 136
792 136
823 136
1356 136
1507 136
1521 136
1522 136
1664 136
1715 136
1718 136
1779 136
1861 136
1890 136
1905 136
1917 136
1922 136
4 137
449 137
511 137
601 137
647 137
833 137
1736 137
1800 137
1829 137
1838 137
1864 137
1903 137
2171 137
93 138
469 138
843 138
863 138
1475 138
2207 138
292 139
396 139
427 139
508 139
525 139
620 139
765 139
1130 139
1376 139
1429 139
1592 139
1609 139
1764 139
1945 139
370 140
446 140
520 140
608 140
648 140
661 140
774 140
781 140
851 140
894 140
1168 140
1457 140
1497 140
1533 140
1569 140
1623 140
1783 140
1794 140
1806 140
1881 140
1895 140
1939 140
2 141
8 141
68 141
104 141
178 141
268 141
270 141
306 141
339 141
381 141
414 141
420 141
439 141
461 141
488 141
529 141
593 141
1152 141
1208 141
1245 141
1331 141
1573 141
1582 141
1604 141
1616 141
1659 141
1766 141
1776 141
1786 141
1934 141
1998 141
2062 141
14 142
188 142
213 142
345 142
350 142
443 142
746 142
1703 142
1724 142
1747 142
1778 142
1802 142
1899 142
1912 142
1971 142
83 143
528 143
539 143
540 143
604 143
1645 143
1685 143
1695 143
1734 143
1954 143
2021 143
2058 143
10 144
357 144
444 144
532 144
1164 144
1223 144
1244 144
1374 144
1520 144
1819 144
1873 144
1973 144
2074 144
34 145
639 145
646 145
1379 145
1626 145
1694 145
1774 145
1833 145
1933 145
1953 145
1957 145
384 146
806 146
1150 146
1222 146
1373 146
1498 146
1633 146
1647 146
1929 146
42 147
52 147
54 147
78 147
90 147
429 147
470 147
592 147
594 147
597 147
662 147
1252 147
1268 147
1294 147
1404 147
1418 147
1594 147
1650 147
1712 147
1785 147
1791 147
1799 147
1918 147
1934 147
1978 147
100 148
115 148
310 148
357 148
463 148
584 148
618 148
731 148
830 148
866 148
1277 148
1288 148
1446 148
1513 148
1763 148
1771 148
1798 148
1826 148
2052 148
2104 148
21 149
196 149
494 149
869 149
1176 149
1399 149
1729 149
1887 149
1986 149
2078 149
51 150
558 150
719 150
1366 150
1408 150
1612 150
1682 150
1814 150
1892 150
1985 150
22 151
57 151
163 151
180 151
1136 151
1723 151
1754 151
1759 151
1788 151
1808 151
2233 151
159 152
243 152
248 152
378 152
476 152
715 152
749 152
1375 152
1675 152
1774 152
1865 152
1993 152
39 153
104 153
359 153
567 153
649 153
787 153
791 153
861 153
1069 153
1432 153
1488 153
1561 153
1685 153
1753 153
1896 153
1934 153
1990 153
2012 153
2047 153
2147 153
47 154
102 154
179 154
191 154
252 154
270 154
380 154
460 154
532 154
613 154
622 154
644 154
758 154
801 154
858 154
1075 154
1427 154
1564 154
1571 154
1874 154
1967 154
2103 154
7 155
33 155
93 155
129 155
200 155
290 155
323 155
363 155
452 155
1156 155
1180 155
1183 155
1273 155
1369 155
1526 155
1552 155
1553 155
1574 155
1623 155
1712 155
1721 155
1735 155
1741 155
1773 155
1796 155
1804 155
1927 155
1945 155
1971 155
2198 155
178 156
266 156
422 156
480 156
529 156
1193 156
1251 156
1327 156
1412 156
1645 156
1742 156
1750 156
1808 156
1836 156
1858 156
1883 156
1900 156
1979 156
2079 156
51 157
87 157
193 157
211 157
535 157
600 157
767 157
830 157
1267 157
11 158
1617 158
1746 158
1791 158
1816 158
1851 158
1878 158
1958 158
84 159
112 159
122 159
196 159
232 159
635 159
1355 159
1377 159
1535 159
1609 159
1616 159
1709 159
1893 159
1959 159
1969 159
2011 159
30 160
201 160
446 160
625 160
733 160
1136 160
1649 160
1657 160
1771 160
1974 160
1976 160
1982 160
2087 160
50 161
66 161
78 161
146 161
478 161
562 161
633 161
862 161
1280 161
1315 161
1382 161
1653 161
1810 161
1817 161
1860 161
1961 161
1984 161
1992 161
2175 161
2190 161
63 162
135 162
244 162
419 162
431 162
575 162
610 162
1049 162
1257 162
1364 162
1658 162
1664 162
1874 162
1894 162
1938 162
1999 162
2136 162
41 163
75 163
92 163
127 163
248 163
259 163
346 163
368 163
456 163
492 163
495 163
528 163
587 163
849 163
853 163
1231 163
1250 163
1328 163
1465 163
1491 163
1848 163
1863 163
1895 163
1922 163
1989 163
2080 163
102 164
126 164
585 164
758 164
1477 164
1636 164
1951 164
2029 164
106 165
648 165
682 165
743 165
1215 165
1614 165
1637 165
1959 165
49 166
82 166
254 166
269 166
609 166
1232 166
1234 166
1380 166
1395 166
1425 166
1627 166
1870 166
1967 166
2004 166
2020 166
62 167
69 167
182 167
208 167
216 167
349 167
426 167
463 167
566 167
652 167
655 167
850 167
871 167
1242 167
1277 167
1418 167
1511 167
1765 167
1773 167
1801 167
1807 167
1814 167
1920 167
1983 167
2134 167
2194 167
2237 167
19 168
21 168
35 168
118 168
171 168
192 168
241 168
268 168
319 168
396 168
404 168
596 168
639 168
649 168
839 168
1152 168
1168 168
1194 168
1256 168
1275 168
1416 168
1597 168
1615 168
1774 168
1831 168
1833 168
2012 168
110 169
168 169
198 169
483 169
582 169
1123 169
1173 169
1494 169
1618 169
1812 169
1962 169
2075 169
2159 169
61 170
176 170
223 170
495 170
607 170
691 170
763 170
1386 170
1549 170
1551 170
1678 170
1706 170
1797 170
1803 170
300 171
1165 171
1371 171
1543 171
1687 171
1834 171
1972 171
94 172
105 172
133 172
150 172
184 172
334 172
414 172
468 172
684 172
764 172
1533 172
1538 172
1720 172
1751 172
1907 172
1929 172
2146 172
2181 172
30 173
52 173
55 173
122 173
258 173
283 173
318 173
476 173
579 173
591 173
629 173
690 173
805 173
931 173
1657 173
1727 173
1867 173
33 174
91 174
154 174
197 174
262 174
294 174
352 174
386 174
389 174
539 174
618 174
703 174
871 174
913 174
1240 174
1281 174
1378 174
1594 174
1598 174
1601 174
1613 174
1634 174
1697 174
1935 174
1995 174
1998 174
2152 174
2188 174
2209 174
11 175
12 175
56 175
62 175
166 175
171 175
229 175
292 175
337 175
348 175
361 175
427 175
636 175
702 175
734 175
773 175
777 175
789 175
1149 175
1193 175
1200 175
1493 175
1564 175
1693 175
1789 175
1881 175
1903 175
1984 175
2126 175
2199 175
29 176
63 176
145 176
176 176
260 176
373 176
540 176
567 176
625 176
706 176
1351 176
1434 176
1512 176
1624 176
1769 176
1786 176
1959 176
18 177
36 177
409 177
461 177
519 177
578 177
1133 177
1302 177
1318 177
1321 177
1485 177
1999 177
85 178
144 178
241 178
821 178
1188 178
1301 178
1345 178
1380 178
1484 178
1739 178
1783 178
1814 178
1859 178
2026 178
2194 178
170 179
202 179
227 179
277 179
301 179
623 179
673 179
721 179
1209 179
1403 179
1450 179
1927 179
2156 179
21 180
22 180
148 180
236 180
287 180
411 180
534 180
546 180
1147 180
1340 180
1712 180
1860 180
1867 180
1937 180
1939 180
14 181
80 181
93 181
134 181
147 181
184 181
206 181
212 181
219 181
257 181
303 181
315 181
572 181
642 181
1160 181
1208 181
1236 181
1242 181
1307 181
1828 181
1840 181
1858 181
1970 181
1977 181
2057 181
24 182
105 182
108 182
114 182
138 182
342 182
459 182
590 182
827 182
836 182
1349 182
1703 182
1816 182
1836 182
1883 182
1964 182
2045 182
2047 182
2053 182
2091 182
2179 182
181 183
715 183
1272 183
1296 183
1329 183
1372 183
1403 183
1678 183
443 184
455 184
1721 184
1893 184
35 185
48 185
54 185
57 185
167 185
247 185
324 185
594 185
750 185
790 185
963 185
1908 185
2018 185
2134 185
4 186
18 186
25 186
59 186
76 186
109 186
218 186
254 186
262 186
339 186
569 186
589 186
677 186
1196 186
1505 186
1670 186
1819 186
80 187
81 187
101 187
153 187
155 187
233 187
357 187
400 187
579 187
658 187
718 187
784 187
824 187
1199 187
1224 187
1228 187
1422 187
1430 187
1492 187
1498 187
1792 187
1806 187
1809 187
1891 187
1979 187
2013 187
2028 187
12 188
62 188
84 188
123 188
171 188
177 188
204 188
226 188
229 188
388 188
636 188
653 188
661 188
786 188
813 188
819 188
867 188
1064 188
1132 188
1195 188
1243 188
1249 188
1328 188
1336 188
1423 188
1429 188
1499 188
1673 188
1677 188
1841 188
2034 188
2128 188
2189 188
66 189
98 189
132 189
162 189
182 189
223 189
228 189
253 189
370 189
599 189
614 189
674 189
866 189
1141 189
1368 189
1379 189
1604 189
1669 189
1832 189
1847 189
1942 189
2014 189
64 190
141 190
166 190
246 190
325 190
354 190
398 190
468 190
481 190
574 190
738 190
811 190
1693 190
1702 190
1802 190
1808 190
2094 190
2112 190
405 191
649 191
711 191
1203 191
1437 191
1525 191
89 192
332 192
345 192
415 192
660 192
1114 192
1266 192
1745 192
1901 192
88 193
142 193
181 193
251 193
295 193
524 193
675 193
767 193
1151 193
1462 193
1828 193
1844 193
1939 193
2115 193
29 194
40 194
58 194
119 194
214 194
239 194
256 194
279 194
313 194
329 194
336 194
407 194
495 194
642 194
710 194
1130 194
1147 194
1350 194
1466 194
1489 194
1501 194
1568 194
1778 194
1969 194
1989 194
2083 194
13 195
51 195
99 195
191 195
227 195
282 195
287 195
293 195
422 195
436 195
703 195
798 195
1129 195
1425 195
1554 195
1899 195
1906 195
1909 195
2005 195
2054 195
11 196
26 196
59 196
286 196
375 196
542 196
547 196
843 196
1192 196
1519 196
1721 196
2171 196
32 197
43 197
165 197
168 197
230 197
328 197
359 197
583 197
751 197
759 197
1191 197
1409 197
1794 197
1845 197
1971 197
1984 197
242 198
329 198
381 198
596 198
1736 198
2200 198
161 199
205 199
314 199
338 199
362 199
428 199
536 199
696 199
866 199
1261 199
1472 199
1657 199
1709 199
1941 199
1954 199
7 200
110 200
273 200
318 200
399 200
407 200
412 200
533 200
728 200
741 200
796 200
1212 200
1366 200
1531 200
1535 200
1726 200
1852 200
1891 200
1892 200
2004 200
2010 200
253 201
705 201
1599 201
1188 202
1775 202
905 203
1426 204
1632 205
1964 205
325 206
666 206
1153 206
1386 206
838 207
1205 207
1233 207
1644 207
1130 208
1186 209
1919 209
2056 211
1344 212
1560 212
796 213
1420 213
1715 213
669 214
90 215
859 216
2210 216
1485 216
190 217
799 218
1780 218
1523 219
1742 219
1910 219
485 220
1439 220
220 221
736 222
2086 222
1597 222
2097 223
1472 223
392 224
2126 224
549 226
2106 226
1293 226
585 227
1129 227
598 229
1764 229
340 230
1732 231
118 232
1234 232
1904 232
4 233
272 233
1307 234
721 235
2004 236
1652 236
2209 237
1698 238
1858 238
175 239
591 239
397 240
805 240
1509 241
360 242
2031 243
1232 243
1258 243
254 244
1392 244
2045 245
1695 246
1129 248
1760 248
644 249
2223 249
1248 249
583 250
1676 250
1682 250
1787 250
364 251
2027 251
1205 251
1268 251
1216 253
1495 253
354 254
607 254
1182 254
1194 254
1794 254
1250 255
1367 255
1559 255
1713 255
5 256
91 256
1753 256
357 257
227 262
254 262
709 263
396 264
715 264
828 264
444 265
1466 265
581 266
676 266
1679 266
735 267
1274 267
623 268
235 269
245 269
450 269
823 269
1773 269
296 271
2182 271
1399 271
1829 273
1979 274
703 275
1698 276
512 277
1629 277
1782 278
1864 278
189 279
221 279
2198 279
1449 279
1866 279
340 280
508 281
1890 281
2168 282
1546 282
201 283
341 283
718 283
1983 283
237 284
388 284
651 284
958 284
1261 284
1429 284
1666 284
32 285
1345 286
1953 287
504 288
777 289
392 290
415 291
541 291
2134 291
463 293
424 294
626 294
658 294
610 296
812 296
2075 297
852 299
2052 299
1903 299
