1177 1
25 3
179 3
1294 3
1576 4
1113 5
1199 5
137 7
874 7
2196 7
486 8
679 8
828 9
1165 9
801 10
2 11
433 11
2032 11
360 12
759 12
856 13
1880 13
1130 14
1471 14
1698 16
773 17
75 19
337 19
740 19
1693 19
448 21
420 22
452 22
286 23
2127 23
92 24
2175 24
1689 24
91 25
1625 25
204 26
478 26
1232 26
704 27
2130 27
1705 28
808 29
1145 29
491 30
2183 30
1745 30
278 31
1147 32
748 33
1207 33
1624 33
207 34
1982 34
272 36
2114 36
1239 37
1835 38
834 40
1336 41
1549 41
265 42
2037 42
2166 42
602 43
2162 43
2223 43
1766 43
268 44
435 44
869 44
1256 44
246 45
92 46
639 46
2049 46
339 47
299 48
2067 48
2056 49
1535 50
119 51
2031 51
1845 51
82 52
220 54
1996 54
417 56
695 56
2108 56
1990 56
1274 57
1610 57
1806 57
281 60
544 60
1409 61
1459 61
1706 61
556 62
574 63
1269 63
1501 63
1572 63
2103 64
9 65
185 67
175 68
1548 68
285 69
2163 71
2015 72
2174 72
260 73
63 76
2161 76
1537 77
1689 77
500 78
1701 78
1787 78
1816 78
812 79
2015 79
1473 79
1948 79
54 81
137 81
457 82
1173 82
628 83
1392 84
1412 85
233 86
421 86
548 86
801 86
2199 87
1311 87
1983 87
708 88
1414 88
1508 90
635 91
38 92
79 92
594 92
1977 93
2018 95
1733 96
1788 96
18 97
1162 98
1832 98
1630 99
1789 99
345 100
442 100
696 100
1429 100
1586 100
1683 100
21 101
59 101
92 101
152 101
184 101
258 101
343 101
403 101
446 101
467 101
494 101
536 101
561 101
653 101
655 101
1186 101
1327 101
1344 101
1372 101
1393 101
1516 101
1565 101
1681 101
1742 101
1876 101
1907 101
1926 101
2028 101
2029 101
2036 101
2130 101
78 102
231 102
265 102
284 102
351 102
378 102
1185 102
1187 102
1189 102
1222 102
1361 102
1866 102
1936 102
2227 102
1 103
121 103
144 103
531 103
1727 103
1757 103
1934 103
150 104
197 104
373 104
452 104
512 104
634 104
783 104
1382 104
1831 104
31 105
304 105
498 105
539 105
675 105
728 105
1075 105
1131 105
1226 105
1620 105
1718 105
1813 105
103 106
116 106
321 106
332 106
538 106
585 106
630 106
743 106
811 106
846 106
879 106
1261 106
1858 106
1901 106
1956 106
25 107
40 107
95 107
120 107
241 107
250 107
264 107
323 107
397 107
611 107
644 107
648 107
771 107
827 107
985 107
991 107
1123 107
1701 107
2185 107
2186 107
2222 107
24 108
65 108
124 108
126 108
247 108
266 108
331 108
335 108
374 108
403 108
430 108
496 108
556 108
572 108
636 108
643 108
651 108
1230 108
1245 108
1294 108
1380 108
1561 108
1702 108
2192 108
243 109
275 109
398 109
433 109
440 109
503 109
863 109
918 109
1175 109
1808 109
2143 109
55 110
392 110
462 110
494 110
537 110
645 110
1456 110
1728 110
1785 110
1786 110
1875 110
1945 110
152 111
213 111
406 111
505 111
526 111
585 111
723 111
1216 111
1319 111
1557 111
267 112
363 112
437 112
527 112
577 112
626 112
744 112
1435 112
1985 112
1996 112
2066 112
2111 112
2229 112
31 113
298 113
350 113
368 113
382 113
514 113
539 113
1165 113
1265 113
1471 113
1621 113
1719 113
1792 113
1853 113
1966 113
2051 113
2063 113
133 114
187 114
272 114
315 114
325 114
379 114
434 114
455 114
479 114
617 114
633 114
679 114
734 114
1132 114
1280 114
1329 114
1439 114
1573 114
1662 114
1717 114
1757 114
1770 114
1805 114
2085 114
2088 114
2114 114
2184 114
2235 114
2 115
21 115
466 115
500 115
515 115
549 115
595 115
618 115
636 115
876 115
1162 115
1487 115
1648 115
1709 115
1721 115
1936 115
25 116
155 116
248 116
302 116
518 116
546 116
594 116
741 116
769 116
803 116
1252 116
1330 116
1381 116
2106 116
150 117
324 117
416 117
611 117
641 117
740 117
1406 117
1620 117
2010 117
2039 117
2092 117
2151 117
290 118
411 118
432 118
532 118
542 118
715 118
839 118
1185 118
1258 118
1739 118
2124 118
88 119
147 119
509 119
596 119
683 119
714 119
770 119
1121 119
1628 119
1873 119
1916 119
236 120
282 120
305 120
312 120
318 120
341 120
407 120
414 120
444 120
489 120
513 120
625 120
639 120
688 120
690 120
1157 120
1567 120
1633 120
1767 120
1797 120
1800 120
1947 120
254 121
295 121
303 121
349 121
369 121
381 121
413 121
425 121
446 121
450 121
483 121
510 121
556 121
570 121
661 121
686 121
692 121
774 121
1164 121
1222 121
1261 121
1278 121
1376 121
1495 121
1756 121
1922 121
1926 121
2018 121
2053 121
2108 121
202 122
219 122
326 122
337 122
378 122
426 122
482 122
484 122
590 122
603 122
879 122
990 122
1493 122
1532 122
2030 122
2129 122
154 123
190 123
217 123
479 123
582 123
607 123
713 123
1484 123
1601 123
1700 123
293 124
448 124
533 124
594 124
712 124
1201 124
1288 124
1553 124
1646 124
1830 124
82 125
120 125
384 125
387 125
640 125
1197 125
1238 125
1477 125
1626 125
1657 125
1704 125
1977 125
2076 125
373 126
449 126
462 126
485 126
563 126
581 126
602 126
629 126
1370 126
1399 126
1496 126
1908 126
1995 126
2016 126
2045 126
2167 126
260 127
266 127
301 127
389 127
409 127
427 127
446 127
525 127
538 127
553 127
560 127
597 127
604 127
738 127
815 127
855 127
860 127
1327 127
1384 127
2152 127
2207 127
0 128
116 128
135 128
290 128
324 128
350 128
366 128
459 128
473 128
529 128
534 128
536 128
552 128
648 128
665 128
751 128
777 128
872 128
1215 128
1269 128
1309 128
1394 128
1534 128
1663 128
1786 128
1920 128
1943 128
1992 128
2041 128
2090 128
2188 128
66 129
505 129
507 129
537 129
639 129
666 129
1252 129
1463 129
1758 129
1880 129
1902 129
53 130
59 130
188 130
206 130
479 130
513 130
516 130
558 130
621 130
718 130
1284 130
1559 130
2072 130
2149 130
114 131
297 131
443 131
549 131
617 131
658 131
788 131
1592 131
1862 131
1941 131
2021 131
2069 131
3 132
73 132
101 132
393 132
435 132
541 132
641 132
652 132
690 132
816 132
1026 132
1223 132
1307 132
1386 132
1443 132
1501 132
1727 132
1761 132
1867 132
373 133
377 133
524 133
544 133
564 133
675 133
719 133
807 133
832 133
839 133
1804 133
1883 133
2067 133
2081 133
2217 133
68 134
71 134
80 134
354 134
416 134
425 134
439 134
487 134
494 134
519 134
548 134
550 134
663 134
702 134
725 134
733 134
863 134
1216 134
1264 134
1298 134
1314 134
1321 134
1338 134
1389 134
1404 134
1453 134
1481 134
1502 134
1561 134
1684 134
1819 134
1897 134
2032 134
2148 134
18 135
22 135
146 135
213 135
240 135
370 135
420 135
429 135
476 135
667 135
704 135
963 135
1174 135
1677 135
1843 135
1895 135
1940 135
1945 135
2009 135
2047 135
2094 135
2130 135
152 136
280 136
378 136
380 136
451 136
526 136
554 136
580 136
624 136
659 136
676 136
697 136
1155 136
1160 136
1390 136
1674 136
1928 136
156 137
376 137
623 137
678 137
868 137
1603 137
1711 137
1728 137
1910 137
256 138
541 138
584 138
850 138
1075 138
1260 138
1616 138
2011 138
2108 138
2120 138
171 139
350 139
430 139
729 139
845 139
1251 139
1498 139
1525 139
1605 139
1825 139
2056 139
35 140
172 140
297 140
387 140
411 140
412 140
413 140
496 140
522 140
555 140
591 140
600 140
622 140
633 140
662 140
665 140
710 140
990 140
1147 140
1212 140
1443 140
1824 140
2054 140
7 141
100 141
371 141
440 141
450 141
463 141
527 141
592 141
696 141
698 141
748 141
758 141
809 141
815 141
826 141
837 141
929 141
1256 141
1360 141
1488 141
1615 141
1636 141
1778 141
1827 141
1859 141
1863 141
1950 141
1957 141
2008 141
2075 141
2162 141
2199 141
2223 141
39 142
241 142
347 142
361 142
657 142
771 142
1306 142
1311 142
1589 142
1904 142
1921 142
1983 142
13 143
183 143
221 143
462 143
510 143
586 143
643 143
734 143
821 143
833 143
834 143
839 143
1149 143
1244 143
1703 143
2109 143
2153 143
465 144
558 144
595 144
627 144
766 144
873 144
1537 144
1817 144
1966 144
67 145
268 145
307 145
366 145
714 145
740 145
783 145
789 145
881 145
1554 145
1632 145
1790 145
1925 145
2027 145
16 146
114 146
169 146
400 146
538 146
591 146
667 146
693 146
720 146
834 146
1283 146
1410 146
1725 146
1975 146
2002 146
125 147
165 147
175 147
324 147
423 147
560 147
581 147
602 147
607 147
674 147
692 147
748 147
902 147
1347 147
1588 147
1677 147
1710 147
1802 147
1876 147
2073 147
6 148
17 148
144 148
284 148
368 148
444 148
482 148
613 148
785 148
820 148
890 148
947 148
1014 148
1230 148
1552 148
1719 148
1935 148
1968 148
1971 148
2007 148
2017 148
2080 148
2165 148
476 149
572 149
663 149
764 149
854 149
1125 149
1197 149
1256 149
1344 149
1592 149
1594 149
1871 149
2167 149
2217 149
152 150
178 150
219 150
514 150
651 150
776 150
910 150
914 150
1247 150
1307 150
1326 150
1361 150
1380 150
1540 150
1652 150
1737 150
1751 150
2013 150
2123 150
49 151
159 151
173 151
208 151
475 151
575 151
603 151
618 151
825 151
943 151
1651 151
85 152
302 152
536 152
552 152
615 152
637 152
647 152
668 152
741 152
878 152
1178 152
1288 152
1671 152
2086 152
63 153
550 153
580 153
614 153
629 153
850 153
879 153
1164 153
1338 153
1721 153
2018 153
2119 153
34 154
398 154
508 154
525 154
569 154
648 154
705 154
734 154
768 154
770 154
861 154
924 154
1021 154
1201 154
1226 154
1309 154
1489 154
1736 154
1983 154
2043 154
2117 154
2177 154
22 155
199 155
339 155
452 155
470 155
535 155
555 155
608 155
625 155
681 155
684 155
687 155
713 155
788 155
803 155
814 155
939 155
959 155
1089 155
1247 155
1444 155
1472 155
1484 155
1509 155
1637 155
1696 155
1873 155
1989 155
2017 155
2196 155
2234 155
10 156
316 156
325 156
397 156
554 156
730 156
771 156
836 156
847 156
1390 156
1417 156
1469 156
1663 156
1896 156
2025 156
181 157
578 157
589 157
780 157
849 157
1237 157
1306 157
1516 157
1542 157
1782 157
1888 157
2228 157
126 158
286 158
354 158
443 158
593 158
633 158
751 158
810 158
833 158
878 158
1184 158
1723 158
1911 158
1970 158
41 159
92 159
187 159
645 159
658 159
781 159
1290 159
1333 159
1427 159
1617 159
1937 159
1959 159
80 160
122 160
254 160
321 160
351 160
551 160
573 160
659 160
660 160
708 160
715 160
733 160
790 160
845 160
1154 160
1350 160
1511 160
1531 160
1618 160
33 161
74 161
107 161
277 161
343 161
607 161
654 161
691 161
750 161
822 161
823 161
881 161
942 161
1040 161
1155 161
1289 161
1520 161
1675 161
1677 161
1726 161
1748 161
1759 161
1822 161
2028 161
45 162
392 162
711 162
879 162
902 162
1024 162
1200 162
1669 162
1742 162
1777 162
1895 162
1984 162
2222 162
69 163
75 163
130 163
233 163
371 163
598 163
624 163
725 163
762 163
795 163
827 163
1222 163
1486 163
1542 163
1572 163
1615 163
1795 163
2058 163
2213 163
203 164
441 164
648 164
1864 164
507 165
564 165
628 165
893 165
1023 165
1164 165
1700 165
1701 165
1839 165
2112 165
85 166
193 166
317 166
345 166
461 166
640 166
677 166
738 166
770 166
844 166
948 166
973 166
1167 166
1211 166
1328 166
1338 166
1510 166
1611 166
1694 166
1764 166
1793 166
2066 166
2235 166
52 167
112 167
126 167
284 167
340 167
365 167
417 167
425 167
487 167
645 167
650 167
775 167
782 167
783 167
854 167
925 167
1182 167
1230 167
1352 167
1400 167
1471 167
1525 167
1584 167
1823 167
1880 167
1950 167
99 168
150 168
230 168
687 168
720 168
729 168
739 168
749 168
802 168
818 168
850 168
911 168
916 168
1157 168
1192 168
1219 168
1258 168
1474 168
1518 168
1538 168
1594 168
1772 168
1789 168
1814 168
2040 168
2100 168
237 169
368 169
369 169
581 169
616 169
755 169
767 169
792 169
843 169
858 169
884 169
968 169
1284 169
1745 169
1755 169
1840 169
1878 169
199 170
231 170
552 170
780 170
793 170
822 170
910 170
970 170
972 170
1215 170
1277 170
1677 170
2010 170
2131 170
2166 170
325 171
439 171
450 171
682 171
835 171
993 171
1292 171
1336 171
1377 171
1491 171
21 172
47 172
714 172
730 172
812 172
932 172
960 172
979 172
1218 172
1274 172
1359 172
1401 172
1689 172
12 173
81 173
96 173
216 173
239 173
294 173
590 173
611 173
614 173
652 173
723 173
734 173
837 173
955 173
1000 173
1528 173
1770 173
115 174
208 174
264 174
281 174
309 174
481 174
605 174
656 174
664 174
729 174
760 174
787 174
831 174
845 174
861 174
931 174
933 174
942 174
1030 174
1042 174
1187 174
1212 174
1236 174
1260 174
1543 174
1639 174
1775 174
1801 174
1810 174
2111 174
2205 174
233 175
392 175
535 175
752 175
753 175
791 175
817 175
825 175
828 175
900 175
919 175
1012 175
1134 175
1343 175
1421 175
1441 175
1529 175
1647 175
1657 175
1752 175
1757 175
1778 175
1795 175
1804 175
1873 175
1882 175
1896 175
2208 175
176 176
214 176
569 176
686 176
877 176
1068 176
1120 176
1317 176
1388 176
1732 176
1968 176
2094 176
43 177
68 177
139 177
510 177
599 177
782 177
813 177
863 177
999 177
2151 177
245 178
368 178
562 178
615 178
768 178
1031 178
1046 178
1609 178
1899 178
1951 178
1972 178
2165 178
44 179
352 179
532 179
661 179
789 179
950 179
1222 179
1417 179
1427 179
1511 179
1551 179
1700 179
2127 179
66 180
105 180
232 180
349 180
350 180
430 180
770 180
793 180
838 180
882 180
890 180
898 180
1387 180
1470 180
1675 180
2030 180
2097 180
2 181
92 181
177 181
344 181
372 181
474 181
477 181
610 181
666 181
680 181
681 181
717 181
721 181
796 181
868 181
1005 181
1027 181
1088 181
1106 181
1237 181
1344 181
1356 181
1373 181
1477 181
1598 181
1662 181
1665 181
1683 181
1740 181
1782 181
1825 181
2088 181
4 182
178 182
528 182
650 182
660 182
771 182
808 182
809 182
839 182
848 182
910 182
927 182
948 182
1060 182
1148 182
1352 182
1430 182
1479 182
1578 182
1892 182
1927 182
2003 182
2039 182
2047 182
2053 182
2093 182
80 183
98 183
246 183
783 183
879 183
1145 183
1335 183
1374 183
1399 183
1424 183
1442 183
1673 183
1689 183
475 184
1241 184
1478 184
1517 184
1583 184
1617 184
1901 184
2132 184
38 185
179 185
200 185
518 185
579 185
756 185
773 185
867 185
1445 185
1651 185
1736 185
88 186
176 186
205 186
206 186
698 186
744 186
764 186
949 186
1084 186
1455 186
1635 186
24 187
53 187
63 187
104 187
171 187
252 187
354 187
487 187
662 187
736 187
747 187
862 187
1072 187
1154 187
1163 187
1173 187
1244 187
1258 187
1269 187
1360 187
1381 187
1431 187
1559 187
1599 187
1607 187
1659 187
1732 187
1785 187
1995 187
2065 187
57 188
342 188
346 188
367 188
394 188
412 188
418 188
667 188
705 188
719 188
801 188
813 188
831 188
835 188
871 188
938 188
999 188
1011 188
1049 188
1133 188
1239 188
1365 188
1447 188
1472 188
1519 188
1694 188
1748 188
1966 188
2090 188
2129 188
107 189
249 189
380 189
525 189
559 189
763 189
810 189
997 189
1164 189
1276 189
1383 189
1418 189
1552 189
1637 189
1670 189
1727 189
1879 189
1905 189
1944 189
2182 189
799 190
944 190
1273 190
1300 190
1358 190
1575 190
1728 190
1800 190
2042 190
165 191
742 191
785 191
926 191
966 191
967 191
1155 191
1182 191
1788 191
1898 191
1990 191
2117 191
157 192
867 192
891 192
1433 192
1669 192
1835 192
3 193
64 193
118 193
192 193
266 193
429 193
589 193
679 193
720 193
794 193
822 193
859 193
933 193
1036 193
1149 193
1165 193
1188 193
1343 193
1385 193
1488 193
1501 193
1770 193
1822 193
2159 193
2174 193
269 194
493 194
519 194
596 194
598 194
662 194
875 194
899 194
932 194
970 194
995 194
1110 194
1255 194
1275 194
1289 194
1293 194
1631 194
1913 194
1955 194
2142 194
2217 194
69 195
108 195
123 195
173 195
276 195
278 195
422 195
486 195
614 195
766 195
805 195
854 195
900 195
954 195
1000 195
1018 195
1240 195
1353 195
1477 195
1774 195
1855 195
1962 195
1964 195
2127 195
243 196
449 196
604 196
724 196
851 196
889 196
905 196
934 196
993 196
1354 196
1459 196
1551 196
1854 196
1970 196
2000 196
2132 196
2210 196
2237 196
1 197
40 197
41 197
190 197
348 197
681 197
708 197
725 197
902 197
1006 197
1156 197
1167 197
1302 197
1404 197
1418 197
1708 197
1824 197
1918 197
1922 197
1993 197
2141 197
183 198
193 198
371 198
618 198
816 198
1085 198
1125 198
1143 198
1428 198
1889 198
167 199
554 199
744 199
793 199
840 199
855 199
950 199
1024 199
1087 199
1215 199
1263 199
1284 199
1434 199
1747 199
1755 199
1820 199
2085 199
134 200
817 200
874 200
931 200
1008 200
1111 200
1169 200
1178 200
1315 200
1458 200
1609 200
1653 200
1785 200
1904 200
2139 200
1291 201
1655 202
1583 205
1814 205
599 207
1823 207
389 208
2011 209
2138 209
1174 209
178 210
1595 211
1787 211
380 212
192 213
1130 213
592 214
613 214
1305 216
181 217
1202 218
1381 218
7 219
113 220
409 220
1374 220
1409 220
2201 221
1549 221
1600 221
170 222
2096 223
2127 223
1653 223
517 224
1222 225
1518 225
404 226
446 227
1322 227
146 228
761 228
1678 228
1829 229
575 231
1352 231
1848 231
673 232
873 232
733 233
1682 234
1703 234
1121 235
1959 235
1258 236
1774 237
477 238
2226 239
1944 240
2200 241
1874 241
1408 242
1605 243
1496 244
1554 244
1642 246
1304 247
1847 247
822 248
837 249
2212 249
2007 252
649 253
2199 253
1793 253
2071 255
1743 258
1771 258
1934 258
1562 260
132 261
1433 262
703 263
864 263
821 264
492 265
1775 265
819 266
1740 266
360 269
510 271
702 271
830 271
1189 271
1970 271
587 272
2102 273
192 275
600 275
1928 275
248 276
660 276
794 276
2134 276
550 277
1139 277
438 278
648 278
676 278
788 278
1228 278
573 279
2189 279
1821 279
411 280
1479 280
1290 281
675 283
1747 283
3 284
1873 284
244 285
367 285
190 286
289 286
626 286
1361 286
1445 286
149 288
529 290
1830 290
422 293
776 293
2031 293
1275 293
1661 293
2053 294
455 295
2064 295
1519 299
49 300
