1976 3
234 4
1554 4
1289 5
343 6
1531 6
552 8
1849 8
476 9
546 10
1750 10
834 11
853 11
781 12
1980 12
2055 13
1583 13
64 14
2238 14
265 15
1619 15
2003 16
1840 16
855 17
71 19
172 19
633 19
1977 19
699 20
1164 20
1139 21
2116 23
1907 23
815 24
2008 24
1788 24
1963 24
235 25
809 25
1138 25
1314 25
1377 25
2114 27
2032 28
1431 28
455 29
1330 29
1343 30
1287 31
1257 32
421 33
590 33
1583 33
2215 34
1763 34
2170 35
708 38
780 38
689 39
872 39
1276 39
710 40
887 40
1562 40
1788 41
1831 41
1291 42
874 43
1829 43
745 44
2018 44
1342 44
1568 44
1880 44
2012 45
2183 45
1804 45
2154 46
1399 46
1621 46
1602 48
2221 49
800 50
2054 50
1300 50
366 53
244 54
8 55
2046 55
2065 55
109 56
827 56
1660 56
37 57
719 57
1588 57
1792 57
263 60
470 61
1980 61
210 62
1540 62
533 64
2195 64
1314 64
1785 64
353 66
126 67
741 68
2073 68
1471 69
1578 69
1180 70
1696 70
103 72
453 72
676 72
817 72
1444 72
8 73
2057 73
1850 73
1750 74
529 75
2042 75
1771 78
207 79
2145 79
1141 79
1361 79
1677 80
1857 81
2164 82
1265 82
602 83
731 83
2091 84
1472 84
52 86
421 87
1440 87
864 91
96 93
1386 93
582 94
2194 95
2232 96
786 98
1336 98
1707 98
1507 99
465 100
2027 100
1859 100
37 101
45 101
103 101
215 101
347 101
438 101
449 101
470 101
1037 101
1121 101
1222 101
1229 101
1231 101
1294 101
1407 101
1449 101
1486 101
1514 101
1552 101
1600 101
1659 101
1732 101
1763 101
1768 101
1770 101
1809 101
1820 101
1898 101
1942 101
2060 101
65 102
87 102
95 102
180 102
219 102
255 102
393 102
458 102
526 102
546 102
661 102
707 102
740 102
784 102
1129 102
1249 102
1360 102
1371 102
1402 102
1606 102
1626 102
1715 102
1761 102
1762 102
1814 102
1880 102
1950 102
1977 102
2112 102
22 103
27 103
281 103
337 103
488 103
616 103
620 103
1413 103
1689 103
1844 103
1932 103
825 104
1530 104
1677 104
1690 104
1716 104
1930 104
1965 104
2007 104
2161 104
14 105
131 105
274 105
447 105
641 105
711 105
760 105
761 105
1611 105
1684 105
1742 105
1894 105
1961 105
1983 105
2184 105
76 106
186 106
306 106
763 106
830 106
1003 106
1246 106
1272 106
1465 106
1731 106
1857 106
1887 106
1895 106
2087 106
2214 106
23 107
47 107
51 107
69 107
288 107
550 107
562 107
732 107
755 107
818 107
841 107
1288 107
1347 107
1351 107
1482 107
1588 107
1639 107
1792 107
1876 107
1920 107
2023 107
2041 107
2090 107
155 108
317 108
697 108
838 108
1163 108
1259 108
1402 108
1467 108
1570 108
1641 108
1782 108
1800 108
1862 108
1906 108
1927 108
1970 108
2015 108
2057 108
2155 108
2203 108
25 109
59 109
89 109
275 109
500 109
668 109
1141 109
1202 109
1675 109
1693 109
1719 109
1722 109
1899 109
1985 109
2150 109
113 110
299 110
646 110
815 110
1160 110
1275 110
1582 110
1671 110
1704 110
1740 110
1915 110
1940 110
1958 110
2124 110
38 111
90 111
217 111
274 111
277 111
346 111
312 112
357 112
502 112
1143 112
1285 112
1330 112
1335 112
1393 112
1707 112
1823 112
1994 112
20 113
34 113
84 113
135 113
451 113
503 113
554 113
592 113
792 113
811 113
1271 113
1307 113
1567 113
1655 113
1897 113
2233 113
8 114
9 114
212 114
595 114
765 114
829 114
1112 114
1169 114
1170 114
1233 114
1400 114
1440 114
1613 114
1628 114
1715 114
1730 114
1813 114
1870 114
1885 114
1905 114
1933 114
1955 114
2044 114
2051 114
23 115
52 115
121 115
148 115
496 115
517 115
621 115
665 115
671 115
1122 115
1492 115
1501 115
1549 115
1677 115
1704 115
1844 115
1868 115
1990 115
2087 115
2120 115
33 116
43 116
122 116
162 116
407 116
506 116
757 116
815 116
865 116
1181 116
1374 116
1519 116
1633 116
1647 116
1762 116
1882 116
1930 116
1939 116
2070 116
2092 116
21 117
77 117
241 117
479 117
667 117
704 117
1899 117
2081 117
82 118
172 118
430 118
511 118
603 118
797 118
1123 118
1124 118
1326 118
1576 118
1875 118
83 119
125 119
323 119
433 119
544 119
692 119
829 119
1255 119
1282 119
1373 119
1655 119
1697 119
1812 119
1828 119
1959 119
7 120
17 120
263 120
331 120
452 120
536 120
752 120
897 120
1103 120
1203 120
1312 120
1357 120
1718 120
1768 120
1938 120
1941 120
1966 120
47 121
60 121
107 121
171 121
251 121
255 121
578 121
588 121
810 121
1141 121
1162 121
1195 121
1238 121
1320 121
1496 121
1569 121
1607 121
1608 121
1798 121
1827 121
1885 121
1903 121
1931 121
2207 121
135 122
167 122
177 122
298 122
370 122
1057 122
1142 122
1157 122
1431 122
1593 122
1856 122
1881 122
1971 122
2232 122
247 123
507 123
533 123
561 123
728 123
782 123
1131 123
1349 123
1548 123
1602 123
1816 123
1819 123
1878 123
1973 123
1003 124
1550 124
1962 124
2140 124
2149 124
2221 124
28 125
316 125
1666 125
1774 125
1964 125
2021 125
186 126
206 126
1365 126
1564 126
1685 126
1763 126
1799 126
1813 126
1868 126
1897 126
1952 126
1960 126
119 127
122 127
137 127
196 127
223 127
288 127
502 127
754 127
767 127
803 127
826 127
1270 127
1273 127
1288 127
1291 127
1359 127
1446 127
1474 127
1542 127
1546 127
1617 127
1708 127
1850 127
1971 127
1990 127
2020 127
2158 127
2216 127
2218 127
10 128
20 128
63 128
79 128
96 128
139 128
144 128
258 128
270 128
328 128
401 128
402 128
529 128
554 128
667 128
685 128
750 128
868 128
929 128
1132 128
1272 128
1698 128
1721 128
1796 128
1831 128
1892 128
1956 128
2059 128
52 129
133 129
666 129
1126 129
1337 129
1436 129
1472 129
1532 129
1586 129
1785 129
1950 129
1965 129
1978 129
2002 129
166 130
259 130
319 130
485 130
629 130
720 130
1745 130
1809 130
1858 130
1936 130
1996 130
2055 130
5 131
7 131
56 131
91 131
466 131
597 131
812 131
922 131
1395 131
1437 131
1623 131
1665 131
1686 131
1912 131
1970 131
1989 131
2007 131
2099 131
140 132
183 132
264 132
378 132
415 132
581 132
605 132
687 132
775 132
1341 132
1740 132
1796 132
1807 132
1896 132
1898 132
2157 132
243 133
610 133
638 133
717 133
902 133
1387 133
1390 133
1443 133
1603 133
1618 133
1668 133
1802 133
1894 133
1916 133
1966 133
1975 133
2170 133
2219 133
6 134
84 134
97 134
105 134
130 134
143 134
163 134
179 134
273 134
281 134
314 134
477 134
1123 134
1193 134
1294 134
1327 134
1396 134
1577 134
1593 134
1656 134
1681 134
1732 134
1738 134
1751 134
1773 134
1792 134
1814 134
1826 134
1871 134
1872 134
1874 134
1912 134
1917 134
2061 134
2067 134
2175 134
49 135
117 135
120 135
136 135
225 135
494 135
517 135
632 135
638 135
690 135
739 135
817 135
1156 135
1295 135
1329 135
1524 135
1590 135
1598 135
1601 135
1752 135
1771 135
1819 135
1837 135
1852 135
1967 135
2015 135
2095 135
43 136
50 136
459 136
695 136
784 136
831 136
1269 136
1275 136
1300 136
1424 136
1543 136
1763 136
1879 136
1913 136
1945 136
1948 136
2183 136
176 137
239 137
383 137
712 137
770 137
823 137
1224 137
1568 137
1695 137
1866 137
1873 137
15 138
24 138
36 138
114 138
161 138
187 138
204 138
227 138
1519 138
1582 138
1639 138
1704 138
1970 138
18 139
46 139
206 139
240 139
330 139
335 139
546 139
988 139
1189 139
1386 139
1516 139
1551 139
1959 139
1964 139
1987 139
2014 139
2236 139
8 140
20 140
37 140
41 140
58 140
158 140
173 140
175 140
201 140
304 140
661 140
691 140
1215 140
1240 140
1272 140
1341 140
1393 140
1459 140
1575 140
1580 140
1687 140
1694 140
1720 140
1729 140
1770 140
1780 140
2085 140
45 141
90 141
113 141
122 141
126 141
190 141
213 141
247 141
257 141
284 141
305 141
474 141
596 141
674 141
686 141
785 141
876 141
1509 141
1614 141
1632 141
1730 141
1775 141
1826 141
1831 141
1871 141
1902 141
1998 141
2101 141
2123 141
2128 141
2138 141
2187 141
42 142
111 142
156 142
189 142
198 142
274 142
400 142
522 142
534 142
1262 142
1314 142
1353 142
1625 142
1674 142
1897 142
1936 142
1960 142
1968 142
2126 142
104 143
147 143
380 143
510 143
760 143
774 143
1447 143
1792 143
1924 143
1999 143
2114 143
2120 143
222 144
327 144
1830 144
43 145
48 145
138 145
154 145
187 145
350 145
636 145
1853 145
1945 145
1971 145
2140 145
38 146
272 146
793 146
1080 146
1165 146
1503 146
1756 146
1820 146
1901 146
1903 146
2079 146
2234 146
53 147
75 147
100 147
127 147
141 147
179 147
228 147
308 147
417 147
442 147
772 147
808 147
1160 147
1297 147
1314 147
1533 147
1603 147
1644 147
1659 147
1854 147
1928 147
1993 147
1996 147
2034 147
2092 147
2220 147
41 148
139 148
181 148
346 148
388 148
396 148
481 148
704 148
1302 148
1329 148
1362 148
1456 148
1458 148
1522 148
1572 148
1869 148
1892 148
1961 148
2069 148
2222 148
2238 148
52 149
124 149
152 149
176 149
199 149
219 149
245 149
261 149
586 149
705 149
778 149
787 149
796 149
902 149
1102 149
1216 149
1355 149
1618 149
1621 149
2005 149
2015 149
146 150
173 150
344 150
652 150
1164 150
1374 150
1611 150
1696 150
1870 150
1995 150
2075 150
2097 150
338 151
811 151
1405 151
26 152
60 152
159 152
162 152
171 152
258 152
389 152
455 152
595 152
1212 152
1318 152
1495 152
1661 152
1834 152
1881 152
2052 152
2228 152
17 153
80 153
113 153
231 153
308 153
331 153
478 153
631 153
1132 153
1200 153
1667 153
1741 153
2068 153
74 154
144 154
151 154
208 154
225 154
349 154
351 154
363 154
369 154
535 154
628 154
744 154
862 154
1148 154
1177 154
1236 154
1534 154
1793 154
1846 154
1878 154
1982 154
2122 154
64 155
77 155
153 155
175 155
201 155
253 155
408 155
434 155
457 155
547 155
580 155
717 155
745 155
815 155
1204 155
1217 155
1421 155
1462 155
1473 155
1500 155
1802 155
1804 155
1930 155
1957 155
2094 155
2189 155
2207 155
2234 155
20 156
28 156
115 156
157 156
224 156
371 156
967 156
1249 156
1468 156
1509 156
1574 156
1811 156
1970 156
2158 156
3 157
212 157
736 157
809 157
1160 157
1717 157
1721 157
1753 157
1977 157
1992 157
2227 157
174 158
309 158
465 158
471 158
668 158
699 158
788 158
901 158
1130 158
1520 158
1709 158
1765 158
1781 158
1845 158
1239 159
1257 159
1324 159
1465 159
1525 159
2128 159
128 160
154 160
167 160
274 160
424 160
741 160
744 160
1307 160
1562 160
1596 160
1798 160
1818 160
1912 160
1915 160
1927 160
2122 160
16 161
31 161
44 161
102 161
136 161
197 161
296 161
307 161
349 161
444 161
520 161
547 161
559 161
643 161
688 161
690 161
697 161
849 161
1143 161
1152 161
1282 161
1344 161
1378 161
1441 161
1674 161
1744 161
1956 161
2007 161
2035 161
2109 161
87 162
134 162
161 162
178 162
198 162
271 162
279 162
337 162
406 162
770 162
864 162
1026 162
1198 162
1569 162
1611 162
1706 162
2084 162
2171 162
2230 162
118 163
145 163
200 163
218 163
223 163
272 163
292 163
395 163
437 163
448 163
464 163
479 163
510 163
645 163
683 163
839 163
1197 163
1478 163
1565 163
1576 163
1784 163
1848 163
1851 163
1925 163
1987 163
2183 163
2220 163
204 164
298 164
357 164
462 164
553 164
1421 164
106 165
169 165
243 165
314 165
449 165
501 165
751 165
890 165
1035 165
1177 165
1363 165
1438 165
1463 165
1558 165
1588 165
1962 165
2087 165
114 166
127 166
233 166
238 166
441 166
542 166
702 166
1393 166
1487 166
1699 166
13 167
18 167
135 167
136 167
139 167
150 167
153 167
201 167
234 167
276 167
500 167
584 167
636 167
732 167
789 167
871 167
1163 167
1274 167
1338 167
1405 167
1968 167
2072 167
2090 167
2122 167
2 168
19 168
209 168
224 168
252 168
283 168
348 168
354 168
476 168
524 168
537 168
826 168
1262 168
1585 168
1719 168
1774 168
1800 168
1824 168
1899 168
1916 168
1985 168
2027 168
2108 168
38 169
214 169
328 169
600 169
612 169
808 169
1343 169
1347 169
1493 169
1567 169
1589 169
1677 169
1858 169
1997 169
148 170
218 170
310 170
333 170
438 170
686 170
1850 170
1932 170
2051 170
4 171
6 171
121 171
146 171
217 171
295 171
329 171
1215 171
1411 171
1571 171
2015 171
156 172
402 172
434 172
1232 172
1540 172
1790 172
1991 172
47 173
48 173
88 173
208 173
297 173
313 173
621 173
627 173
689 173
875 173
1504 173
1560 173
1621 173
1670 173
1978 173
2010 173
78 174
278 174
415 174
457 174
629 174
693 174
703 174
1533 174
1555 174
1598 174
1672 174
1685 174
1689 174
1691 174
1778 174
1779 174
1781 174
1830 174
1839 174
1842 174
1888 174
1923 174
1936 174
1954 174
2068 174
2139 174
2200 174
12 175
173 175
240 175
254 175
299 175
319 175
343 175
350 175
388 175
458 175
474 175
623 175
870 175
1202 175
1329 175
1350 175
1486 175
1607 175
1687 175
1726 175
1993 175
2001 175
2119 175
85 176
95 176
401 176
448 176
473 176
866 176
1485 176
1615 176
2173 176
9 177
65 177
89 177
155 177
159 177
273 177
318 177
332 177
379 177
439 177
651 177
1394 177
1395 177
134 178
315 178
320 178
485 178
1147 178
1302 178
1550 178
1908 178
2018 178
0 179
143 179
216 179
413 179
684 179
749 179
783 179
792 179
1249 179
1821 179
1822 179
2196 179
21 180
116 180
126 180
147 180
162 180
291 180
365 180
1299 180
1644 180
1935 180
1976 180
16 181
53 181
103 181
161 181
271 181
308 181
316 181
332 181
366 181
480 181
1191 181
1220 181
1318 181
1392 181
1453 181
1623 181
1627 181
1682 181
1817 181
1953 181
2087 181
27 182
91 182
155 182
221 182
268 182
305 182
307 182
349 182
390 182
399 182
501 182
608 182
686 182
832 182
1427 182
1432 182
1465 182
1509 182
2062 182
2137 182
2170 182
2202 182
105 183
144 183
207 183
392 183
444 183
464 183
1352 183
1422 183
1454 183
1708 183
1755 183
104 184
427 184
505 184
517 184
651 184
1187 184
1200 184
1240 184
1403 184
1515 184
1535 184
1655 184
2075 184
3 185
12 185
189 185
191 185
251 185
344 185
654 185
667 185
837 185
867 185
1350 185
1537 185
1695 185
1741 185
132 186
151 186
177 186
217 186
238 186
243 186
259 186
264 186
367 186
462 186
510 186
790 186
1128 186
1373 186
1473 186
1860 186
1897 186
2033 186
2098 186
2153 186
2239 186
34 187
63 187
120 187
226 187
228 187
258 187
286 187
296 187
467 187
487 187
516 187
521 187
573 187
618 187
822 187
1127 187
1463 187
1526 187
1634 187
1635 187
1803 187
2208 187
2221 187
14 188
51 188
123 188
164 188
184 188
194 188
198 188
201 188
209 188
214 188
222 188
303 188
338 188
435 188
539 188
630 188
691 188
786 188
796 188
1188 188
1193 188
1209 188
1213 188
1275 188
1297 188
1323 188
1417 188
1429 188
1506 188
1591 188
1604 188
1639 188
1779 188
1895 188
1976 188
2005 188
2009 188
121 189
166 189
239 189
407 189
710 189
726 189
851 189
878 189
1121 189
1227 189
1237 189
1258 189
1408 189
1467 189
1652 189
1913 189
1948 189
2108 189
2115 189
145 190
285 190
357 190
495 190
499 190
541 190
725 190
866 190
1151 190
1522 190
1775 190
2070 190
155 191
236 191
430 191
455 191
507 191
562 191
1407 191
1500 191
2161 191
106 192
219 192
322 192
391 192
392 192
411 192
438 192
470 192
483 192
553 192
825 192
1157 192
1419 192
1579 192
1747 192
99 193
192 193
309 193
327 193
422 193
447 193
485 193
603 193
632 193
719 193
814 193
823 193
1254 193
1294 193
1896 193
1918 193
2091 193
2213 193
61 194
83 194
174 194
257 194
263 194
273 194
280 194
295 194
302 194
348 194
349 194
371 194
390 194
400 194
408 194
446 194
458 194
508 194
631 194
1281 194
1292 194
1368 194
1428 194
1453 194
1572 194
1722 194
1756 194
1850 194
1863 194
1920 194
2164 194
89 195
210 195
301 195
318 195
346 195
533 195
593 195
712 195
1183 195
1311 195
1479 195
1705 195
1736 195
1849 195
1899 195
1907 195
2072 195
128 196
171 196
209 196
296 196
366 196
556 196
682 196
756 196
856 196
1132 196
1218 196
1534 196
1637 196
1801 196
2138 196
167 197
375 197
558 197
683 197
737 197
739 197
1377 197
1613 197
1707 197
1847 197
43 198
239 198
267 198
752 198
1063 198
1622 198
1933 198
56 199
176 199
181 199
246 199
270 199
388 199
424 199
1189 199
1324 199
1476 199
2239 199
47 200
215 200
336 200
567 200
568 200
612 200
1225 200
1391 200
1411 200
1606 200
1645 200
1770 200
1943 200
2123 200
2228 200
98 201
576 201
2124 201
1399 201
859 202
2138 202
1847 204
1927 206
1850 207
604 209
1815 209
104 210
1264 210
825 211
291 212
609 212
2076 212
1394 212
1787 212
1128 213
1659 213
1867 214
1932 214
529 215
2024 215
1242 215
1377 215
1702 215
717 217
872 217
2062 219
6 220
1718 220
1150 222
1634 223
806 224
1601 224
371 225
558 225
1404 225
1532 225
1824 225
1969 225
502 226
1877 226
1578 227
1224 228
1543 228
1755 229
628 230
1798 230
684 233
866 233
2077 233
145 235
2023 235
1067 235
1628 235
1999 235
1728 236
463 237
689 237
1818 237
564 238
1374 239
578 240
2045 240
1982 240
834 243
839 243
1972 244
80 245
865 245
1655 245
684 246
2143 246
1739 247
787 248
1234 248
1867 248
561 249
1206 249
1938 249
1564 250
524 252
1986 252
1296 253
394 254
624 254
836 254
2230 254
1553 254
234 255
1828 255
110 256
291 257
854 257
2128 258
1199 258
1616 258
72 259
1282 259
798 260
1718 260
369 261
1491 262
157 263
205 263
231 264
252 266
794 270
851 270
2038 271
2151 272
185 274
2081 274
2237 274
1495 275
692 276
2187 276
1376 276
357 277
452 277
1326 277
59 278
679 278
2101 278
1164 279
495 280
525 280
759 280
1411 280
1551 281
1768 281
5 282
839 282
1150 283
1253 283
1441 283
1874 283
1956 283
65 284
1728 284
1765 284
506 285
1431 285
679 286
250 288
581 288
630 288
2158 288
1689 288
1879 288
878 289
498 290
1700 290
251 291
823 292
1561 292
1208 293
1392 293
1668 293
525 294
11 295
409 295
815 296
1930 297
808 299
280 300
1406 300
