170 1
194 1
12 1
58 1
101 2
125 2
159 2
11 2
65 2
77 2
138 4
0 4
71 5
41 6
23 8
142 9
171 9
56 9
34 10
7 11
165 12
77 13
160 14
71 15
21 16
26 17
85 18
199 18
102 19
162 19
30 20
78 20
82 21
32 21
9 22
168 23
75 23
155 24
59 24
187 25
181 26
0 28
42 28
48 28
53 29
68 29
80 30
32 31
64 31
116 35
39 35
184 36
35 36
131 37
28 37
61 37
60 38
7 39
59 40
156 42
183 42
112 43
49 45
153 46
90 47
125 48
9 48
20 48
59 48
100 49
135 49
29 49
12 50
21 52
27 52
6 53
167 54
79 54
44 55
70 55
134 56
158 56
48 58
32 61
28 63
89 64
22 64
25 64
100 65
74 65
123 67
145 67
158 67
162 67
97 69
44 69
53 69
57 69
63 70
88 71
92 71
35 71
29 72
10 73
127 74
78 74
150 76
130 77
135 78
151 78
28 80
69 80
79 80
6 81
90 82
131 82
11 82
13 82
17 82
54 82
7 83
138 84
51 85
57 86
5 87
41 89
81 90
97 90
27 90
29 91
151 93
50 93
93 95
1 95
68 95
31 96
164 97
52 99
146 100
153 100
11 100
123 101
124 101
131 101
134 101
152 101
162 101
189 101
4 101
27 101
45 101
77 101
129 102
147 102
164 102
15 102
54 102
67 102
78 102
173 103
14 103
18 103
40 103
69 103
79 103
100 104
64 104
72 104
193 105
6 105
32 105
143 106
153 106
0 106
13 106
107 107
151 107
26 107
31 107
41 107
52 107
71 107
89 108
93 108
140 108
169 108
182 108
39 108
65 108
113 109
135 110
176 110
178 111
66 111
139 112
45 112
59 112
60 112
158 113
54 113
73 113
154 114
173 114
184 114
186 114
189 114
195 114
22 114
35 114
57 114
76 114
109 115
120 115
140 115
15 115
19 115
29 115
51 115
79 115
126 116
175 116
11 116
52 116
75 116
141 117
163 118
83 119
125 119
145 119
170 119
172 119
197 119
90 120
102 120
124 120
156 120
158 120
0 120
7 120
33 120
48 120
92 121
117 121
189 121
8 121
56 121
101 122
115 122
116 122
5 122
37 122
60 122
91 123
150 123
10 123
17 123
26 123
42 123
77 123
108 124
4 124
27 124
71 124
68 125
72 125
74 125
75 125
103 126
165 126
173 126
174 126
183 126
38 126
193 127
194 127
14 127
15 127
19 127
25 127
57 127
87 128
88 128
159 128
172 128
196 128
30 128
31 128
37 128
43 128
132 129
164 129
76 129
142 130
178 130
46 130
117 132
139 132
16 132
98 133
107 133
22 133
23 133
29 133
40 133
62 133
67 133
195 134
5 134
6 134
35 134
101 135
137 135
179 135
180 135
3 135
68 135
87 136
125 136
184 136
198 136
82 137
140 137
103 138
2 138
36 138
127 139
190 139
14 139
61 139
169 140
8 140
27 140
30 140
66 140
108 141
126 141
131 141
176 141
0 141
12 141
26 141
54 141
57 141
64 141
71 141
145 142
38 142
43 142
56 142
102 143
161 143
94 144
165 144
82 145
177 145
23 145
63 145
157 146
170 146
188 146
44 146
60 146
91 147
153 147
186 147
16 147
21 147
72 147
106 148
140 148
168 148
190 148
20 148
22 148
33 148
63 148
65 148
97 149
175 149
11 149
28 149
67 149
70 149
80 150
83 150
107 150
136 150
34 151
36 151
118 152
194 152
110 153
128 153
185 153
65 153
73 153
115 154
121 154
0 154
10 154
14 154
79 154
105 155
155 155
0 155
17 155
29 155
61 155
108 156
116 156
8 156
165 157
1 157
12 157
49 157
75 157
150 158
68 159
77 159
91 160
10 160
15 160
25 160
62 160
76 160
172 161
174 161
186 161
195 161
197 161
18 161
51 161
103 162
123 162
147 162
194 162
38 162
106 163
113 163
20 163
56 163
142 164
173 164
148 165
0 165
1 165
26 165
28 165
43 165
111 166
175 166
199 166
44 166
90 167
99 167
120 167
25 167
36 167
47 167
53 167
54 167
71 167
74 167
88 168
167 168
6 168
11 168
14 168
41 168
62 168
66 168
186 169
4 169
5 169
19 169
23 169
55 169
48 170
72 170
194 171
27 171
46 171
52 171
116 172
161 172
31 172
129 173
154 173
175 173
11 173
126 174
56 174
58 174
75 174
143 175
69 175
79 175
48 176
49 176
67 176
75 176
99 177
117 177
148 177
166 177
170 177
25 177
31 177
32 177
43 177
138 178
36 178
37 178
171 179
73 179
6 180
11 180
88 181
156 181
162 181
3 181
17 181
21 181
45 181
65 181
68 181
85 182
107 182
153 182
2 182
142 183
19 183
23 183
44 183
46 183
75 183
0 184
29 184
143 185
168 185
181 185
18 185
116 186
9 186
13 186
54 186
80 187
189 187
63 187
76 187
82 188
121 188
158 188
159 188
179 188
6 188
27 188
30 188
35 188
38 188
47 188
48 188
55 188
56 188
131 189
2 189
16 189
69 189
199 190
14 190
22 190
42 190
177 191
198 191
40 191
51 192
68 192
84 193
114 193
122 193
138 194
160 194
161 194
163 194
0 194
26 194
57 194
73 194
167 195
168 195
171 195
183 195
50 195
159 197
181 197
17 197
90 198
36 198
111 199
120 199
192 199
25 199
28 199
32 199
45 199
147 200
157 200
158 200
10 200
11 200
24 200
26 200
34 200
38 200
46 200
125 201
172 201
74 201
124 203
153 205
173 205
19 205
73 205
164 206
174 206
17 208
79 208
191 209
44 210
47 210
72 210
143 211
61 211
11 212
54 212
56 212
23 214
141 215
198 218
17 218
178 220
121 221
149 221
158 221
46 221
24 223
35 223
56 223
72 223
73 223
3 224
25 224
131 225
20 225
87 226
40 226
125 227
62 227
105 229
64 230
156 231
41 231
63 231
111 233
7 234
67 235
8 236
29 236
150 237
38 238
42 239
65 239
137 240
37 241
23 243
67 243
74 243
62 245
36 246
95 247
10 247
93 248
144 248
18 248
50 248
118 250
39 250
53 250
88 251
160 252
5 253
79 253
107 254
179 254
58 255
76 255
89 256
186 256
32 256
59 256
135 257
11 257
3 258
149 260
77 260
25 262
126 264
171 264
41 264
9 267
72 267
18 268
96 269
123 269
170 269
69 269
190 270
42 270
27 272
110 273
29 273
138 274
46 274
62 274
127 275
137 275
17 275
30 275
56 276
142 277
34 277
95 278
49 278
179 282
195 282
106 283
18 283
194 285
51 285
3 286
118 287
182 287
46 288
123 289
4 289
33 289
34 290
76 290
69 291
30 292
118 295
4 296
23 296
121 297
63 297
68 297
41 300
