198 1
39 1
106 3
161 3
72 3
179 4
74 4
76 4
128 5
13 5
36 5
70 5
67 7
7 9
54 9
55 9
92 10
5 11
21 11
48 11
87 12
112 12
189 12
20 12
97 14
10 14
57 14
55 15
73 15
142 16
180 17
41 17
46 17
106 19
188 20
1 20
18 20
52 21
109 22
152 22
141 24
181 25
5 25
69 25
76 26
114 27
186 27
32 27
105 28
37 28
62 28
64 28
6 29
54 29
130 30
29 30
75 31
171 34
188 34
152 35
73 35
99 36
159 37
29 37
59 38
172 39
168 41
153 43
47 43
28 44
10 45
0 46
77 46
101 47
198 47
78 47
180 48
16 48
161 49
165 49
195 49
99 51
166 51
199 52
142 53
42 53
184 55
62 55
183 56
31 56
82 57
113 57
39 58
141 60
5 60
24 60
37 60
134 64
153 64
25 64
125 67
174 67
15 67
75 70
7 72
46 72
103 73
145 73
31 73
48 73
149 74
10 74
15 74
134 75
29 76
74 76
33 77
10 78
64 78
109 80
110 81
133 81
44 82
149 84
51 84
67 84
12 85
21 85
124 86
96 87
17 87
50 87
30 88
62 90
125 91
129 91
168 91
0 91
147 92
2 92
71 92
25 94
51 94
91 95
158 97
186 97
48 99
76 99
65 100
78 100
93 100.3
101 100.3
145 100.3
163 100.3
167 100.3
36 100.3
40 100.3
49 100.3
62 100.3
65 100.3
89 101.3
100 101.3
103 101.3
131 101.3
139 101.3
196 101.3
17 101.3
41 101.3
45 101.3
52 101.3
68 101.3
73 101.3
74 101.3
118 102.3
187 102.3
27 102.3
33 102.3
70 102.3
134 103.3
170 103.3
20 103.3
28 103.3
59 103.3
110 104.3
96 105.3
98 105.3
192 105.3
18 105.3
53 105.3
86 106.3
1 106.3
29 106.3
31 106.3
50 106.3
67 106.3
72 106.3
119 107.3
122 107.3
126 107.3
153 107.3
169 107.3
180 107.3
183 107.3
5 107.3
146 108.3
177 108.3
19 108.3
48 108.3
56 108.3
74 108.3
76 108.3
42 109.3
120 110.3
123 110.3
75 110.3
127 111.3
35 111.3
43 111.3
77 111.3
108 112.3
156 112.3
55 112.3
63 112.3
68 112.3
69 112.3
114 113.3
170 113.3
93 114.3
157 114.3
166 114.3
194 114.3
3 114.3
60 114.3
2 115.3
7 115.3
25 115.3
33 115.3
115 116.3
10 116.3
11 116.3
13 116.3
49 116.3
79 116.3
103 117.3
135 117.3
14 117.3
158 118.3
19 118.3
1 119.3
37 119.3
82 120.3
85 120.3
86 120.3
138 120.3
152 120.3
166 120.3
168 120.3
26 120.3
27 120.3
38 120.3
51 120.3
78 120.3
121 121.3
159 121.3
173 121.3
178 121.3
6 121.3
18 121.3
32 121.3
39 121.3
55 121.3
61 121.3
62 121.3
77 121.3
36 122.3
41 122.3
47 122.3
58 122.3
64 122.3
113 123.3
151 123.3
17 123.3
40 123.3
56 123.3
111 124.3
136 124.3
129 125.3
0 125.3
5 125.3
25 125.3
34 125.3
63 125.3
143 126.3
161 126.3
169 126.3
19 126.3
35 126.3
45 126.3
49 126.3
71 126.3
24 127.3
44 127.3
59 127.3
67 127.3
94 128.3
135 128.3
196 128.3
23 128.3
42 128.3
47 128.3
54 128.3
118 129.3
179 129.3
186 129.3
189 129.3
2 129.3
26 129.3
46 129.3
69 129.3
9 130.3
13 130.3
31 130.3
126 131.3
75 131.3
112 132.3
7 132.3
17 132.3
58 132.3
98 133.3
6 133.3
33 133.3
49 133.3
62 133.3
77 133.3
127 134.3
148 134.3
156 134.3
184 134.3
61 134.3
73 134.3
100 135.3
134 135.3
138 135.3
152 135.3
37 135.3
15 136.3
26 136.3
161 137.3
79 137.3
114 138.3
64 138.3
68 138.3
117 139.3
132 139.3
3 139.3
30 139.3
42 139.3
76 139.3
96 140.3
111 140.3
130 140.3
172 140.3
31 140.3
34 140.3
48 140.3
67 140.3
70 140.3
113 141.3
141 141.3
178 141.3
180 141.3
182 141.3
8 141.3
36 141.3
51 141.3
59 141.3
143 142.3
173 142.3
0 142.3
1 142.3
24 142.3
45 142.3
56 142.3
75 142.3
133 143.3
149 143.3
2 143.3
49 143.3
147 144.3
13 144.3
47 144.3
99 145.3
191 145.3
22 145.3
30 145.3
73 145.3
104 146.3
115 146.3
151 146.3
197 146.3
9 146.3
172 147.3
177 147.3
179 147.3
5 147.3
6 147.3
48 147.3
64 147.3
101 148.3
105 148.3
139 148.3
173 148.3
4 148.3
10 148.3
11 148.3
15 148.3
146 149.3
26 149.3
44 149.3
54 149.3
68 149.3
140 150.3
165 150.3
41 151.3
67 151.3
189 152.3
61 152.3
119 153.3
190 153.3
193 153.3
46 153.3
57 153.3
81 154.3
98 154.3
132 154.3
143 154.3
155 154.3
164 154.3
166 154.3
37 154.3
63 154.3
114 155.3
163 155.3
22 155.3
24 155.3
111 156.3
28 156.3
131 157.3
195 157.3
109 158.3
136 158.3
167 158.3
178 158.3
9 158.3
12 159.3
16 159.3
23 159.3
31 159.3
72 159.3
107 160.3
130 160.3
151 160.3
17 160.3
18 160.3
43 160.3
66 160.3
70 160.3
78 160.3
90 161.3
177 161.3
3 161.3
4 161.3
24 161.3
27 161.3
62 161.3
71 161.3
192 162.3
92 163.3
104 163.3
0 163.3
41 163.3
36 164.3
174 165.3
15 165.3
65 165.3
136 166.3
166 166.3
170 166.3
28 166.3
38 166.3
42 166.3
167 167.3
199 167.3
7 167.3
63 167.3
165 168.3
175 168.3
176 168.3
21 168.3
44 168.3
51 168.3
53 168.3
103 169.3
134 169.3
8 169.3
13 169.3
108 170.3
196 170.3
37 170.3
49 170.3
158 171.3
60 171.3
128 172.3
5 172.3
12 172.3
29 172.3
77 172.3
78 172.3
112 173.3
161 173.3
25 173.3
30 173.3
47 173.3
69 173.3
70 173.3
170 174.3
190 174.3
22 174.3
41 174.3
72 174.3
74 174.3
156 175.3
20 175.3
28 175.3
68 176.3
1 177.3
53 177.3
65 177.3
123 178.3
16 178.3
129 179.3
163 179.3
180 179.3
2 179.3
7 179.3
18 179.3
52 179.3
93 180.3
101 180.3
119 180.3
128 180.3
162 180.3
6 180.3
12 180.3
21 180.3
39 180.3
42 180.3
46 180.3
47 180.3
48 180.3
168 181.3
177 181.3
187 181.3
27 181.3
45 181.3
50 181.3
54 181.3
69 181.3
73 181.3
79 181.3
122 182.3
35 182.3
43 182.3
80 183.3
106 183.3
113 183.3
149 183.3
3 183.3
24 183.3
38 183.3
10 184.3
30 184.3
81 185.3
142 185.3
11 186.3
14 186.3
135 187.3
148 187.3
181 187.3
189 187.3
1 187.3
23 187.3
49 187.3
53 187.3
74 187.3
94 188.3
156 188.3
186 188.3
187 188.3
196 188.3
16 188.3
40 188.3
66 188.3
77 188.3
195 189.3
199 189.3
37 189.3
62 189.3
89 190.3
124 190.3
152 190.3
0 191.3
8 191.3
30 191.3
63 191.3
127 192.3
145 192.3
25 192.3
28 192.3
50 192.3
116 193.3
165 193.3
13 193.3
20 193.3
56 193.3
85 194.3
90 194.3
35 194.3
55 194.3
70 194.3
118 195.3
132 195.3
4 195.3
17 195.3
41 195.3
175 196.3
33 196.3
36 196.3
39 196.3
52 196.3
91 198.3
177 198.3
187 198.3
159 199.3
172 199.3
29 199.3
46 199.3
8 201
43 201
80 203
127 203
175 203
67 203
98 206
12 206
56 207
134 208
139 208
36 208
1 210
116 211
5 212
18 212
58 212
179 216
17 216
23 216
26 217
61 217
72 217
22 220
51 222
37 223
94 224
23 224
65 224
54 225
74 225
193 226
19 226
63 226
69 226
188 228
40 228
66 228
48 229
145 230
161 230
165 231
178 231
15 231
99 232
192 232
12 232
110 233
126 234
13 235
143 236
6 236
89 237
141 237
43 237
73 237
62 239
69 240
24 241
133 242
3 243
11 243
21 243
54 243
16 244
158 245
8 247
22 247
36 247
124 249
32 249
14 250
197 251
69 251
138 252
143 252
113 253
23 253
81 255
148 256
19 256
0 257
64 258
110 259
111 259
160 259
26 259
14 262
67 262
126 263
41 263
72 263
74 263
7 264
62 264
39 265
68 265
61 266
163 267
180 267
15 269
41 270
146 272
196 273
9 273
11 273
85 274
27 274
157 275
174 275
144 276
0 277
7 278
91 279
164 279
59 280
134 282
4 282
6 282
163 283
61 283
169 285
12 285
15 285
69 285
2 288
58 289
18 290
86 291
178 291
196 291
71 291
51 292
97 293
115 293
7 293
61 293
25 294
28 294
52 294
60 294
89 296
91 296
6 296
169 298
166 299
