71 3
44 4
45 4
76 4
85 5
56 6
75 8
52 9
57 9
192 10
195 11
1 11
31 11
73 12
65 13
135 14
16 14
40 14
108 15
127 18
158 18
75 18
110 20
148 20
68 20
111 21
102 22
22 22
40 23
75 23
86 24
2 24
62 25
79 25
151 27
184 27
13 27
123 28
91 29
3 29
70 29
130 30
12 30
96 31
113 31
18 31
135 32
152 33
74 33
132 34
154 34
198 35
7 36
30 36
29 37
110 38
19 38
70 38
83 40
60 40
121 41
84 42
32 43
158 44
16 44
98 45
145 45
4 45
59 45
171 46
13 48
173 49
16 49
70 49
72 49
101 50
6 50
163 51
153 54
60 56
56 57
78 57
154 59
77 60
1 61
63 61
161 62
39 63
160 64
167 64
134 65
23 65
106 66
132 66
194 66
8 66
102 67
71 67
32 68
42 68
101 70
67 70
76 73
78 74
56 77
79 79
42 80
134 81
9 81
14 82
178 83
6 83
116 85
125 85
99 86
187 86
126 87
40 88
165 90
161 91
6 92
7 93
70 94
178 96
49 96
152 98
4 98
162 99
25 99
29 99
97 100
116 100
165 100
105 101
151 101
160 101
35 101
9 102
13 102
109 103
120 103
148 103
38 103
49 103
58 103
60 103
100 104
101 104
114 104
187 104
10 104
29 104
42 104
48 104
51 104
66 104
69 104
75 104
111 105
122 105
141 105
145 105
159 105
176 105
53 105
3 106
50 106
170 107
61 107
78 107
16 108
46 108
143 109
186 109
24 109
32 109
65 109
74 109
93 110
135 110
161 110
190 110
6 110
14 110
57 110
114 111
127 111
192 111
196 111
11 111
28 111
31 111
38 111
136 112
193 112
25 112
59 112
63 112
68 112
69 112
142 113
17 113
30 113
45 113
55 113
66 113
75 113
89 114
46 114
58 114
27 115
52 115
91 116
116 116
162 116
178 116
29 116
47 116
60 116
3 117
7 117
13 117
35 117
176 118
180 118
1 118
34 118
36 118
71 118
20 119
26 119
86 120
22 120
37 120
72 120
92 121
145 121
165 121
174 121
185 121
67 121
153 122
53 122
64 122
91 123
106 123
172 123
190 123
24 123
74 123
147 124
152 124
5 124
14 124
27 124
41 124
50 124
73 124
77 124
117 125
118 125
155 125
160 125
4 125
12 125
14 125
35 125
43 125
54 125
66 125
78 125
89 126
25 126
82 128
193 128
38 129
125 130
129 130
137 130
177 130
13 130
48 130
114 131
187 131
1 131
19 131
36 131
64 131
65 131
93 132
194 132
32 132
49 132
71 132
16 133
61 133
77 133
40 134
50 134
69 134
131 135
172 135
22 135
23 135
37 135
47 135
173 136
185 136
5 136
31 136
85 137
92 137
116 137
128 137
136 137
167 137
171 137
178 137
8 137
55 137
56 137
110 138
120 138
150 138
4 138
15 138
20 138
25 138
30 138
33 138
38 138
41 138
48 138
67 138
74 138
79 138
125 139
170 139
3 139
39 139
101 140
42 140
45 140
90 141
175 141
11 141
106 142
168 142
83 143
140 143
199 143
8 143
52 143
83 144
119 144
123 144
159 144
162 144
188 144
35 144
46 144
139 145
141 145
166 145
186 145
191 145
0 145
15 145
17 145
56 145
69 145
73 145
97 146
114 146
36 146
12 147
16 147
18 147
6 148
35 149
82 150
162 150
25 150
44 150
84 151
105 151
113 151
163 151
2 151
21 151
32 151
71 151
75 151
160 152
173 152
181 152
195 152
9 152
20 152
57 152
63 152
19 153
117 154
153 154
26 154
87 155
4 155
39 155
46 155
64 155
168 156
50 156
62 156
148 157
171 157
177 157
7 157
33 157
36 157
40 157
43 157
77 157
125 158
178 158
2 158
30 158
47 158
49 158
67 158
68 158
74 158
4 159
18 159
22 159
34 159
57 159
25 160
115 161
12 161
19 161
24 161
42 161
37 162
71 162
123 163
150 163
41 163
99 164
140 164
152 164
170 164
176 164
197 164
28 164
29 164
46 164
134 165
177 165
194 165
13 165
63 165
88 166
14 166
85 167
107 167
30 168
36 168
45 168
48 168
91 169
105 169
162 169
167 169
179 169
123 170
160 170
4 170
39 170
74 170
83 171
157 171
187 171
20 171
21 171
40 171
92 172
128 172
139 172
161 172
37 172
46 172
67 172
68 172
182 173
8 173
27 173
33 173
153 174
6 174
22 174
47 174
34 175
35 175
60 176
77 176
102 177
156 177
183 177
190 177
10 177
26 177
55 177
89 178
99 178
114 178
151 178
166 178
167 178
36 178
43 178
61 178
70 178
94 179
103 179
157 179
44 179
62 179
100 180
173 180
49 180
147 181
2 181
79 181
102 182
172 182
5 182
29 182
71 182
74 182
98 183
161 183
181 183
42 183
69 183
123 184
183 184
188 184
7 184
19 184
25 184
31 184
45 184
46 184
60 184
64 184
76 184
78 184
144 185
170 185
13 185
16 185
27 185
47 185
58 185
72 185
122 186
128 186
156 187
163 187
169 187
4 187
17 187
61 188
73 188
103 189
185 189
24 189
68 189
125 190
140 190
154 190
178 190
6 190
52 190
69 190
90 191
109 191
152 191
157 191
184 191
27 191
42 191
46 191
54 191
57 191
65 191
159 192
165 192
70 192
83 193
107 193
115 193
193 193
15 193
25 193
102 194
10 194
44 194
160 195
147 196
37 196
39 196
82 197
161 197
162 197
175 197
36 197
66 197
97 198
145 198
165 198
167 198
32 198
67 198
84 199
189 199
18 199
29 199
4 200
17 200
45 200
47 200
58 200
107 201
63 201
70 202
54 203
102 204
35 204
158 206
21 207
68 207
94 208
114 208
133 208
145 208
59 208
122 209
127 209
67 209
138 210
34 210
5 211
75 211
172 215
2 215
129 216
29 217
50 217
49 218
58 218
61 218
193 219
0 219
195 220
81 222
91 222
27 222
13 223
23 224
56 224
63 224
89 225
181 225
70 225
196 226
17 226
114 227
179 227
25 227
34 227
35 227
80 228
91 228
122 228
32 229
37 229
154 230
156 230
169 230
26 230
65 231
72 231
194 235
25 235
20 236
44 236
8 237
42 237
146 238
52 239
132 240
174 240
87 241
49 241
109 244
125 244
21 244
103 245
138 245
178 245
36 246
156 247
78 247
158 248
96 249
27 249
89 250
99 250
189 250
73 250
140 251
26 251
115 253
11 255
4 256
12 256
5 257
32 258
16 259
46 260
119 262
133 262
143 263
78 263
125 264
55 266
113 267
27 267
1 268
108 270
178 270
4 271
36 271
48 272
64 272
67 274
3 275
13 275
192 276
119 277
50 277
89 278
36 279
194 280
55 280
81 281
17 281
56 281
34 282
39 282
43 283
64 283
188 285
60 285
28 286
163 287
176 287
10 287
24 288
21 289
1 290
145 292
152 293
173 294
192 294
50 294
122 295
35 295
39 295
68 295
28 297
