9 1
179 2
185 2
190 2
149 3
26 3
27 3
109 6
35 7
43 7
175 9
55 9
62 10
26 11
64 11
115 12
151 14
87 16
89 17
57 17
117 19
22 19
60 19
86 20
194 20
37 21
71 21
170 22
25 22
63 23
109 25
16 25
57 25
41 26
20 27
26 27
47 27
9 28
17 28
76 29
36 30
64 31
11 33
81 35
25 35
185 36
117 37
41 38
3 40
34 41
63 41
150 42
192 43
186 44
16 44
110 45
37 46
44 47
1 48
115 49
49 49
99 50
12 50
129 51
4 51
33 52
162 53
38 53
104 55
39 55
165 58
159 60
74 60
12 61
100 62
25 62
73 62
115 64
36 64
83 65
131 66
16 66
164 68
27 68
5 70
81 71
57 71
80 72
179 72
31 72
45 72
79 72
12 73
28 73
96 74
98 75
119 75
47 76
72 76
59 77
153 78
20 79
57 79
37 81
183 83
0 83
21 83
25 84
50 84
81 85
94 85
14 85
16 86
27 86
76 86
198 87
184 88
9 88
48 88
63 88
138 90
53 90
88 91
101 91
54 91
157 92
141 93
23 93
111 95
41 95
107 97
60 97
76 97
43 98
68 98
99 99
127 99
128 99
184 99
31 99
46 100
90 101
189 101
15 101
31 101
84 102
123 102
199 102
20 102
82 103
115 103
26 103
45 103
63 103
66 103
74 103
186 104
23 104
29 104
48 104
50 104
52 104
73 104
77 104
108 105
185 105
196 105
13 105
28 105
49 105
64 105
177 106
193 106
197 106
9 106
78 106
86 107
70 107
71 107
155 108
183 108
96 109
9 109
19 109
93 110
147 110
39 110
42 110
75 110
105 111
134 111
145 111
14 111
62 111
76 111
89 112
40 112
79 112
13 113
22 113
44 113
61 113
58 114
64 114
146 115
8 115
74 115
159 116
164 116
25 116
131 117
143 117
1 117
3 117
32 117
38 117
49 117
92 118
94 118
95 118
96 118
132 118
137 118
6 118
19 118
23 118
42 118
73 118
10 119
18 119
37 119
134 120
2 120
5 120
16 120
59 120
192 121
151 122
158 122
3 122
66 122
80 123
153 123
167 123
183 123
35 123
56 123
68 123
199 124
44 124
57 124
60 124
105 125
128 125
143 125
169 125
190 125
191 125
197 125
32 125
85 126
147 126
103 127
121 127
186 127
115 128
134 128
15 128
138 129
162 129
0 129
3 129
17 129
65 129
81 130
5 130
12 130
21 130
58 130
61 130
68 130
94 131
164 131
6 131
9 131
16 131
23 131
29 131
39 131
45 131
55 131
59 131
139 132
175 132
10 132
11 132
75 132
30 133
72 133
116 134
152 134
56 134
64 134
91 135
67 135
185 136
18 136
19 136
61 136
74 136
77 136
80 137
97 137
115 137
125 137
1 137
23 137
57 137
60 137
109 138
130 138
181 138
184 138
193 138
3 138
31 138
34 138
43 138
149 139
171 139
20 139
27 139
161 140
25 140
83 141
13 141
93 142
89 143
135 143
196 143
103 144
129 144
139 144
163 144
165 144
182 144
184 144
2 144
5 144
14 144
49 144
65 144
71 144
74 144
81 145
148 145
190 145
199 145
18 145
47 145
109 146
156 146
181 146
153 147
172 147
85 148
130 148
59 148
110 149
30 149
31 149
72 149
86 150
131 150
134 150
8 150
27 150
32 150
42 150
48 150
75 150
88 151
111 151
132 151
133 151
149 151
0 151
16 151
55 151
60 151
66 151
74 151
77 151
82 152
122 152
166 152
19 152
50 152
63 152
79 152
80 153
142 153
56 153
189 154
49 154
54 154
147 155
51 155
61 155
194 156
83 157
106 157
162 157
197 157
46 157
65 157
84 158
98 158
108 158
111 158
22 158
42 158
43 158
78 158
153 159
171 159
188 159
47 159
70 159
140 160
167 160
34 160
131 161
186 161
24 161
52 161
67 162
157 163
180 163
40 163
100 164
102 164
110 164
123 164
177 164
6 164
8 164
15 164
22 164
27 164
30 164
32 164
79 164
109 165
124 165
127 165
154 165
189 165
14 165
23 165
59 165
91 166
99 166
182 166
192 166
53 166
58 166
39 167
56 167
73 167
16 168
18 168
20 168
75 168
114 169
143 169
28 169
77 169
92 170
126 170
146 170
179 170
3 170
35 170
43 170
55 170
101 171
111 171
147 171
171 171
172 171
70 171
89 172
97 172
0 172
25 172
32 172
52 172
120 173
62 173
68 173
56 174
57 174
99 175
104 175
124 175
66 175
93 176
131 176
173 176
2 176
47 176
64 176
83 177
106 177
140 177
155 177
45 177
95 178
15 178
23 178
61 178
63 178
134 179
136 179
178 179
51 179
103 180
54 180
59 180
69 180
9 181
55 181
101 182
46 182
48 182
1 183
20 183
25 183
71 183
72 183
113 184
142 184
158 184
186 184
7 184
37 184
77 184
82 185
161 185
187 185
35 185
132 186
154 186
13 186
23 186
41 186
60 186
73 186
104 187
109 187
0 187
54 187
56 187
10 188
17 188
49 188
74 188
80 189
133 189
134 189
144 189
31 189
57 189
150 190
152 190
169 190
171 190
108 191
172 191
180 191
5 191
29 191
65 191
100 192
102 192
141 192
25 192
64 192
169 194
176 194
193 194
20 194
151 195
182 195
190 195
23 195
73 195
92 196
101 196
194 196
35 196
70 196
162 197
171 197
7 197
43 197
44 197
122 198
45 198
60 198
75 198
79 198
87 199
102 199
187 199
18 200
27 200
37 200
55 200
97 201
157 201
35 201
52 201
190 203
194 206
102 207
159 207
39 207
160 208
189 210
49 210
194 211
16 211
23 211
67 212
156 213
186 213
75 214
153 216
126 217
175 218
31 218
129 219
64 219
3 220
71 222
72 223
92 224
45 224
105 228
73 229
123 230
68 230
139 231
23 231
8 232
191 233
49 233
171 234
18 234
71 237
44 238
61 238
36 239
62 241
2 242
130 243
86 244
42 245
186 246
49 246
158 247
169 247
43 247
13 248
15 248
80 249
136 249
24 249
32 251
71 251
172 252
12 253
19 253
130 254
60 254
103 255
28 255
39 255
51 255
72 255
79 255
138 256
68 258
168 261
28 261
57 262
35 264
119 265
20 266
0 267
79 267
150 268
101 269
128 270
78 270
167 271
178 271
20 272
195 273
113 274
1 274
44 274
73 274
108 275
165 277
37 279
193 280
198 280
42 281
64 281
21 282
53 282
153 283
127 284
37 285
59 285
13 287
144 288
77 288
80 289
152 289
27 290
84 291
13 294
62 295
54 297
42 298
45 298
79 299
72 300
