85 1
93 1
31 1
68 1
144 2
195 2
66 2
128 3
25 3
82 4
117 4
73 5
126 6
197 7
0 7
72 7
137 8
175 8
108 9
94 10
98 10
121 10
187 10
70 10
89 11
11 11
41 11
42 12
74 12
24 15
38 15
68 19
155 20
59 20
79 20
1 21
123 22
174 22
133 23
134 24
28 24
33 24
139 25
157 25
168 25
196 25
36 25
47 25
74 25
62 26
49 28
117 29
60 29
4 32
14 32
186 33
54 33
154 36
7 39
0 40
82 41
140 41
17 41
40 41
101 42
144 42
6 42
58 42
112 43
38 43
95 44
197 45
20 45
43 45
50 45
161 49
56 50
112 51
57 51
4 52
45 52
14 53
15 54
18 54
19 54
117 55
25 56
192 58
31 60
117 62
189 62
79 62
6 64
140 65
149 66
178 66
27 66
71 66
23 69
128 70
133 70
176 70
3 70
45 70
68 71
70 71
29 72
54 72
55 72
72 72
91 73
187 73
44 73
137 74
160 74
162 74
60 74
77 75
17 76
70 77
79 77
7 78
14 78
22 78
40 79
111 80
35 80
110 82
125 82
4 82
64 82
67 82
121 83
160 83
182 83
27 83
43 83
60 83
178 84
29 85
38 86
62 86
185 87
53 87
152 88
79 90
59 92
107 94
136 95
50 95
68 97
72 99
83 100
0 100
35 100
49 100
83 100.3
94 100.3
12 100.3
32 100.3
74 100.3
75 100.3
96 101.3
108 101.3
166 101.3
1 101.3
18 101.3
43 101.3
61 101.3
69 101.3
25 102.3
27 102.3
52 102.3
67 102.3
132 103.3
10 103.3
13 103.3
15 103.3
19 103.3
77 103.3
105 104.3
0 104.3
11 104.3
68 104.3
163 105.3
6 105.3
48 106.3
142 107.3
167 107.3
189 107.3
108 108.3
161 108.3
32 108.3
35 108.3
58 108.3
65 108.3
131 109.3
164 109.3
183 109.3
196 109.3
30 109.3
66 109.3
144 110.3
36 110.3
64 110.3
105 111.3
118 111.3
88 112.3
17 112.3
49 112.3
98 113.3
128 113.3
10 113.3
43 113.3
67 113.3
151 114.3
46 114.3
57 114.3
69 114.3
77 114.3
99 115.3
113 115.3
132 115.3
150 115.3
174 115.3
2 115.3
6 115.3
9 115.3
14 115.3
27 115.3
37 115.3
50 115.3
62 115.3
63 115.3
66 115.3
68 115.3
157 116.3
159 116.3
52 116.3
56 116.3
199 117.3
22 117.3
24 117.3
5 118.3
178 119.3
76 119.3
131 120.3
158 120.3
189 120.3
197 120.3
30 120.3
78 120.3
141 121.3
143 121.3
156 121.3
186 121.3
7 121.3
16 121.3
21 121.3
83 122.3
100 122.3
114 122.3
117 122.3
149 122.3
1 122.3
12 122.3
14 122.3
38 122.3
40 122.3
47 122.3
77 123.3
2 124.3
60 124.3
89 125.3
179 125.3
22 125.3
36 125.3
182 126.3
19 126.3
31 126.3
156 127.3
162 127.3
187 127.3
72 127.3
101 128.3
113 128.3
117 128.3
148 128.3
181 128.3
195 128.3
17 128.3
29 128.3
48 128.3
52 128.3
87 129.3
161 129.3
196 129.3
53 129.3
146 130.3
171 130.3
8 130.3
18 130.3
76 130.3
147 131.3
123 132.3
160 132.3
189 132.3
11 132.3
38 132.3
43 132.3
54 132.3
107 134.3
188 134.3
16 134.3
27 134.3
28 134.3
117 135.3
131 135.3
137 135.3
155 135.3
157 135.3
182 135.3
6 135.3
126 136.3
26 136.3
61 136.3
150 137.3
9 137.3
52 137.3
96 138.3
50 138.3
56 138.3
65 138.3
68 138.3
140 139.3
46 139.3
174 140.3
175 140.3
17 140.3
59 140.3
108 141.3
169 141.3
3 141.3
37 141.3
44 141.3
102 142.3
149 142.3
6 142.3
54 143.3
62 143.3
75 143.3
76 143.3
121 144.3
7 144.3
29 144.3
68 144.3
112 145.3
41 145.3
183 146.3
25 146.3
51 146.3
55 146.3
171 147.3
180 147.3
4 147.3
22 147.3
23 147.3
36 147.3
74 147.3
161 148.3
187 148.3
192 148.3
1 148.3
24 148.3
30 148.3
63 148.3
98 149.3
0 149.3
34 149.3
38 149.3
44 149.3
79 149.3
48 150.3
64 150.3
28 151.3
82 152.3
101 152.3
18 152.3
53 152.3
130 153.3
131 153.3
166 153.3
31 154.3
52 154.3
91 155.3
143 155.3
170 155.3
19 155.3
33 155.3
60 155.3
67 155.3
70 155.3
83 156.3
116 156.3
139 156.3
146 156.3
14 156.3
29 156.3
84 157.3
119 157.3
159 157.3
37 157.3
39 157.3
171 158.3
18 158.3
71 158.3
138 159.3
145 160.3
132 161.3
136 161.3
16 161.3
28 161.3
54 161.3
121 162.3
173 162.3
2 162.3
36 162.3
46 162.3
48 162.3
58 162.3
59 162.3
127 163.3
129 163.3
174 163.3
11 163.3
25 163.3
38 163.3
68 163.3
69 163.3
77 163.3
61 164.3
63 164.3
76 164.3
111 165.3
144 165.3
26 165.3
43 165.3
60 165.3
74 165.3
29 166.3
32 167.3
72 167.3
87 168.3
94 168.3
99 168.3
155 168.3
196 168.3
49 168.3
84 169.3
85 169.3
141 169.3
153 169.3
169 169.3
18 169.3
48 169.3
64 169.3
132 170.3
150 170.3
178 170.3
7 170.3
9 170.3
24 170.3
42 170.3
82 171.3
101 171.3
19 171.3
28 172.3
62 172.3
86 173.3
121 173.3
71 173.3
76 173.3
89 174.3
90 174.3
113 174.3
119 174.3
147 174.3
186 174.3
189 174.3
2 174.3
27 174.3
61 174.3
73 174.3
77 174.3
111 175.3
116 175.3
120 175.3
153 175.3
183 175.3
23 175.3
35 175.3
36 175.3
66 175.3
75 175.3
160 176.3
7 176.3
80 177.3
152 177.3
161 177.3
1 177.3
17 177.3
22 177.3
129 178.3
143 178.3
4 178.3
25 178.3
26 178.3
51 178.3
74 178.3
124 179.3
67 179.3
93 180.3
100 180.3
113 180.3
136 180.3
166 180.3
126 181.3
190 181.3
192 181.3
197 181.3
3 181.3
40 181.3
46 181.3
65 181.3
68 181.3
69 181.3
103 182.3
128 182.3
182 182.3
15 182.3
29 182.3
97 183.3
149 183.3
150 183.3
2 183.3
16 183.3
112 184.3
30 184.3
37 185.3
57 185.3
75 185.3
153 186.3
22 186.3
170 187.3
6 187.3
38 187.3
49 187.3
104 188.3
123 188.3
154 188.3
162 188.3
177 188.3
179 188.3
193 188.3
27 188.3
50 188.3
58 188.3
70 188.3
78 188.3
87 189.3
94 189.3
158 189.3
199 189.3
10 189.3
12 189.3
20 189.3
56 189.3
74 189.3
33 190.3
61 190.3
138 191.3
157 191.3
60 191.3
148 192.3
168 192.3
107 193.3
129 193.3
198 193.3
21 193.3
54 193.3
55 193.3
69 193.3
147 194.3
174 194.3
28 194.3
105 195.3
106 195.3
126 195.3
163 195.3
0 195.3
9 195.3
15 195.3
36 195.3
46 195.3
62 195.3
20 196.3
29 196.3
59 197.3
129 198.3
1 199.3
7 199.3
97 204
75 204
117 205
144 206
148 206
31 207
61 207
158 208
1 208
57 208
96 211
22 211
53 211
62 212
180 213
3 213
63 213
24 215
184 216
16 218
130 219
22 219
27 219
78 219
136 221
146 221
66 221
10 223
88 224
165 224
197 224
169 225
52 225
69 226
30 229
33 229
80 230
86 230
19 230
73 230
132 234
84 235
32 235
55 235
75 235
78 235
191 236
43 237
128 238
62 238
93 239
126 239
53 239
162 240
31 240
69 240
155 242
190 242
25 243
5 244
90 245
76 245
49 247
50 247
8 248
56 249
91 250
77 253
138 256
30 257
62 257
19 258
107 259
163 260
82 261
109 261
7 261
146 262
155 262
57 263
14 264
9 265
79 265
142 266
41 266
81 267
183 267
2 268
63 270
175 272
51 273
70 273
74 274
144 275
18 275
36 276
38 277
52 277
157 278
29 278
35 278
79 278
181 280
82 281
104 281
28 281
46 281
141 282
37 282
47 282
65 282
137 284
190 284
52 284
194 285
39 285
63 286
131 287
132 288
199 288
73 289
182 290
12 291
181 292
55 293
61 295
71 295
157 297
129 298
86 299
44 299
194 300
