87 1
185 1
188 1
116 2
150 3
161 3
7 3
36 4
160 5
44 5
68 5
135 6
166 6
191 6
43 6
89 8
82 9
100 9
111 9
152 10
26 10
31 10
40 11
72 12
99 13
178 13
188 13
3 15
184 17
86 18
195 19
8 19
28 19
149 20
98 22
57 22
13 24
43 24
41 25
69 26
3 27
32 28
147 29
156 29
1 29
10 30
16 31
64 31
189 32
28 32
20 33
168 34
27 34
177 36
98 38
125 38
151 38
16 38
19 38
133 42
17 42
49 42
68 42
155 43
62 43
103 44
72 44
15 45
162 46
55 46
187 47
6 48
39 48
196 51
170 52
67 52
144 53
198 54
73 54
102 55
175 55
9 56
150 57
12 57
27 57
33 57
8 58
41 59
56 59
58 59
15 62
172 63
42 63
40 64
153 66
107 67
170 67
8 67
52 68
6 70
191 71
19 72
42 72
3 74
65 74
82 75
164 75
194 75
72 75
90 76
76 76
179 77
51 77
1 78
55 78
39 79
64 79
15 81
138 82
11 83
70 83
79 83
45 85
179 86
110 87
76 88
23 91
26 92
138 95
37 95
45 95
60 96
73 97
87 98
174 98
189 98
62 98
7 99
63 99
168 100
111 101
143 101
164 101
179 101
182 101
25 101
29 101
90 102
174 103
11 103
31 103
41 103
56 103
71 103
108 104
106 105
142 105
19 105
21 105
77 105
92 106
95 106
119 106
188 106
54 106
98 107
136 107
160 107
177 107
16 107
40 107
65 107
118 108
134 108
155 108
194 108
15 108
33 108
35 108
55 108
69 108
72 108
113 109
4 109
63 109
96 110
105 110
120 110
14 110
28 110
37 110
126 111
149 111
3 111
66 111
119 112
5 112
27 112
38 112
73 112
80 113
10 113
20 113
121 114
167 114
179 114
31 114
42 114
54 114
75 114
148 115
0 115
2 115
26 115
54 115
111 116
46 116
61 116
176 117
21 117
25 117
32 118
153 119
3 119
39 119
48 119
60 119
65 119
99 120
147 120
155 120
157 120
17 120
22 120
59 120
78 120
89 121
112 121
125 121
180 121
1 121
22 121
29 121
30 121
44 121
76 121
105 122
131 122
142 122
146 122
159 122
161 122
20 122
49 122
50 122
26 123
178 124
37 124
45 124
171 125
14 125
40 125
117 126
120 126
147 126
160 126
163 126
24 126
86 127
141 127
9 127
21 127
23 127
28 127
62 127
70 127
72 127
154 128
175 128
4 128
11 128
13 128
32 128
52 128
68 128
148 129
192 129
0 129
15 129
48 129
65 129
18 130
79 130
39 131
66 132
158 133
24 133
45 133
115 134
160 134
17 134
35 134
43 134
78 134
171 135
10 135
77 135
118 136
170 136
5 136
7 136
16 136
85 137
89 137
129 137
175 138
197 138
48 138
179 139
47 139
54 139
59 139
81 140
70 140
132 141
155 141
18 141
29 141
60 141
162 142
165 142
30 142
37 142
63 142
108 143
186 143
36 143
53 143
62 143
104 144
42 144
57 144
92 145
95 145
129 145
160 145
21 145
171 146
9 146
16 146
46 146
47 146
123 147
131 147
154 147
157 147
164 147
169 147
2 147
14 147
39 147
45 147
51 147
65 147
143 148
117 149
32 149
56 149
118 150
136 150
138 150
29 150
40 151
121 152
183 152
20 152
52 152
53 152
80 153
112 153
167 153
1 153
4 153
12 153
31 153
48 153
62 153
78 153
93 154
122 154
164 154
189 154
22 154
27 154
34 154
75 154
105 155
130 155
21 155
27 155
35 155
54 155
68 155
77 155
86 156
144 156
173 156
28 156
96 157
23 157
47 157
63 157
74 157
120 159
162 159
185 159
19 159
155 160
174 160
3 160
13 160
29 160
48 160
160 161
5 161
14 161
37 161
78 161
91 162
136 162
16 162
25 162
44 162
60 162
143 163
148 163
179 163
192 163
67 163
165 164
10 164
21 164
110 165
124 165
177 165
6 165
24 165
33 165
55 165
15 166
70 166
106 167
186 167
196 167
189 168
17 168
27 168
34 168
45 168
74 168
92 169
116 169
126 169
153 169
173 169
193 169
30 169
80 170
134 170
73 170
138 171
84 172
26 172
32 172
75 172
86 173
113 173
8 173
33 173
66 173
81 174
120 174
159 174
171 174
181 174
35 174
44 174
47 174
48 174
65 174
125 175
142 175
147 175
184 175
5 175
23 175
28 175
49 175
53 175
72 175
151 176
3 176
52 176
13 177
92 178
129 178
144 178
4 178
15 178
17 178
41 178
20 179
31 179
54 179
6 180
30 180
75 180
78 180
22 181
26 181
61 181
63 181
71 181
79 181
83 182
136 182
138 182
155 182
159 182
195 182
1 182
38 182
80 183
118 183
5 184
7 184
39 184
57 184
140 185
47 185
58 185
179 186
25 186
66 186
67 186
101 187
166 187
197 187
10 187
90 188
100 188
108 188
128 188
152 188
161 188
15 188
16 188
40 188
55 188
59 188
151 189
14 189
23 189
41 189
51 189
172 190
153 191
26 191
135 192
152 192
173 192
8 192
81 193
86 193
99 193
123 193
164 193
49 193
50 193
102 194
105 194
118 194
198 194
11 194
22 194
52 194
67 194
68 194
78 194
79 194
146 195
30 195
77 195
113 196
25 196
57 196
60 196
61 196
76 196
114 197
141 197
0 197
7 197
36 197
43 197
37 198
54 198
152 199
58 199
91 200
143 200
10 200
20 200
23 200
49 200
68 200
149 201
4 201
6 201
7 202
94 203
107 204
89 205
193 206
198 206
15 206
79 206
17 207
84 209
186 209
32 209
138 210
115 211
176 211
179 211
111 212
63 212
64 212
165 213
20 213
52 214
93 215
7 216
16 216
128 217
65 217
49 218
62 218
11 219
13 219
58 219
118 220
136 222
154 222
149 223
168 223
190 223
25 223
95 224
123 224
180 224
41 224
117 225
21 225
189 227
137 228
140 231
69 231
9 233
141 234
49 235
10 236
36 237
30 238
34 241
35 241
48 241
178 243
94 244
142 244
6 244
36 244
71 244
61 245
106 246
149 246
9 246
30 246
80 247
179 247
12 247
76 247
51 248
125 249
80 253
87 253
48 253
141 254
146 254
154 254
3 254
97 255
185 257
173 259
73 259
199 260
45 262
59 262
31 263
103 264
149 264
34 265
71 265
77 265
162 266
42 266
93 267
9 267
20 267
3 268
48 268
63 268
140 269
62 269
84 270
128 271
86 272
137 272
124 273
146 273
41 273
156 274
187 274
58 274
166 275
16 276
69 276
13 277
179 278
42 279
73 279
181 281
36 281
185 282
4 282
38 282
51 283
66 283
10 284
40 284
166 286
55 286
30 287
37 287
52 287
142 288
80 289
155 291
76 291
40 292
144 293
13 293
165 294
178 294
36 294
74 295
45 296
68 297
57 298
1 299
132 300
23 300
44 300
