195 2
197 3
102 4
179 4
191 6
59 6
63 6
4 9
11 9
64 10
166 11
198 12
76 12
100 13
17 13
196 14
7 14
77 14
105 17
9 17
44 18
31 19
61 19
74 21
159 22
185 22
70 23
76 23
127 25
156 25
91 26
77 26
182 28
189 28
197 28
114 31
161 31
26 31
177 32
78 32
178 34
8 34
17 34
30 35
55 35
123 36
6 36
24 38
81 41
131 41
100 43
73 43
120 44
169 45
36 45
27 46
34 46
144 49
2 49
59 49
79 50
17 51
100 52
31 53
73 53
171 54
139 56
26 56
48 56
4 57
12 57
32 57
131 58
147 58
49 58
98 59
8 59
126 60
155 60
71 61
7 62
35 63
44 63
55 63
129 64
137 64
59 64
70 65
134 66
182 66
46 67
13 68
155 70
41 70
147 71
159 71
160 72
115 73
173 73
7 75
88 76
2 76
12 76
165 79
199 79
149 81
44 81
73 81
170 83
41 83
61 83
84 87
19 87
34 87
23 88
42 88
120 89
123 90
134 90
168 92
4 92
75 92
106 93
3 93
174 94
33 94
68 94
76 94
79 94
180 95
45 95
73 95
63 96
70 99
183 100
186 100.3
30 100.3
71 100.3
111 101.3
146 101.3
9 101.3
22 101.3
32 102.3
42 102.3
70 102.3
93 103.3
109 103.3
131 103.3
148 103.3
150 103.3
166 103.3
28 103.3
41 103.3
53 103.3
77 103.3
95 104.3
113 104.3
115 104.3
165 104.3
183 104.3
192 104.3
12 104.3
21 104.3
27 104.3
54 104.3
125 105.3
139 105.3
154 105.3
157 105.3
0 105.3
2 105.3
20 105.3
39 105.3
91 106.3
147 106.3
5 106.3
29 106.3
31 106.3
36 106.3
44 106.3
46 106.3
116 107.3
23 107.3
37 107.3
86 108.3
13 108.3
38 108.3
45 108.3
79 108.3
133 109.3
55 109.3
115 110.3
153 110.3
172 110.3
9 110.3
19 110.3
74 110.3
80 111.3
97 111.3
175 111.3
54 111.3
130 112.3
143 112.3
40 112.3
78 112.3
88 113.3
118 113.3
156 113.3
17 113.3
42 113.3
198 114.3
8 114.3
63 114.3
108 115.3
144 115.3
150 115.3
162 115.3
3 115.3
46 115.3
72 115.3
96 116.3
1 116.3
16 117.3
23 117.3
27 117.3
34 117.3
36 117.3
39 117.3
60 117.3
113 118.3
117 118.3
166 118.3
171 118.3
38 118.3
44 118.3
75 118.3
76 118.3
77 118.3
52 119.3
141 120.3
55 120.3
62 121.3
15 123.3
21 123.3
78 123.3
90 124.3
164 124.3
17 124.3
25 124.3
50 124.3
66 124.3
74 124.3
114 125.3
133 125.3
153 125.3
165 125.3
178 125.3
4 125.3
73 125.3
89 126.3
139 126.3
163 126.3
173 126.3
188 126.3
194 126.3
41 126.3
32 127.3
58 127.3
91 128.3
167 128.3
11 128.3
44 128.3
47 128.3
80 129.3
154 129.3
155 129.3
191 129.3
26 129.3
43 129.3
69 129.3
71 129.3
136 130.3
165 130.3
177 130.3
20 130.3
35 130.3
48 130.3
96 131.3
127 131.3
61 131.3
31 132.3
51 132.3
57 132.3
100 133.3
106 133.3
111 133.3
160 133.3
8 133.3
72 133.3
14 134.3
60 134.3
67 134.3
119 135.3
132 135.3
169 135.3
0 135.3
65 135.3
78 135.3
108 136.3
194 136.3
29 136.3
52 136.3
63 136.3
109 137.3
146 137.3
17 137.3
35 137.3
40 137.3
69 137.3
94 138.3
95 138.3
118 138.3
141 138.3
199 138.3
11 138.3
22 138.3
32 138.3
39 138.3
75 138.3
117 139.3
58 139.3
62 139.3
106 140.3
43 140.3
68 140.3
73 140.3
113 141.3
10 141.3
36 141.3
54 141.3
2 142.3
89 143.3
102 143.3
103 143.3
116 143.3
9 143.3
12 143.3
14 143.3
28 143.3
80 144.3
123 144.3
152 144.3
182 144.3
186 144.3
189 144.3
19 144.3
22 144.3
32 144.3
33 144.3
52 144.3
86 145.3
92 145.3
13 145.3
27 145.3
59 145.3
67 145.3
18 146.3
38 147.3
39 147.3
161 148.3
1 148.3
61 148.3
93 149.3
115 149.3
134 149.3
171 149.3
183 149.3
9 149.3
40 149.3
43 149.3
45 149.3
78 149.3
126 150.3
8 150.3
10 150.3
29 150.3
59 150.3
67 150.3
74 150.3
75 150.3
111 151.3
20 151.3
51 151.3
66 151.3
71 151.3
131 152.3
2 152.3
11 152.3
34 152.3
53 152.3
58 152.3
3 153.3
30 153.3
174 154.3
102 155.3
117 155.3
140 155.3
26 155.3
33 155.3
70 155.3
80 156.3
144 156.3
23 156.3
35 156.3
77 156.3
114 157.3
128 157.3
148 157.3
152 157.3
157 157.3
22 157.3
42 157.3
46 157.3
54 157.3
139 158.3
198 158.3
36 158.3
64 158.3
5 159.3
7 159.3
13 159.3
183 160.3
68 160.3
2 162.3
32 162.3
96 163.3
140 163.3
141 163.3
142 163.3
160 163.3
164 163.3
56 163.3
58 163.3
63 163.3
85 164.3
94 164.3
179 164.3
8 164.3
10 164.3
14 164.3
29 164.3
62 164.3
74 164.3
89 165.3
90 165.3
44 165.3
78 165.3
84 166.3
101 166.3
108 166.3
126 166.3
4 166.3
80 167.3
120 167.3
19 167.3
133 168.3
81 169.3
5 169.3
22 169.3
31 169.3
52 169.3
55 169.3
121 170.3
168 170.3
191 170.3
23 170.3
35 170.3
68 170.3
86 171.3
112 171.3
125 171.3
139 171.3
151 171.3
178 171.3
24 171.3
34 171.3
59 171.3
67 171.3
71 171.3
99 172.3
103 172.3
114 172.3
150 172.3
181 172.3
195 172.3
0 172.3
9 172.3
41 172.3
57 172.3
134 174.3
166 174.3
182 175.3
3 175.3
51 175.3
83 176.3
119 176.3
31 176.3
14 177.3
15 177.3
21 177.3
38 177.3
40 177.3
101 178.3
104 178.3
199 178.3
46 178.3
52 178.3
69 178.3
76 178.3
175 179.3
5 179.3
13 179.3
36 179.3
49 179.3
66 179.3
110 180.3
121 180.3
186 180.3
67 180.3
71 180.3
129 181.3
173 181.3
16 181.3
68 181.3
74 181.3
152 182.3
158 182.3
25 182.3
30 182.3
32 182.3
43 182.3
57 182.3
59 182.3
104 183.3
1 183.3
189 184.3
195 184.3
4 184.3
42 184.3
64 184.3
117 185.3
119 185.3
141 185.3
46 185.3
48 185.3
73 185.3
91 186.3
122 186.3
134 186.3
168 186.3
7 186.3
8 186.3
47 186.3
76 186.3
112 187.3
190 187.3
49 187.3
126 188.3
164 188.3
60 188.3
61 188.3
63 188.3
93 189.3
2 189.3
24 189.3
70 189.3
79 189.3
135 190.3
176 190.3
18 190.3
55 190.3
80 191.3
118 191.3
155 191.3
20 191.3
41 191.3
52 191.3
78 191.3
75 192.3
103 193.3
32 193.3
146 194.3
157 194.3
65 194.3
69 194.3
193 195.3
15 195.3
73 195.3
120 196.3
170 196.3
6 196.3
28 196.3
67 196.3
91 197.3
131 197.3
160 197.3
172 197.3
199 197.3
42 197.3
45 197.3
58 197.3
77 197.3
94 198.3
106 198.3
153 198.3
158 198.3
187 198.3
29 198.3
34 198.3
122 199.3
178 199.3
198 199.3
30 199.3
1 201
138 202
63 202
113 203
105 204
175 204
25 204
54 204
33 205
124 206
146 206
159 207
67 207
145 208
171 209
119 210
140 212
183 212
69 212
78 212
197 213
36 213
70 213
91 214
2 215
155 216
109 217
23 217
45 217
47 217
96 218
189 218
7 218
104 219
84 220
12 220
102 222
80 223
178 223
158 224
161 224
83 226
107 226
170 226
4 226
27 226
106 227
123 229
147 229
191 229
25 229
45 229
10 230
37 230
85 231
75 231
132 232
3 232
162 234
61 234
71 235
175 236
122 237
129 238
172 238
199 238
89 240
70 240
76 240
127 241
13 241
57 241
115 242
47 242
67 242
34 243
131 244
185 247
24 248
75 249
188 250
2 250
33 250
4 251
6 251
137 252
178 252
10 253
124 254
47 254
141 255
195 255
23 255
0 256
29 256
74 256
68 257
3 258
7 258
34 258
62 259
25 260
45 260
70 260
91 261
109 261
123 261
138 261
192 261
75 261
84 262
30 262
54 264
143 265
190 266
3 266
40 267
58 268
39 269
51 269
144 270
173 270
185 270
191 270
36 270
54 270
148 273
11 273
31 273
38 274
13 275
197 277
10 277
26 277
32 277
66 277
77 277
137 278
21 279
59 279
12 282
37 282
72 284
123 285
152 285
41 285
25 286
13 290
185 291
28 291
153 292
56 292
65 292
144 293
182 293
2 293
26 294
159 295
23 295
52 295
21 296
54 297
175 298
179 300
