57 2
77 2
32 3
26 4
92 5
52 5
64 7
176 9
193 9
8 9
37 9
198 10
18 11
30 12
181 13
9 13
19 13
77 15
32 18
106 21
40 23
54 23
20 25
28 25
75 25
80 26
103 27
128 27
35 27
47 28
60 28
72 31
100 32
21 32
78 32
29 33
57 33
183 35
120 37
124 37
2 37
15 37
59 37
134 38
41 38
52 40
19 42
133 44
171 44
68 44
25 45
176 46
80 47
94 47
159 48
77 49
129 50
64 50
195 52
57 52
193 53
4 53
5 53
39 53
22 54
31 54
68 54
1 55
7 55
12 55
52 55
113 56
118 56
72 56
25 57
81 58
114 59
10 59
61 59
3 60
60 61
62 61
178 62
65 62
133 63
186 63
192 63
87 64
187 64
33 65
74 65
78 65
56 66
93 67
36 67
64 68
116 69
158 69
6 70
23 70
54 70
0 71
13 71
40 71
71 71
1 72
191 74
199 76
65 77
131 80
82 81
112 83
52 83
56 83
75 83
43 84
53 84
92 85
192 87
32 87
34 87
104 89
163 89
64 90
11 92
50 93
161 94
39 95
159 97
7 97
34 97
112 98
168 99
15 99
62 99
18 100
128 101
137 101
165 101
176 101
190 101
3 101
19 101
38 101
52 101
62 101
70 101
142 102
167 102
169 102
182 102
22 102
25 102
42 102
50 102
168 103
175 103
186 103
37 103
56 103
63 103
23 104
151 105
166 105
20 105
79 105
172 106
18 106
59 106
117 107
122 107
159 107
199 107
6 107
36 107
61 107
109 108
191 108
12 108
37 108
51 108
66 108
183 109
10 109
21 109
56 109
157 110
187 110
41 110
60 110
78 111
92 112
95 112
141 112
160 112
131 113
23 113
31 113
62 113
100 114
107 114
152 114
8 114
16 114
21 114
27 114
48 114
74 114
77 114
104 115
110 115
139 115
25 115
26 115
53 115
68 115
5 116
47 116
49 116
55 116
59 116
114 117
145 117
3 117
46 117
99 118
15 118
50 118
111 119
113 119
138 119
13 119
93 120
160 120
39 120
44 120
127 121
163 121
173 121
188 121
14 121
71 121
133 122
12 122
28 122
31 122
38 122
52 122
70 122
79 122
98 123
120 123
18 123
29 123
67 123
85 124
94 124
97 124
32 124
54 125
118 126
146 126
166 126
167 126
44 126
48 126
75 126
78 126
125 127
143 127
17 127
25 127
36 127
40 127
41 127
56 127
62 127
82 128
89 128
119 128
164 128
42 128
68 128
70 128
79 128
108 129
150 129
35 129
84 130
124 130
141 130
162 130
55 130
66 130
158 131
23 131
24 131
58 131
134 132
15 132
28 132
140 133
22 133
34 133
47 133
51 133
65 133
82 134
104 134
113 134
129 134
133 134
153 134
179 134
5 134
32 134
74 134
123 135
142 135
191 135
16 135
31 135
45 135
167 136
27 136
114 137
148 137
75 137
50 139
68 139
81 140
87 140
163 140
180 140
42 140
69 140
90 141
138 141
194 141
16 141
26 141
34 141
178 142
7 142
77 142
95 143
190 143
37 143
52 143
59 143
65 143
78 143
2 144
89 145
156 145
55 145
58 145
62 145
82 146
123 146
33 146
9 147
13 147
18 147
19 147
31 147
36 147
38 147
80 148
102 148
106 148
130 148
28 148
56 148
87 149
99 149
133 149
15 149
40 149
51 149
71 149
105 150
10 150
92 151
63 151
74 151
163 152
182 152
116 153
132 153
11 153
29 153
39 153
46 153
50 153
66 153
77 153
128 154
131 154
189 154
59 154
68 154
76 154
146 155
152 155
195 155
19 155
53 155
55 155
82 156
89 156
97 156
184 156
4 156
31 156
52 156
85 157
101 157
180 157
9 157
20 157
38 157
51 157
81 158
32 158
64 158
87 159
193 159
8 159
13 159
28 159
160 160
0 160
24 160
45 160
66 160
79 160
83 161
84 161
115 161
150 161
153 161
163 161
178 161
22 161
37 161
88 162
106 162
110 162
175 162
185 162
56 162
112 163
162 163
14 163
26 163
58 163
135 164
167 164
187 164
198 164
57 164
102 165
159 165
32 165
97 166
176 166
40 166
74 166
131 167
137 167
18 167
29 167
94 168
101 168
27 168
54 168
60 168
70 168
140 169
180 169
197 169
30 169
130 170
0 171
108 172
126 172
160 172
168 172
46 172
77 172
79 172
122 173
169 173
28 173
75 173
104 174
120 174
163 174
45 174
59 174
85 175
99 175
135 175
148 175
182 175
1 175
2 175
20 175
40 175
41 175
90 176
181 176
13 176
35 176
63 176
152 177
166 177
14 177
32 177
66 177
72 178
106 179
198 179
33 179
55 179
70 179
173 180
186 180
189 180
3 180
10 180
15 180
18 180
74 180
97 181
127 181
155 181
162 181
11 181
30 181
39 181
49 181
67 181
140 182
153 182
159 182
4 182
43 182
65 182
119 183
38 183
60 183
71 183
94 184
122 184
172 184
16 184
54 184
90 185
187 185
101 186
21 186
37 186
85 187
143 187
158 187
25 187
44 187
75 187
78 187
79 187
123 188
131 188
148 188
24 188
33 188
62 188
64 188
76 188
160 189
23 189
31 189
59 189
184 190
10 190
12 190
112 191
121 191
135 191
15 191
156 192
192 193
199 193
2 193
116 194
117 194
138 194
146 194
161 194
28 194
48 194
108 195
114 195
9 195
34 195
36 195
94 196
147 196
166 196
38 196
71 196
16 197
155 198
44 198
46 198
61 198
77 198
133 199
191 199
6 199
19 199
50 199
164 200
5 200
17 200
30 200
52 200
79 200
91 202
17 202
155 203
18 203
183 204
162 206
44 206
60 206
136 207
11 207
72 207
197 208
3 208
34 208
119 209
124 209
185 211
115 213
47 213
79 213
14 214
2 216
11 216
55 216
31 217
43 218
39 220
46 221
15 223
116 224
153 224
182 224
155 226
158 226
3 226
36 226
53 227
7 228
152 229
177 229
24 229
50 230
100 231
169 231
62 231
123 232
3 233
165 235
4 235
193 237
141 240
97 241
124 242
54 242
65 243
68 243
23 244
29 244
40 244
170 245
14 246
15 246
24 246
39 246
11 248
98 249
45 249
150 251
151 251
22 251
159 252
17 252
77 252
13 254
71 254
89 255
156 255
181 255
21 257
66 257
72 257
26 259
51 259
130 260
195 260
5 262
27 262
120 263
33 264
91 265
188 265
29 265
151 266
2 266
10 266
105 267
139 267
45 267
128 268
145 268
173 268
193 268
32 268
76 268
93 269
167 269
8 269
61 269
48 270
12 271
52 271
62 271
157 272
195 274
91 275
42 275
29 277
31 277
125 278
174 278
27 278
128 279
179 279
14 281
45 281
53 281
134 282
176 282
34 283
66 283
15 284
104 285
118 285
165 286
9 286
58 288
76 288
81 290
196 291
47 291
82 292
139 294
156 295
43 295
6 297
51 297
60 297
66 297
16 298
95 299
21 299
57 300
