9 2
23 2
44 2
40 4
79 4
143 5
4 5
18 6
198 8
151 10
26 10
71 10
87 12
117 16
126 16
153 16
193 16
134 18
39 18
48 19
28 20
3 21
9 21
72 22
90 24
113 24
162 24
1 24
23 24
169 25
47 25
51 25
178 26
197 27
30 27
73 28
17 29
108 30
72 31
32 32
26 35
129 36
35 36
6 38
58 39
89 40
128 40
46 40
111 41
175 41
155 42
181 42
22 42
87 44
51 45
69 46
79 47
109 48
191 49
73 52
51 53
147 54
62 54
91 55
166 55
22 55
82 56
170 56
75 56
106 57
158 58
168 58
2 59
48 59
14 61
65 61
152 63
5 63
20 64
100 65
197 66
32 67
62 67
82 68
9 68
121 69
44 69
15 70
23 71
68 71
171 73
186 73
64 73
188 74
33 74
19 75
74 75
105 76
47 77
50 77
169 80
12 80
135 82
143 82
146 82
13 82
57 82
75 83
188 85
162 87
48 87
180 88
153 89
63 89
45 91
52 91
188 93
191 93
75 93
140 94
21 94
40 97
125 98
5 100.7
7 100.7
39 100.7
57 100.7
140 101.7
47 101.7
58 101.7
179 102.7
25 102.7
66 102.7
67 102.7
101 103.7
166 103.7
197 103.7
10 103.7
90 104.7
100 104.7
108 104.7
128 104.7
152 104.7
161 104.7
15 104.7
16 104.7
40 104.7
55 104.7
59 104.7
151 105.7
14 105.7
23 105.7
41 105.7
51 105.7
172 106.7
153 107.7
26 107.7
135 108.7
152 108.7
173 108.7
8 108.7
81 109.7
86 109.7
99 109.7
123 109.7
164 109.7
49 109.7
50 109.7
102 110.7
105 110.7
118 110.7
198 110.7
11 110.7
22 110.7
52 110.7
67 110.7
68 110.7
78 110.7
79 110.7
146 111.7
30 111.7
77 111.7
113 112.7
25 112.7
57 112.7
60 112.7
61 112.7
76 112.7
114 113.7
141 113.7
0 113.7
7 113.7
36 113.7
43 113.7
37 114.7
54 114.7
152 115.7
58 115.7
91 116.7
143 116.7
10 116.7
20 116.7
23 116.7
49 116.7
68 116.7
105 117.7
145 117.7
196 117.7
9 117.7
18 117.7
29 117.7
59 117.7
62 117.7
63 117.7
2 118.7
12 118.7
195 119.7
16 119.7
32 119.7
74 119.7
95 120.7
151 120.7
194 120.7
44 120.7
56 120.7
164 121.7
42 121.7
53 121.7
170 122.7
6 122.7
55 122.7
64 122.7
115 123.7
123 123.7
156 123.7
174 123.7
185 123.7
193 123.7
3 123.7
4 123.7
11 123.7
39 123.7
41 123.7
67 123.7
98 124.7
110 124.7
111 124.7
125 124.7
153 124.7
159 124.7
167 124.7
23 124.7
38 124.7
40 124.7
46 124.7
52 124.7
66 124.7
76 124.7
104 125.7
118 125.7
122 125.7
137 125.7
142 125.7
22 125.7
48 125.7
54 125.7
71 125.7
74 125.7
134 126.7
79 126.7
199 127.7
8 127.7
102 128.7
169 128.7
6 128.7
14 128.7
59 129.7
140 130.7
19 130.7
20 130.7
21 130.7
27 130.7
35 130.7
52 130.7
84 131.7
121 131.7
142 131.7
163 131.7
168 131.7
187 131.7
58 131.7
78 131.7
4 132.7
16 132.7
60 132.7
63 132.7
68 132.7
0 133.7
12 133.7
38 133.7
131 134.7
137 134.7
196 134.7
11 134.7
17 134.7
75 134.7
118 135.7
127 135.7
150 135.7
152 135.7
32 135.7
33 135.7
43 135.7
116 136.7
157 136.7
185 136.7
46 136.7
48 136.7
56 136.7
62 136.7
100 137.7
113 137.7
182 137.7
188 137.7
194 137.7
34 137.7
55 137.7
66 137.7
73 137.7
74 137.7
26 138.7
72 138.7
61 139.7
71 139.7
96 140.7
99 140.7
183 140.7
12 140.7
50 140.7
59 140.7
25 141.7
94 142.7
119 142.7
144 143.7
65 143.7
90 144.7
118 144.7
153 144.7
159 144.7
192 144.7
3 144.7
16 144.7
19 144.7
37 144.7
53 144.7
60 144.7
68 144.7
156 145.7
185 145.7
17 145.7
80 146.7
4 146.7
5 146.7
49 146.7
179 147.7
35 147.7
40 147.7
167 148.7
180 148.7
1 148.7
6 148.7
15 148.7
20 148.7
23 148.7
30 148.7
58 148.7
66 148.7
101 149.7
141 149.7
45 149.7
77 149.7
186 150.7
34 150.7
56 150.7
75 150.7
76 150.7
111 151.7
173 151.7
4 151.7
7 151.7
44 151.7
55 151.7
79 151.7
81 152.7
118 152.7
143 152.7
157 152.7
175 152.7
196 152.7
126 153.7
132 153.7
74 153.7
148 154.7
185 154.7
14 154.7
51 154.7
33 155.7
66 155.7
120 156.7
133 156.7
153 156.7
160 156.7
11 156.7
110 157.7
178 157.7
193 157.7
197 157.7
5 157.7
21 157.7
59 157.7
107 158.7
187 158.7
15 158.7
42 158.7
48 158.7
111 159.7
24 160.7
63 160.7
64 160.7
86 161.7
50 161.7
58 161.7
99 162.7
177 162.7
198 162.7
3 162.7
9 162.7
41 162.7
82 163.7
117 163.7
146 164.7
199 164.7
0 164.7
11 164.7
32 164.7
43 164.7
77 164.7
148 165.7
62 165.7
67 165.7
71 165.7
116 166.7
36 166.7
45 166.7
55 166.7
76 166.7
141 167.7
2 168.7
91 169.7
179 169.7
29 169.7
54 169.7
79 169.7
83 170.7
87 170.7
127 170.7
128 170.7
144 170.7
192 170.7
193 170.7
195 170.7
38 170.7
41 170.7
47 170.7
109 171.7
117 171.7
185 171.7
186 171.7
8 171.7
17 171.7
20 171.7
34 171.7
37 171.7
60 171.7
65 171.7
71 171.7
114 172.7
132 172.7
137 172.7
157 172.7
18 172.7
63 172.7
66 172.7
69 172.7
70 172.7
77 172.7
3 173.7
15 173.7
50 173.7
93 174.7
99 174.7
88 175.7
100 175.7
120 175.7
136 175.7
39 175.7
95 176.7
145 176.7
183 176.7
64 176.7
94 177.7
178 177.7
194 177.7
1 177.7
25 177.7
61 177.7
131 178.7
184 178.7
142 179.7
31 179.7
32 179.7
44 179.7
48 179.7
47 180.7
49 180.7
132 181.7
2 181.7
113 182.7
121 182.7
160 182.7
40 182.7
46 182.7
79 182.7
102 183.7
187 183.7
26 183.7
29 183.7
42 183.7
98 184.7
134 184.7
189 184.7
190 184.7
37 184.7
43 184.7
52 184.7
71 184.7
74 184.7
78 184.7
130 185.7
173 185.7
176 185.7
0 185.7
3 185.7
55 185.7
75 185.7
13 186.7
99 187.7
135 187.7
151 187.7
175 187.7
18 187.7
45 187.7
54 187.7
62 187.7
70 187.7
57 188.7
67 188.7
145 189.7
166 189.7
1 189.7
6 189.7
107 190.7
150 190.7
161 190.7
194 190.7
7 190.7
14 190.7
17 190.7
47 190.7
53 190.7
76 190.7
77 190.7
124 191.7
156 191.7
3 191.7
36 191.7
44 191.7
51 191.7
59 191.7
92 192.7
168 192.7
177 192.7
5 192.7
24 192.7
52 192.7
97 193.7
158 193.7
1 193.7
163 195.7
193 195.7
6 195.7
28 195.7
33 195.7
106 196.7
138 196.7
171 196.7
8 196.7
24 196.7
32 196.7
55 196.7
119 197.7
153 197.7
157 197.7
3 197.7
27 197.7
0 198.7
15 198.7
21 198.7
62 198.7
147 199.7
23 199.7
49 199.7
56 199.7
56 201
111 202
11 203
116 204
3 205
15 207
63 207
66 207
39 210
13 211
170 212
4 212
172 214
15 215
79 215
131 216
27 218
3 219
132 220
121 221
181 222
38 222
168 223
1 224
51 224
79 224
11 225
37 225
17 226
145 228
58 228
64 228
54 230
65 230
19 231
155 232
6 232
150 233
63 234
88 235
133 235
114 236
188 237
193 237
163 240
41 241
123 242
199 242
15 242
143 243
144 243
3 243
10 243
39 243
60 245
159 246
76 247
47 254
51 254
167 255
61 257
65 257
182 258
67 259
12 261
164 262
141 263
179 263
7 263
65 263
152 264
18 264
34 264
56 264
48 265
110 267
50 267
51 267
125 268
158 268
163 268
186 268
95 269
114 269
112 270
170 270
61 270
142 272
28 274
9 275
169 277
84 280
85 280
132 281
73 281
145 282
69 282
59 283
147 284
192 285
34 285
61 285
112 286
153 286
179 286
83 287
117 287
21 287
82 288
22 288
32 288
2 289
4 289
41 289
76 289
150 290
72 290
79 290
157 291
20 291
156 292
13 293
33 293
85 294
166 294
172 294
130 295
106 296
11 298
39 298
187 299
173 300
14 300
