348 1
1303 1
502 2
2214 2
2002 3
803 4
1329 4
85 5
333 5
580 5
1507 5
267 6
650 6
1538 6
168 7
270 7
258 9
440 9
1542 9
1621 9
191 10
1443 10
1724 10
750 11
1237 11
458 12
584 12
763 12
2218 13
1152 13
2100 14
2140 14
868 16
2004 16
247 17
830 17
899 17
1852 17
367 18
1763 18
1415 20
1967 20
287 21
448 21
789 21
2050 21
1254 22
671 23
1788 23
2185 24
1481 24
1488 24
260 25
2140 26
1508 26
322 27
609 27
1835 27
1984 27
247 28
1255 28
385 29
1972 29
2081 30
2204 30
1335 30
1316 31
818 32
855 32
549 33
2070 33
1312 34
1708 34
2093 35
1787 37
371 38
395 38
552 38
1527 38
33 39
743 39
2137 39
54 40
1735 40
349 41
439 41
281 42
260 43
285 43
1630 43
1969 43
343 44
1330 44
70 45
410 45
2002 45
2107 46
1427 46
1524 46
1972 46
53 48
246 48
358 48
741 49
1357 49
1921 49
2089 50
1366 50
109 53
1253 54
1134 55
1357 55
580 56
154 57
980 57
1781 57
1928 57
701 59
2160 59
2182 62
748 63
1494 63
1877 64
1443 65
1032 66
1334 66
2015 67
222 68
388 68
2009 68
783 69
1155 69
411 70
1109 70
2238 70
398 71
1616 71
2031 72
747 73
1338 73
1702 74
393 75
2188 75
1652 75
1121 76
1477 76
1546 79
1666 81
1574 83
203 84
404 84
1261 84
280 85
1774 85
1967 85
690 88
71 91
577 92
655 92
1186 92
74 93
1544 93
1241 94
1136 95
1497 95
1164 96
1897 96
6 97
1859 97
36 98
1457 98
782 99
432 100
2169 100
1419 100
123 101
129 101
228 101
241 101
350 101
352 101
604 101
626 101
642 101
651 101
755 101
758 101
788 101
864 101
931 101
1003 101
1017 101
1018 101
1045 101
1277 101
1292 101
1398 101
1478 101
1574 101
1576 101
1731 101
1931 101
2133 101
24 102
852 102
860 102
877 102
995 102
996 102
1109 102
1198 102
1228 102
1367 102
1621 102
1715 102
1754 102
1867 102
1947 102
2167 102
282 103
499 103
538 103
555 103
615 103
654 103
733 103
816 103
1126 103
1127 103
1169 103
1257 103
1358 103
1527 103
2004 103
261 104
607 104
639 104
707 104
894 104
994 104
1075 104
1123 104
1453 104
1569 104
1857 104
1994 104
223 105
332 105
457 105
585 105
750 105
761 105
763 105
1101 105
1208 105
1612 105
107 106
393 106
415 106
553 106
754 106
985 106
1082 106
1247 106
1298 106
1509 106
1847 106
1999 106
2118 106
43 107
211 107
294 107
324 107
325 107
426 107
529 107
633 107
687 107
755 107
831 107
865 107
927 107
1088 107
1129 107
1252 107
1362 107
1384 107
1671 107
2100 107
2153 107
7 108
90 108
138 108
185 108
321 108
445 108
523 108
548 108
695 108
890 108
943 108
977 108
1020 108
1133 108
1181 108
1182 108
1380 108
1468 108
1663 108
1707 108
1781 108
1828 108
1990 108
2079 108
23 109
296 109
718 109
837 109
1044 109
1062 109
1132 109
1217 109
1281 109
1491 109
1542 109
1642 109
1842 109
1942 109
1967 109
2204 109
259 110
939 110
1072 110
1125 110
1220 110
1283 110
1403 110
1563 110
1615 110
1938 110
2182 110
128 111
972 111
1051 111
1142 111
1161 111
1173 111
1438 111
1485 111
2150 111
467 112
1140 112
1296 112
1430 112
1447 112
1539 112
92 113
98 113
286 113
382 113
655 113
809 113
990 113
1254 113
1357 113
1561 113
1562 113
1954 113
61 114
238 114
829 114
830 114
854 114
879 114
886 114
911 114
980 114
1000 114
1058 114
1094 114
1124 114
1137 114
1171 114
1194 114
1224 114
1398 114
1578 114
1822 114
1852 114
1866 114
1896 114
1899 114
1979 114
116 115
117 115
160 115
170 115
221 115
406 115
440 115
483 115
531 115
626 115
790 115
907 115
945 115
948 115
956 115
957 115
981 115
1010 115
1267 115
1761 115
1792 115
1884 115
1925 115
2040 115
2215 115
43 116
104 116
153 116
214 116
471 116
662 116
808 116
832 116
875 116
1009 116
1113 116
1250 116
1463 116
1673 116
1747 116
1791 116
1973 116
2027 116
1496 117
1680 117
59 118
96 118
350 118
641 118
964 118
1102 118
1134 118
1265 118
1324 118
1691 118
1861 118
385 119
443 119
451 119
571 119
600 119
734 119
1191 119
1209 119
1489 119
2108 119
2207 119
2214 119
42 120
165 120
292 120
308 120
499 120
605 120
652 120
657 120
745 120
912 120
934 120
999 120
1077 120
1083 120
1086 120
1093 120
1128 120
1341 120
1651 120
1793 120
2019 120
2071 120
2200 120
47 121
101 121
121 121
257 121
277 121
351 121
446 121
539 121
633 121
665 121
686 121
766 121
784 121
937 121
1061 121
1160 121
1164 121
1192 121
1233 121
1484 121
1607 121
1667 121
2041 121
2110 121
2127 121
2165 121
2212 121
2227 121
129 122
294 122
373 122
420 122
437 122
481 122
575 122
660 122
699 122
976 122
1005 122
1105 122
1154 122
1162 122
1173 122
1234 122
1237 122
1367 122
1674 122
1745 122
1913 122
2002 122
207 123
373 123
398 123
771 123
1068 123
1143 123
1203 123
1219 123
1296 123
1821 123
1856 123
1858 123
388 124
522 124
1031 124
1212 124
1241 124
1588 124
1945 124
1965 124
251 125
435 125
540 125
642 125
774 125
853 125
893 125
1063 125
1091 125
1106 125
1239 125
1335 125
1351 125
1369 125
1450 125
1598 125
105 126
166 126
197 126
409 126
625 126
664 126
1070 126
1123 126
1169 126
1199 126
1218 126
1395 126
1617 126
1689 126
1797 126
1799 126
1867 126
1953 126
84 127
122 127
179 127
242 127
353 127
359 127
376 127
395 127
441 127
480 127
541 127
748 127
1062 127
1066 127
1076 127
1114 127
1135 127
1171 127
1202 127
1246 127
1249 127
1265 127
1280 127
1334 127
1414 127
1637 127
1673 127
1685 127
1859 127
1873 127
2009 127
2203 127
2205 127
33 128
74 128
162 128
346 128
407 128
456 128
656 128
692 128
794 128
821 128
1052 128
1152 128
1166 128
1181 128
1192 128
1205 128
1208 128
1230 128
1248 128
1276 128
1283 128
1308 128
1314 128
1403 128
1482 128
1627 128
1700 128
1820 128
1823 128
2065 128
15 129
151 129
360 129
362 129
565 129
742 129
967 129
1109 129
1162 129
1174 129
1184 129
1225 129
1267 129
1578 129
1669 129
1710 129
1863 129
1876 129
2064 129
107 130
729 130
735 130
772 130
784 130
1121 130
1178 130
1235 130
1252 130
1293 130
1313 130
1359 130
1619 130
1747 130
1952 130
2204 130
563 131
814 131
1368 131
1933 131
1982 131
489 132
1043 132
1128 132
1141 132
1187 132
1257 132
1721 132
1960 132
2139 132
2 133
262 133
274 133
306 133
419 133
936 133
1130 133
1155 133
1177 133
1226 133
1239 133
1263 133
1608 133
1756 133
2207 133
64 134
126 134
368 134
374 134
404 134
496 134
816 134
1144 134
1273 134
1278 134
1312 134
1322 134
1336 134
1339 134
1429 134
1444 134
1446 134
1630 134
1636 134
1643 134
1655 134
1886 134
2063 134
7 135
48 135
69 135
83 135
465 135
528 135
560 135
773 135
835 135
840 135
1035 135
1082 135
1084 135
1103 135
1133 135
1170 135
1199 135
1207 135
1294 135
1476 135
1516 135
1656 135
1683 135
1763 135
1910 135
1924 135
2028 135
2061 135
2211 135
42 136
49 136
51 136
429 136
434 136
1129 136
1448 136
1475 136
1771 136
2045 136
2067 136
2195 136
1061 137
1139 137
1240 137
1894 137
424 138
514 138
567 138
1203 138
1274 138
123 139
232 139
1070 139
1140 139
1389 139
1614 139
1626 139
1729 139
201 140
220 140
243 140
269 140
472 140
677 140
784 140
816 140
1045 140
1223 140
1432 140
1449 140
1536 140
1846 140
1906 140
14 141
21 141
334 141
368 141
471 141
555 141
821 141
870 141
1096 141
1125 141
1167 141
1188 141
1216 141
1221 141
1252 141
1292 141
1317 141
1331 141
1345 141
1347 141
1353 141
1423 141
1452 141
1578 141
1666 141
1790 141
1874 141
1927 141
2044 141
150 142
282 142
363 142
583 142
615 142
740 142
780 142
1166 142
1181 142
1200 142
1336 142
1412 142
1559 142
1729 142
1890 142
2016 142
214 143
238 143
288 143
454 143
495 143
706 143
741 143
1238 143
1272 143
1284 143
1346 143
1380 143
1672 143
1741 143
2174 143
79 144
734 144
1150 144
1179 144
1258 144
1437 144
1458 144
1748 144
1774 144
1855 144
1938 144
2138 144
2215 144
188 145
320 145
393 145
735 145
755 145
830 145
1006 145
1289 145
1394 145
1612 145
1631 145
1699 145
1892 145
2012 145
78 146
80 146
249 146
508 146
686 146
714 146
1191 146
1220 146
1267 146
1365 146
1377 146
1563 146
1988 146
2010 146
146 147
280 147
424 147
486 147
510 147
556 147
1170 147
1186 147
1236 147
1262 147
1276 147
1359 147
1403 147
1415 147
1652 147
1783 147
2071 147
2086 147
269 148
275 148
323 148
331 148
364 148
501 148
856 148
1097 148
1174 148
1201 148
1231 148
1291 148
1294 148
1299 148
1329 148
1570 148
1684 148
1755 148
1761 148
1816 148
1882 148
1907 148
2022 148
2194 148
197 149
219 149
246 149
250 149
388 149
531 149
718 149
719 149
1065 149
1118 149
1151 149
1160 149
1224 149
1246 149
1301 149
1333 149
1342 149
1399 149
1500 149
1714 149
1996 149
2206 149
126 150
1056 150
1172 150
1240 150
1245 150
1561 150
1590 150
1845 150
1897 150
131 151
1250 151
1395 151
1427 151
1758 151
1771 151
118 152
372 152
602 152
652 152
750 152
1154 152
1269 152
1290 152
1336 152
1366 152
1435 152
1480 152
1510 152
1888 152
2090 152
148 153
363 153
367 153
539 153
939 153
1225 153
1252 153
1281 153
1304 153
1354 153
1377 153
1574 153
1614 153
2023 153
2067 153
2102 153
2128 153
2 154
29 154
38 154
86 154
127 154
152 154
198 154
205 154
217 154
336 154
369 154
497 154
647 154
656 154
666 154
708 154
755 154
766 154
895 154
1017 154
1086 154
1110 154
1159 154
1216 154
1282 154
1285 154
1305 154
1397 154
1428 154
1475 154
1488 154
1646 154
1666 154
1675 154
1958 154
2110 154
16 155
27 155
164 155
195 155
199 155
229 155
291 155
318 155
437 155
443 155
460 155
576 155
590 155
835 155
1029 155
1129 155
1147 155
1162 155
1248 155
1338 155
1348 155
1358 155
1393 155
1414 155
1460 155
1461 155
1468 155
1478 155
1540 155
1655 155
1712 155
1747 155
1795 155
1881 155
2009 155
2100 155
2168 155
2196 155
370 156
476 156
626 156
774 156
1178 156
1229 156
1445 156
1465 156
1622 156
1628 156
1667 156
1689 156
2022 156
2101 156
449 157
522 157
840 157
1092 157
1343 157
1389 157
1554 157
1957 157
133 158
510 158
511 158
751 158
1177 158
1214 158
1319 158
1420 158
1493 158
1728 158
1808 158
2010 158
245 159
320 159
359 159
560 159
657 159
775 159
1231 159
1241 159
1243 159
1270 159
1286 159
1304 159
1381 159
1479 159
1538 159
1549 159
1743 159
1754 159
1882 159
1931 159
1999 159
2197 159
265 160
270 160
940 160
1193 160
1207 160
1257 160
1307 160
1308 160
1323 160
1392 160
1412 160
1418 160
1442 160
1491 160
1829 160
2160 160
34 161
76 161
144 161
155 161
293 161
327 161
428 161
716 161
723 161
1086 161
1138 161
1195 161
1227 161
1238 161
1258 161
1278 161
1292 161
1380 161
1383 161
1435 161
1437 161
1439 161
1492 161
1520 161
1566 161
1571 161
1599 161
1896 161
2181 161
217 162
451 162
787 162
848 162
859 162
960 162
1291 162
1305 162
1378 162
1402 162
1513 162
1569 162
1591 162
1617 162
1691 162
194 163
276 163
324 163
1103 163
1120 163
1222 163
1223 163
1265 163
1331 163
1512 163
1525 163
1724 163
509 164
588 164
1096 164
1244 164
1306 164
1901 164
24 165
228 165
548 165
1142 165
1390 165
2019 165
2033 165
84 166
576 166
580 166
741 166
1087 166
1239 166
1260 166
1319 166
1341 166
1348 166
1421 166
1457 166
1590 166
1641 166
1643 166
1698 166
1914 166
1969 166
2148 166
10 167
54 167
81 167
95 167
269 167
432 167
441 167
583 167
653 167
1072 167
1289 167
1339 167
1346 167
1449 167
1456 167
1471 167
1483 167
1494 167
1508 167
1515 167
1552 167
1613 167
1635 167
1704 167
1709 167
1757 167
1832 167
1922 167
1930 167
1994 167
2042 167
2231 167
74 168
86 168
106 168
212 168
243 168
308 168
377 168
464 168
514 168
558 168
568 168
683 168
821 168
839 168
1152 168
1172 168
1200 168
1205 168
1250 168
1264 168
1324 168
1325 168
1387 168
1402 168
1408 168
1410 168
1414 168
1496 168
1518 168
1536 168
1556 168
1578 168
1606 168
1744 168
1785 168
1810 168
1843 168
2037 168
2133 168
2134 168
143 169
393 169
439 169
629 169
840 169
1213 169
1436 169
1517 169
1539 169
1553 169
1671 169
252 170
356 170
508 170
510 170
539 170
672 170
1141 170
1147 170
1185 170
1206 170
1293 170
1333 170
1976 170
2127 170
529 171
538 171
769 171
1391 171
1468 171
1477 171
1563 171
48 172
147 172
619 172
1124 172
1303 172
1331 172
1376 172
1555 172
1824 172
2147 172
2174 172
5 173
292 173
466 173
477 173
497 173
523 173
553 173
750 173
798 173
1281 173
1343 173
1439 173
1441 173
1529 173
1582 173
1692 173
83 174
131 174
233 174
278 174
525 174
725 174
779 174
1222 174
1254 174
1270 174
1402 174
1409 174
1421 174
1445 174
1478 174
1499 174
1547 174
1584 174
1625 174
1714 174
1796 174
1865 174
1894 174
1963 174
1971 174
2080 174
77 175
186 175
209 175
260 175
269 175
364 175
447 175
474 175
817 175
1147 175
1175 175
1282 175
1364 175
1373 175
1479 175
1506 175
1514 175
1665 175
1722 175
1846 175
1915 175
2092 175
2141 175
193 176
357 176
383 176
397 176
418 176
460 176
502 176
518 176
667 176
1131 176
1176 176
1209 176
1282 176
1309 176
1312 176
1386 176
1437 176
1503 176
1505 176
1615 176
1662 176
1734 176
1808 176
1995 176
367 177
547 177
615 177
622 177
628 177
795 177
850 177
1033 177
1196 177
1229 177
1388 177
1456 177
1551 177
377 178
404 178
559 178
754 178
1346 178
1500 178
1581 178
1637 178
1653 178
1742 178
1799 178
218 179
238 179
242 179
245 179
410 179
574 179
596 179
697 179
732 179
828 179
864 179
1211 179
1406 179
1564 179
1612 179
1695 179
1704 179
1841 179
1944 179
17 180
444 180
776 180
811 180
1012 180
1204 180
1289 180
1345 180
1367 180
1472 180
1489 180
1523 180
1557 180
1565 180
1641 180
1675 180
1724 180
2116 180
2195 180
2210 180
54 181
130 181
283 181
355 181
391 181
540 181
759 181
875 181
1311 181
1336 181
1422 181
1550 181
1582 181
1658 181
1789 181
1877 181
1897 181
1912 181
2042 181
2153 181
2158 181
2174 181
2207 181
97 182
380 182
430 182
439 182
632 182
658 182
766 182
802 182
853 182
1060 182
1152 182
1219 182
1277 182
1372 182
1490 182
1580 182
1702 182
1767 182
1772 182
1845 182
1900 182
1941 182
1949 182
70 183
206 183
208 183
337 183
517 183
774 183
1250 183
1303 183
1360 183
1380 183
1617 183
1714 183
1747 183
1972 183
203 184
428 184
1626 184
1777 184
2023 184
36 185
741 185
808 185
864 185
1304 185
1359 185
1482 185
1531 185
1588 185
1677 185
1718 185
1752 185
1826 185
2117 185
2234 185
136 186
186 186
211 186
382 186
730 186
914 186
1276 186
1342 186
1351 186
1454 186
1494 186
1501 186
1505 186
1553 186
1849 186
1893 186
1923 186
2018 186
2231 186
120 187
226 187
274 187
305 187
469 187
610 187
668 187
738 187
817 187
1183 187
1208 187
1332 187
1333 187
1352 187
1355 187
1373 187
1396 187
1469 187
1495 187
1573 187
1605 187
1631 187
1730 187
1855 187
1950 187
2003 187
2119 187
2126 187
0 188
109 188
174 188
192 188
414 188
501 188
549 188
858 188
1137 188
1142 188
1185 188
1197 188
1302 188
1340 188
1365 188
1378 188
1388 188
1394 188
1399 188
1438 188
1509 188
1542 188
1558 188
1587 188
1611 188
1625 188
1650 188
1764 188
1797 188
1891 188
1894 188
2064 188
2159 188
78 189
85 189
131 189
231 189
308 189
339 189
400 189
576 189
720 189
811 189
1236 189
1259 189
1301 189
1451 189
1466 189
1580 189
1586 189
1598 189
1710 189
1846 189
1870 189
1902 189
1958 189
1995 189
288 190
327 190
726 190
768 190
1579 190
1600 190
2100 190
98 191
578 191
1006 191
1349 191
1571 191
1572 191
1687 191
1765 191
1792 191
1857 191
319 192
396 192
473 192
599 192
1494 192
1511 192
1529 192
1540 192
1562 192
1615 192
1636 192
1643 192
1691 192
1713 192
1733 192
1811 192
2071 192
2107 192
306 193
503 193
570 193
635 193
847 193
880 193
986 193
1283 193
1348 193
1621 193
1654 193
1708 193
1758 193
1809 193
1833 193
2211 193
76 194
250 194
345 194
391 194
402 194
459 194
642 194
693 194
752 194
829 194
1112 194
1204 194
1242 194
1284 194
1300 194
1313 194
1374 194
1390 194
1433 194
1468 194
1497 194
1500 194
1510 194
1528 194
1536 194
1551 194
1657 194
1690 194
1721 194
1778 194
1853 194
1961 194
118 195
251 195
261 195
285 195
471 195
1090 195
1278 195
1298 195
1351 195
1358 195
1366 195
1414 195
1462 195
1499 195
1516 195
1526 195
1604 195
1638 195
1646 195
1674 195
1769 195
1810 195
1830 195
1831 195
2096 195
372 196
451 196
597 196
1281 196
1403 196
1416 196
1421 196
1425 196
1445 196
1538 196
1576 196
1594 196
1610 196
1655 196
1667 196
1732 196
1821 196
1840 196
1901 196
2013 196
678 197
739 197
1129 197
1962 197
16 198
370 198
1156 198
1193 198
1257 198
1339 198
1527 198
1563 198
1585 198
1619 198
1632 198
1662 198
2227 198
2 199
129 199
487 199
1227 199
1324 199
1386 199
1391 199
1446 199
1508 199
1703 199
1720 199
1775 199
1832 199
2108 199
2230 199
399 200
406 200
465 200
498 200
572 200
783 200
794 200
1140 200
1297 200
1318 200
1396 200
1481 200
1502 200
1546 200
1548 200
1590 200
1608 200
1635 200
1659 200
1707 200
1727 200
2060 200
2195 200
148 201
2061 201
117 203
1328 204
384 205
461 205
770 205
1392 205
439 206
1162 207
733 208
751 208
1321 208
1732 208
129 209
1253 210
560 211
1503 211
1790 211
339 212
107 213
236 213
2143 213
666 215
2235 215
300 216
556 216
1319 217
1867 217
240 218
2079 218
2122 218
986 219
588 220
1484 222
1496 222
1907 222
596 224
631 224
1334 225
1628 225
135 226
1178 226
1762 226
98 227
1290 227
1369 229
1691 229
1721 230
866 231
626 232
1718 232
2091 233
105 235
579 235
1547 235
1698 236
536 237
830 237
602 238
1339 238
1569 238
1193 239
87 240
213 241
452 241
1418 241
40 244
397 245
2238 245
1000 247
1434 247
1218 248
71 249
182 250
1250 251
253 252
2176 253
1627 254
616 256
677 256
216 257
2087 257
111 260
176 260
1377 260
1894 262
154 263
768 263
1897 263
155 264
1626 264
1281 265
1898 265
862 267
54 268
1232 268
1576 268
1790 268
1406 271
1713 271
521 272
1831 272
145 273
2006 274
1647 275
1788 275
1132 276
1534 277
599 278
1330 278
1744 279
1926 279
1153 280
1911 280
338 281
840 282
116 283
2147 283
1286 285
1667 285
1854 285
600 286
1453 287
299 288
1509 290
2159 291
1800 291
1415 292
1469 293
1917 293
667 295
2142 295
1179 295
2006 296
1991 296
1848 298
367 300
872 300
1170 300
1579 300
