1851 1
119 2
431 3
848 3
1322 3
1604 3
1859 3
851 4
1976 4
1355 5
1655 5
1666 5
1870 5
221 6
1415 7
1513 7
63 8
519 8
192 9
2039 9
2172 9
1142 9
1593 9
176 10
1212 10
75 11
834 11
1478 11
1679 11
1233 12
1260 12
1334 12
231 13
1094 14
1462 14
2037 15
774 16
1857 19
370 21
1309 21
1885 22
470 25
2037 27
1317 27
1789 27
2177 29
1995 29
442 30
519 32
1645 32
539 33
1599 33
1791 34
1860 34
801 35
1726 35
642 36
198 38
1277 39
1542 39
1109 40
141 41
2011 41
1466 41
739 44
620 45
1289 45
1330 45
334 46
556 46
2209 46
676 47
87 48
1618 48
1329 49
217 50
2202 50
1671 50
1690 50
869 51
1575 51
1611 53
1802 54
107 56
364 56
1236 56
1835 56
1264 57
353 58
1144 59
1896 59
43 60
802 60
830 60
1827 60
90 61
711 61
1110 61
1338 61
1363 61
1887 61
583 64
783 64
88 65
751 65
15 66
2041 66
2139 66
1333 66
591 69
1234 70
1514 70
128 72
1810 73
719 75
1995 75
1506 76
333 77
2238 77
1413 77
854 78
1495 78
401 79
473 80
1277 80
1376 81
2044 82
2117 82
2172 83
199 84
1691 84
1492 85
1521 85
1862 87
527 88
670 88
1315 88
236 89
1743 89
582 90
710 91
523 92
1815 92
1125 93
1632 93
2105 94
2121 95
1299 95
686 96
858 96
1168 96
1465 96
104 97
2184 97
659 98
2192 98
559 99
2107 99
1414 100
1989 100
107 100.7
340 100.7
644 100.7
1073 100.7
1121 100.7
1126 100.7
1136 100.7
1251 100.7
1407 100.7
1831 100.7
1933 100.7
2178 100.7
2180 100.7
112 101.7
133 101.7
172 101.7
218 101.7
262 101.7
395 101.7
503 101.7
695 101.7
804 101.7
826 101.7
997 101.7
1053 101.7
1077 101.7
1087 101.7
1165 101.7
1214 101.7
1234 101.7
1274 101.7
1287 101.7
1533 101.7
1889 101.7
2035 101.7
2053 101.7
2208 101.7
0 102.7
69 102.7
113 102.7
417 102.7
702 102.7
846 102.7
1078 102.7
1091 102.7
1124 102.7
1182 102.7
1248 102.7
1270 102.7
1303 102.7
1314 102.7
1393 102.7
1454 102.7
1477 102.7
1623 102.7
1701 102.7
1744 102.7
1754 102.7
1897 102.7
1974 102.7
55 103.7
101 103.7
106 103.7
401 103.7
651 103.7
712 103.7
745 103.7
916 103.7
1220 103.7
1275 103.7
1364 103.7
1802 103.7
1957 103.7
45 104.7
184 104.7
352 104.7
581 104.7
672 104.7
1167 104.7
1279 104.7
1878 104.7
40 105.7
46 105.7
72 105.7
291 105.7
746 105.7
1112 105.7
1374 105.7
1641 105.7
2099 105.7
2218 105.7
118 106.7
139 106.7
167 106.7
1163 106.7
1193 106.7
1539 106.7
1611 106.7
1629 106.7
36 107.7
231 107.7
1108 107.7
1260 107.7
1285 107.7
2036 107.7
2110 107.7
33 108.7
163 108.7
254 108.7
284 108.7
295 108.7
431 108.7
755 108.7
833 108.7
857 108.7
991 108.7
1026 108.7
1110 108.7
1146 108.7
1236 108.7
1244 108.7
1256 108.7
1261 108.7
1269 108.7
1301 108.7
1338 108.7
1366 108.7
1413 108.7
1436 108.7
1554 108.7
1689 108.7
1771 108.7
1805 108.7
1861 108.7
1917 108.7
2007 108.7
2027 108.7
2062 108.7
2067 108.7
147 109.7
326 109.7
524 109.7
528 109.7
785 109.7
1005 109.7
1042 109.7
1106 109.7
1138 109.7
1162 109.7
1166 109.7
1186 109.7
1300 109.7
1304 109.7
1359 109.7
1387 109.7
1434 109.7
1447 109.7
1492 109.7
1704 109.7
1767 109.7
1782 109.7
1851 109.7
1948 109.7
2019 109.7
2043 109.7
2057 109.7
2199 109.7
2217 109.7
129 110.7
541 110.7
739 110.7
1178 110.7
1201 110.7
1224 110.7
1375 110.7
1527 110.7
1567 110.7
2236 110.7
161 111.7
229 111.7
475 111.7
647 111.7
1156 111.7
1652 111.7
1877 111.7
1895 111.7
1990 111.7
2068 111.7
58 112.7
175 112.7
1230 112.7
1281 112.7
1310 112.7
1353 112.7
2163 112.7
143 113.7
289 113.7
331 113.7
344 113.7
447 113.7
847 113.7
875 113.7
1075 113.7
1128 113.7
1169 113.7
1234 113.7
1445 113.7
1786 113.7
1832 113.7
2182 113.7
2226 113.7
11 114.7
389 114.7
455 114.7
543 114.7
631 114.7
737 114.7
747 114.7
1263 114.7
1280 114.7
1289 114.7
1297 114.7
1323 114.7
1437 114.7
1457 114.7
1502 114.7
1661 114.7
1718 114.7
1795 114.7
1820 114.7
1825 114.7
1836 114.7
2143 114.7
2158 114.7
134 115.7
191 115.7
320 115.7
488 115.7
709 115.7
1151 115.7
1204 115.7
1226 115.7
1348 115.7
1412 115.7
1432 115.7
1488 115.7
1542 115.7
1545 115.7
1628 115.7
1697 115.7
1712 115.7
1899 115.7
1979 115.7
1994 115.7
2132 115.7
28 116.7
66 116.7
398 116.7
448 116.7
504 116.7
634 116.7
639 116.7
648 116.7
763 116.7
1074 116.7
1171 116.7
1176 116.7
1179 116.7
1228 116.7
1251 116.7
1258 116.7
1319 116.7
1349 116.7
1378 116.7
1381 116.7
1629 116.7
1758 116.7
1793 116.7
2169 116.7
2197 116.7
2224 116.7
60 117.7
101 117.7
186 117.7
881 117.7
1117 117.7
1162 117.7
1192 117.7
1239 117.7
1410 117.7
1467 117.7
1472 117.7
1614 117.7
1638 117.7
1801 117.7
2091 117.7
264 118.7
1307 118.7
1339 118.7
1353 118.7
1356 118.7
1535 118.7
1537 118.7
2106 118.7
6 119.7
256 119.7
383 119.7
505 119.7
603 119.7
636 119.7
680 119.7
1199 119.7
1314 119.7
1347 119.7
1742 119.7
1769 119.7
542 120.7
1040 120.7
1068 120.7
1136 120.7
1169 120.7
1187 120.7
1297 120.7
1317 120.7
1379 120.7
1616 120.7
1651 120.7
2028 120.7
2140 120.7
2229 120.7
230 121.7
333 121.7
336 121.7
403 121.7
523 121.7
584 121.7
606 121.7
708 121.7
1175 121.7
1183 121.7
1200 121.7
1209 121.7
1278 121.7
1344 121.7
1383 121.7
1401 121.7
1434 121.7
1473 121.7
1479 121.7
1522 121.7
1812 121.7
1850 121.7
1908 121.7
2040 121.7
2053 121.7
48 122.7
249 122.7
396 122.7
510 122.7
513 122.7
561 122.7
589 122.7
602 122.7
613 122.7
664 122.7
711 122.7
758 122.7
1109 122.7
1275 122.7
1277 122.7
1315 122.7
1321 122.7
1329 122.7
1331 122.7
1369 122.7
1373 122.7
1438 122.7
1525 122.7
1554 122.7
1573 122.7
1737 122.7
1881 122.7
1897 122.7
1958 122.7
2114 122.7
218 123.7
420 123.7
462 123.7
492 123.7
785 123.7
1106 123.7
1132 123.7
1225 123.7
1246 123.7
1357 123.7
1361 123.7
1842 123.7
1892 123.7
1914 123.7
1950 123.7
2001 123.7
293 124.7
322 124.7
449 124.7
564 124.7
661 124.7
1066 124.7
1192 124.7
1194 124.7
1197 124.7
1895 124.7
1230 125.7
1372 125.7
1487 125.7
1606 125.7
1645 125.7
2025 125.7
179 126.7
716 126.7
759 126.7
839 126.7
1038 126.7
1555 126.7
1831 126.7
1925 126.7
2052 126.7
24 127.7
306 127.7
477 127.7
1126 127.7
1188 127.7
1271 127.7
1418 127.7
1424 127.7
1438 127.7
1532 127.7
1717 127.7
2064 127.7
125 128.7
133 128.7
154 128.7
275 128.7
291 128.7
406 128.7
732 128.7
1193 128.7
1205 128.7
1216 128.7
1280 128.7
1283 128.7
1294 128.7
1311 128.7
1323 128.7
1336 128.7
1390 128.7
1540 128.7
1619 128.7
1739 128.7
1841 128.7
1885 128.7
2031 128.7
2113 128.7
2134 128.7
311 129.7
363 129.7
372 129.7
400 129.7
566 129.7
659 129.7
815 129.7
1148 129.7
1381 129.7
1384 129.7
1409 129.7
1458 129.7
1482 129.7
1489 129.7
1492 129.7
1539 129.7
1563 129.7
2084 129.7
2212 129.7
159 130.7
295 130.7
1315 130.7
1363 130.7
1503 130.7
1526 130.7
1712 130.7
1863 130.7
1868 130.7
2077 130.7
2211 130.7
162 131.7
237 131.7
465 131.7
471 131.7
860 131.7
1304 131.7
1386 131.7
1460 131.7
1501 131.7
49 132.7
199 132.7
268 132.7
508 132.7
609 132.7
831 132.7
1151 132.7
1341 132.7
1660 132.7
1699 132.7
1721 132.7
1941 132.7
2180 132.7
35 133.7
613 133.7
747 133.7
1302 133.7
1640 133.7
2120 133.7
2146 133.7
2158 133.7
119 134.7
170 134.7
185 134.7
279 134.7
282 134.7
342 134.7
347 134.7
403 134.7
407 134.7
472 134.7
528 134.7
732 134.7
759 134.7
797 134.7
835 134.7
851 134.7
1136 134.7
1149 134.7
1224 134.7
1233 134.7
1306 134.7
1344 134.7
1368 134.7
1441 134.7
1505 134.7
1508 134.7
1533 134.7
1595 134.7
1596 134.7
1639 134.7
1775 134.7
1826 134.7
32 135.7
37 135.7
96 135.7
203 135.7
208 135.7
255 135.7
288 135.7
394 135.7
499 135.7
503 135.7
531 135.7
743 135.7
895 135.7
1270 135.7
1289 135.7
1308 135.7
1385 135.7
1423 135.7
1454 135.7
1463 135.7
1475 135.7
1547 135.7
1939 135.7
2109 135.7
2156 135.7
105 136.7
179 136.7
296 136.7
554 136.7
593 136.7
697 136.7
794 136.7
962 136.7
1164 136.7
1187 136.7
1300 136.7
1400 136.7
1426 136.7
1593 136.7
1783 136.7
2011 136.7
278 137.7
539 137.7
560 137.7
586 137.7
812 137.7
1379 137.7
1412 137.7
1425 137.7
1444 137.7
1535 137.7
1572 137.7
2009 137.7
2169 137.7
806 138.7
1192 138.7
1436 138.7
1522 138.7
1607 138.7
1624 138.7
177 139.7
187 139.7
374 139.7
464 139.7
563 139.7
580 139.7
693 139.7
1213 139.7
1303 139.7
1434 139.7
1477 139.7
1526 139.7
1647 139.7
1994 139.7
2047 139.7
2221 139.7
45 140.7
65 140.7
129 140.7
276 140.7
477 140.7
541 140.7
870 140.7
1064 140.7
1220 140.7
1339 140.7
1353 140.7
1407 140.7
1413 140.7
1451 140.7
1554 140.7
1582 140.7
1584 140.7
1600 140.7
1609 140.7
1638 140.7
1757 140.7
1761 140.7
200 141.7
222 141.7
293 141.7
371 141.7
401 141.7
774 141.7
783 141.7
784 141.7
840 141.7
1118 141.7
1133 141.7
1278 141.7
1282 141.7
1334 141.7
1391 141.7
1546 141.7
1557 141.7
1676 141.7
1685 141.7
1717 141.7
1745 141.7
1804 141.7
1898 141.7
1980 141.7
2063 141.7
2136 141.7
2239 141.7
114 142.7
132 142.7
231 142.7
338 142.7
392 142.7
531 142.7
557 142.7
864 142.7
977 142.7
1311 142.7
1372 142.7
1380 142.7
1415 142.7
1416 142.7
1419 142.7
1734 142.7
1746 142.7
1794 142.7
1832 142.7
1861 142.7
1951 142.7
1969 142.7
2033 142.7
2046 142.7
2056 142.7
63 143.7
185 143.7
187 143.7
412 143.7
456 143.7
546 143.7
704 143.7
737 143.7
786 143.7
1347 143.7
1360 143.7
1464 143.7
1537 143.7
1652 143.7
172 144.7
223 144.7
226 144.7
444 144.7
1240 144.7
1383 144.7
1458 144.7
1494 144.7
1805 144.7
1914 144.7
1944 144.7
1975 144.7
2207 144.7
1308 145.7
1354 145.7
1454 145.7
1495 145.7
1957 145.7
433 146.7
542 146.7
685 146.7
876 146.7
1499 146.7
1612 146.7
1743 146.7
2154 146.7
98 147.7
475 147.7
486 147.7
562 147.7
689 147.7
837 147.7
1389 147.7
1404 147.7
1406 147.7
1439 147.7
1474 147.7
1552 147.7
1639 147.7
1663 147.7
1801 147.7
2030 147.7
2055 147.7
2136 147.7
110 148.7
206 148.7
208 148.7
323 148.7
325 148.7
387 148.7
427 148.7
1221 148.7
1359 148.7
1365 148.7
1398 148.7
1410 148.7
1443 148.7
1455 148.7
1470 148.7
1487 148.7
1524 148.7
1562 148.7
1637 148.7
1682 148.7
1783 148.7
1856 148.7
1871 148.7
1883 148.7
1931 148.7
1973 148.7
315 149.7
539 149.7
585 149.7
668 149.7
1014 149.7
1169 149.7
1225 149.7
1387 149.7
1467 149.7
1609 149.7
1660 149.7
1676 149.7
1774 149.7
1802 149.7
2100 149.7
361 150.7
558 150.7
644 150.7
845 150.7
1385 150.7
1426 150.7
1464 150.7
1476 150.7
1507 150.7
1519 150.7
1692 150.7
1705 150.7
196 151.7
225 151.7
299 151.7
586 151.7
792 151.7
1270 151.7
1430 151.7
1514 151.7
1555 151.7
1772 151.7
1866 151.7
1890 151.7
1928 151.7
2043 151.7
287 152.7
434 152.7
444 152.7
480 152.7
531 152.7
836 152.7
1356 152.7
1377 152.7
1614 152.7
1648 152.7
260 153.7
388 153.7
635 153.7
1271 153.7
1366 153.7
1431 153.7
1433 153.7
1529 153.7
1566 153.7
1592 153.7
1611 153.7
1698 153.7
1738 153.7
1811 153.7
1950 153.7
2166 153.7
3 154.7
65 154.7
127 154.7
130 154.7
226 154.7
232 154.7
286 154.7
343 154.7
473 154.7
534 154.7
656 154.7
682 154.7
1131 154.7
1159 154.7
1238 154.7
1287 154.7
1360 154.7
1372 154.7
1394 154.7
1447 154.7
1449 154.7
1450 154.7
1452 154.7
1456 154.7
1463 154.7
1500 154.7
1615 154.7
1634 154.7
1658 154.7
1690 154.7
1793 154.7
1904 154.7
2129 154.7
2152 154.7
2155 154.7
2186 154.7
2210 154.7
12 155.7
44 155.7
109 155.7
142 155.7
197 155.7
271 155.7
360 155.7
422 155.7
430 155.7
562 155.7
665 155.7
720 155.7
812 155.7
847 155.7
942 155.7
1130 155.7
1368 155.7
1380 155.7
1466 155.7
1513 155.7
1571 155.7
1636 155.7
1643 155.7
1645 155.7
1646 155.7
1707 155.7
1970 155.7
110 156.7
528 156.7
1246 156.7
1465 156.7
1490 156.7
1505 156.7
1521 156.7
1530 156.7
1570 156.7
1595 156.7
1679 156.7
1684 156.7
1693 156.7
1749 156.7
1786 156.7
1817 156.7
1916 156.7
1940 156.7
1999 156.7
2036 156.7
284 157.7
626 157.7
753 157.7
788 157.7
1358 157.7
1444 157.7
1523 157.7
1687 157.7
1715 157.7
2105 157.7
200 158.7
778 158.7
1260 158.7
1443 158.7
1477 158.7
1483 158.7
1520 158.7
1538 158.7
1539 158.7
1572 158.7
1620 158.7
1621 158.7
1694 158.7
1727 158.7
1863 158.7
251 159.7
314 159.7
363 159.7
368 159.7
435 159.7
580 159.7
934 159.7
1184 159.7
1298 159.7
1311 159.7
1507 159.7
1671 159.7
1722 159.7
1758 159.7
1788 159.7
1876 159.7
2047 159.7
2125 159.7
126 160.7
272 160.7
339 160.7
429 160.7
744 160.7
879 160.7
1144 160.7
1244 160.7
1381 160.7
1399 160.7
1460 160.7
1478 160.7
1555 160.7
1558 160.7
1576 160.7
1704 160.7
1791 160.7
1846 160.7
1869 160.7
1984 160.7
2160 160.7
2184 160.7
2194 160.7
53 161.7
273 161.7
371 161.7
627 161.7
732 161.7
782 161.7
815 161.7
871 161.7
1118 161.7
1188 161.7
1269 161.7
1365 161.7
1387 161.7
1398 161.7
1462 161.7
1497 161.7
1503 161.7
1512 161.7
1596 161.7
1616 161.7
1657 161.7
1666 161.7
1740 161.7
1785 161.7
1789 161.7
1834 161.7
1900 161.7
1902 161.7
1916 161.7
2063 161.7
2107 161.7
2136 161.7
2213 161.7
325 162.7
545 162.7
671 162.7
772 162.7
787 162.7
811 162.7
824 162.7
1124 162.7
1187 162.7
1296 162.7
1312 162.7
1340 162.7
1470 162.7
1516 162.7
1522 162.7
1526 162.7
1540 162.7
1578 162.7
1585 162.7
1638 162.7
1719 162.7
1775 162.7
1779 162.7
1911 162.7
1912 162.7
1931 162.7
1987 162.7
1989 162.7
2042 162.7
369 163.7
436 163.7
663 163.7
740 163.7
877 163.7
1174 163.7
1178 163.7
1279 163.7
1424 163.7
1451 163.7
1569 163.7
1589 163.7
1728 163.7
1840 163.7
1882 163.7
2092 163.7
2145 163.7
12 164.7
111 164.7
450 164.7
535 164.7
679 164.7
1128 164.7
1136 164.7
1140 164.7
1627 164.7
1648 164.7
1662 164.7
1872 164.7
1915 164.7
1944 164.7
1163 165.7
1183 165.7
1411 165.7
1646 165.7
1833 165.7
2132 165.7
20 166.7
56 166.7
1325 166.7
1337 166.7
1617 166.7
1654 166.7
1678 166.7
1686 166.7
1696 166.7
1747 166.7
47 167.7
149 167.7
229 167.7
418 167.7
499 167.7
504 167.7
605 167.7
746 167.7
1280 167.7
1317 167.7
1370 167.7
1422 167.7
1479 167.7
1480 167.7
1500 167.7
1630 167.7
1633 167.7
1744 167.7
2037 167.7
2169 167.7
152 168.7
177 168.7
217 168.7
384 168.7
391 168.7
463 168.7
497 168.7
593 168.7
673 168.7
691 168.7
1141 168.7
1160 168.7
1164 168.7
1190 168.7
1218 168.7
1328 168.7
1433 168.7
1453 168.7
1605 168.7
1644 168.7
1645 168.7
1663 168.7
1664 168.7
1693 168.7
1705 168.7
1708 168.7
1733 168.7
1762 168.7
1894 168.7
2214 168.7
876 169.7
1133 169.7
1156 169.7
1290 169.7
1310 169.7
1367 169.7
1389 169.7
1464 169.7
1562 169.7
1571 169.7
1756 169.7
1827 169.7
1831 169.7
1873 169.7
1963 169.7
2110 169.7
92 170.7
178 170.7
214 170.7
279 170.7
299 170.7
468 170.7
865 170.7
1230 170.7
1430 170.7
1460 170.7
1549 170.7
1859 170.7
1983 170.7
2093 170.7
2133 170.7
2147 170.7
42 171.7
1501 171.7
1510 171.7
1597 171.7
1687 171.7
1770 171.7
1892 171.7
2102 171.7
2114 171.7
2211 171.7
25 172.7
779 172.7
948 172.7
1326 172.7
1607 172.7
1691 172.7
1797 172.7
1843 172.7
1876 172.7
2201 172.7
249 173.7
308 173.7
328 173.7
546 173.7
1005 173.7
1267 173.7
1271 173.7
1288 173.7
1395 173.7
1454 173.7
1491 173.7
1601 173.7
1703 173.7
1757 173.7
2171 173.7
108 174.7
250 174.7
269 174.7
530 174.7
660 174.7
751 174.7
1128 174.7
1151 174.7
1410 174.7
1474 174.7
1603 174.7
1627 174.7
1683 174.7
1694 174.7
1726 174.7
1728 174.7
1752 174.7
1767 174.7
1808 174.7
1821 174.7
2149 174.7
26 175.7
48 175.7
219 175.7
298 175.7
492 175.7
1157 175.7
1171 175.7
1197 175.7
1214 175.7
1216 175.7
1287 175.7
1387 175.7
1394 175.7
1409 175.7
1426 175.7
1472 175.7
1543 175.7
1600 175.7
1605 175.7
1613 175.7
1623 175.7
1641 175.7
1708 175.7
1741 175.7
1858 175.7
1985 175.7
2045 175.7
2080 175.7
2216 175.7
190 176.7
254 176.7
297 176.7
412 176.7
651 176.7
1393 176.7
1484 176.7
1509 176.7
1528 176.7
1787 176.7
1790 176.7
1903 176.7
131 177.7
201 177.7
424 177.7
447 177.7
1226 177.7
1377 177.7
1551 177.7
1782 177.7
1924 177.7
1958 177.7
2000 177.7
288 178.7
463 178.7
556 178.7
1361 178.7
1370 178.7
1459 178.7
1565 178.7
1579 178.7
1594 178.7
1803 178.7
1960 178.7
2177 178.7
99 179.7
414 179.7
555 179.7
641 179.7
809 179.7
1200 179.7
1298 179.7
1416 179.7
1615 179.7
1633 179.7
1688 179.7
1822 179.7
1979 179.7
2111 179.7
214 180.7
296 180.7
470 180.7
698 180.7
700 180.7
712 180.7
1322 180.7
1329 180.7
1466 180.7
1512 180.7
1555 180.7
1588 180.7
1707 180.7
1719 180.7
1842 180.7
2197 180.7
0 181.7
96 181.7
149 181.7
367 181.7
440 181.7
482 181.7
1198 181.7
1367 181.7
1424 181.7
1428 181.7
1468 181.7
1524 181.7
1558 181.7
1606 181.7
1650 181.7
1655 181.7
1751 181.7
1759 181.7
1762 181.7
1879 181.7
1972 181.7
2215 181.7
29 182.7
198 182.7
391 182.7
446 182.7
599 182.7
1149 182.7
1153 182.7
1366 182.7
1461 182.7
1465 182.7
1495 182.7
1560 182.7
1564 182.7
1573 182.7
1580 182.7
1599 182.7
1649 182.7
1674 182.7
1694 182.7
1862 182.7
1885 182.7
1988 182.7
2151 182.7
2167 182.7
2219 182.7
14 183.7
71 183.7
145 183.7
425 183.7
761 183.7
1289 183.7
1476 183.7
1624 183.7
1676 183.7
1770 183.7
1830 183.7
2083 183.7
2126 183.7
77 184.7
797 184.7
1229 184.7
1478 184.7
1525 184.7
1534 184.7
1611 184.7
1740 184.7
1911 184.7
1913 184.7
1923 184.7
2220 184.7
315 185.7
536 185.7
758 185.7
809 185.7
1522 185.7
1640 185.7
1659 185.7
1661 185.7
1662 185.7
1732 185.7
1803 185.7
1872 185.7
1966 185.7
1994 185.7
2042 185.7
1584 186.7
1622 186.7
1849 186.7
1920 186.7
1 187.7
41 187.7
66 187.7
364 187.7
1122 187.7
1286 187.7
1548 187.7
1654 187.7
1679 187.7
2040 187.7
46 188.7
641 188.7
711 188.7
753 188.7
1067 188.7
1152 188.7
1189 188.7
1207 188.7
1336 188.7
1344 188.7
1377 188.7
1462 188.7
1531 188.7
1544 188.7
1568 188.7
1600 188.7
1682 188.7
1684 188.7
1685 188.7
1748 188.7
1774 188.7
1832 188.7
1947 188.7
1992 188.7
2071 188.7
2135 188.7
2175 188.7
2178 188.7
2229 188.7
2232 188.7
3 189.7
122 189.7
377 189.7
431 189.7
558 189.7
766 189.7
1240 189.7
1356 189.7
1384 189.7
1432 189.7
1476 189.7
1503 189.7
1716 189.7
1759 189.7
1809 189.7
1821 189.7
1855 189.7
1869 189.7
1917 189.7
1996 189.7
2128 189.7
92 190.7
111 190.7
217 190.7
310 190.7
863 190.7
1150 190.7
1363 190.7
1613 190.7
1614 190.7
1902 190.7
219 191.7
227 191.7
724 191.7
1385 191.7
1639 191.7
1698 191.7
1757 191.7
1775 191.7
1887 191.7
1964 191.7
2019 191.7
2059 191.7
179 192.7
230 192.7
512 192.7
644 192.7
855 192.7
1442 192.7
1446 192.7
1562 192.7
1750 192.7
1890 192.7
70 193.7
129 193.7
156 193.7
158 193.7
223 193.7
625 193.7
697 193.7
847 193.7
1029 193.7
1477 193.7
1555 193.7
1572 193.7
1623 193.7
1660 193.7
1683 193.7
1741 193.7
1906 193.7
1955 193.7
2105 193.7
58 194.7
141 194.7
241 194.7
282 194.7
287 194.7
306 194.7
435 194.7
552 194.7
650 194.7
705 194.7
753 194.7
918 194.7
1142 194.7
1146 194.7
1193 194.7
1455 194.7
1473 194.7
1589 194.7
1643 194.7
1656 194.7
1704 194.7
1735 194.7
1738 194.7
1814 194.7
1961 194.7
10 195.7
33 195.7
105 195.7
207 195.7
244 195.7
257 195.7
271 195.7
399 195.7
416 195.7
432 195.7
478 195.7
597 195.7
678 195.7
754 195.7
835 195.7
1344 195.7
1457 195.7
1533 195.7
1594 195.7
1608 195.7
1690 195.7
1705 195.7
1712 195.7
1726 195.7
1739 195.7
1747 195.7
1807 195.7
1864 195.7
1881 195.7
1894 195.7
1926 195.7
1957 195.7
1983 195.7
2122 195.7
213 196.7
274 196.7
460 196.7
464 196.7
502 196.7
818 196.7
1155 196.7
1322 196.7
1493 196.7
1602 196.7
1664 196.7
1686 196.7
1817 196.7
1886 196.7
1963 196.7
1994 196.7
11 197.7
34 197.7
368 197.7
1128 197.7
1138 197.7
1210 197.7
1265 197.7
1360 197.7
1423 197.7
1544 197.7
1646 197.7
1920 197.7
1927 197.7
1928 197.7
1972 197.7
408 198.7
441 198.7
612 198.7
712 198.7
874 198.7
1267 198.7
1482 198.7
1903 198.7
1922 198.7
2030 198.7
147 199.7
196 199.7
334 199.7
351 199.7
443 199.7
503 199.7
589 199.7
599 199.7
691 199.7
1559 199.7
1564 199.7
1619 199.7
1631 199.7
1674 199.7
1759 199.7
1826 199.7
1877 199.7
1884 199.7
1990 199.7
2080 199.7
45 201
78 201
306 201
1259 201
478 202
35 203
2061 203
245 204
1554 204
1737 206
492 208
1796 208
835 209
948 209
1685 209
1825 209
1836 209
82 210
803 210
1886 211
176 212
288 213
867 213
1875 213
1211 216
1677 216
771 217
1490 217
1724 217
64 219
1324 219
1542 219
1737 219
1686 220
229 221
1250 221
99 222
172 222
2221 222
1788 222
109 223
483 224
1673 224
186 225
1261 225
837 226
1907 226
792 227
613 228
361 229
1509 231
619 232
89 233
491 233
1182 233
1514 233
703 235
778 235
1876 235
1296 236
1724 238
246 240
468 240
1921 240
1824 243
1563 244
249 246
1084 246
1817 246
1114 247
1330 248
1991 248
1733 249
1984 249
202 250
731 250
1136 251
1211 251
702 252
2016 252
2165 252
1194 252
1432 252
46 253
742 253
782 254
1151 254
2048 255
1845 255
485 256
489 256
137 257
488 257
1691 257
777 259
2016 259
1592 259
1823 259
798 260
1232 260
155 261
584 262
1165 262
2171 263
2175 263
1250 263
1800 263
358 264
780 264
1364 264
1807 264
802 267
1431 268
1748 268
1970 269
66 270
1237 270
41 272
1622 272
1009 273
2176 273
2205 273
1233 273
1608 274
166 275
239 275
1678 275
305 276
337 276
575 276
1254 277
2020 278
320 280
548 281
742 282
299 284
2078 284
1766 286
1292 287
1945 288
1153 289
537 291
539 291
774 291
1968 291
635 292
1142 292
1944 292
337 293
703 293
445 294
1843 294
1957 294
681 295
1202 295
1292 297
1958 297
2163 299
178 300
1334 300
