1278 1
1533 1
874 2
2151 3
1495 3
1743 3
219 5
659 5
1194 5
1458 5
1517 6
427 7
1257 8
1686 9
2085 11
1609 13
1584 14
1719 14
663 17
2127 18
1306 18
1868 18
1955 18
768 19
341 22
495 22
1532 22
1894 22
1126 24
1984 24
2204 25
1956 25
97 26
470 26
1377 26
220 29
239 32
1970 34
1027 35
2228 36
1972 36
404 37
305 39
343 39
1380 39
280 40
384 40
1589 40
1949 41
1007 42
1359 43
688 44
863 45
1795 45
825 46
841 46
848 46
1659 46
2017 47
121 48
2128 48
1998 48
1940 49
448 50
2171 52
1157 52
1427 52
620 53
841 53
1875 53
1897 53
709 54
805 56
429 61
1404 62
1491 62
1685 62
1345 66
221 68
1217 68
1483 68
1928 69
690 70
390 72
462 73
1857 73
1892 73
2022 74
1574 74
102 78
472 78
1958 78
2081 80
1126 81
2178 82
311 83
402 83
1887 83
1614 84
1151 85
73 86
633 86
1816 86
560 87
515 89
1848 89
2010 90
371 92
575 94
644 94
490 99
1200 99
415 100
456 100
122 100.3
167 100.3
188 100.3
209 100.3
519 100.3
631 100.3
675 100.3
684 100.3
739 100.3
745 100.3
951 100.3
952 100.3
1258 100.3
1503 100.3
1533 100.3
1588 100.3
1608 100.3
1610 100.3
133 101.3
241 101.3
542 101.3
566 101.3
625 101.3
729 101.3
759 101.3
770 101.3
806 101.3
851 101.3
864 101.3
892 101.3
932 101.3
1255 101.3
1317 101.3
1324 101.3
1381 101.3
1395 101.3
1498 101.3
1598 101.3
1620 101.3
1745 101.3
1988 101.3
2236 101.3
407 102.3
449 102.3
487 102.3
497 102.3
601 102.3
634 102.3
836 102.3
856 102.3
867 102.3
979 102.3
1151 102.3
1218 102.3
1292 102.3
1404 102.3
1748 102.3
1790 102.3
104 103.3
488 103.3
493 103.3
510 103.3
726 103.3
798 103.3
817 103.3
925 103.3
934 103.3
1131 103.3
1161 103.3
1471 103.3
1571 103.3
1673 103.3
1687 103.3
1761 103.3
1766 103.3
2233 103.3
39 104.3
174 104.3
533 104.3
551 104.3
629 104.3
878 104.3
955 104.3
1263 104.3
1756 104.3
2101 104.3
2137 104.3
24 105.3
221 105.3
355 105.3
387 105.3
422 105.3
449 105.3
561 105.3
656 105.3
683 105.3
749 105.3
789 105.3
997 105.3
1650 105.3
1926 105.3
550 106.3
713 106.3
819 106.3
882 106.3
1041 106.3
1491 106.3
1508 106.3
1521 106.3
1811 106.3
1976 106.3
49 107.3
320 107.3
402 107.3
481 107.3
595 107.3
697 107.3
706 107.3
751 107.3
853 107.3
894 107.3
937 107.3
984 107.3
1174 107.3
1550 107.3
1613 107.3
1614 107.3
1697 107.3
1728 107.3
2091 107.3
2103 107.3
2114 107.3
2174 107.3
2194 107.3
162 108.3
201 108.3
252 108.3
297 108.3
314 108.3
315 108.3
472 108.3
514 108.3
630 108.3
638 108.3
664 108.3
710 108.3
766 108.3
771 108.3
776 108.3
794 108.3
845 108.3
953 108.3
1017 108.3
1070 108.3
1130 108.3
1197 108.3
1288 108.3
1418 108.3
1598 108.3
1842 108.3
1903 108.3
1908 108.3
1929 108.3
1940 108.3
1965 108.3
105 109.3
175 109.3
179 109.3
491 109.3
677 109.3
680 109.3
698 109.3
717 109.3
781 109.3
844 109.3
852 109.3
879 109.3
1046 109.3
1047 109.3
1162 109.3
1168 109.3
1872 109.3
1968 109.3
1974 109.3
2110 109.3
2158 109.3
438 110.3
790 110.3
803 110.3
837 110.3
867 110.3
908 110.3
1008 110.3
1836 110.3
2075 110.3
25 111.3
97 111.3
353 111.3
477 111.3
747 111.3
1096 111.3
1429 111.3
1935 111.3
6 112.3
99 112.3
254 112.3
584 112.3
649 112.3
723 112.3
915 112.3
954 112.3
1378 112.3
2161 112.3
177 113.3
384 113.3
588 113.3
814 113.3
846 113.3
978 113.3
1018 113.3
1053 113.3
1257 113.3
1605 113.3
1770 113.3
1834 113.3
1874 113.3
2020 113.3
27 114.3
149 114.3
187 114.3
224 114.3
359 114.3
372 114.3
405 114.3
428 114.3
499 114.3
561 114.3
760 114.3
821 114.3
824 114.3
843 114.3
875 114.3
880 114.3
1090 114.3
1100 114.3
1110 114.3
1135 114.3
1317 114.3
1733 114.3
1813 114.3
1889 114.3
1914 114.3
1930 114.3
1943 114.3
1978 114.3
1993 114.3
53 115.3
558 115.3
639 115.3
684 115.3
782 115.3
802 115.3
971 115.3
1377 115.3
1448 115.3
1535 115.3
1588 115.3
1606 115.3
1611 115.3
1690 115.3
1815 115.3
1825 115.3
1893 115.3
1896 115.3
1922 115.3
2023 115.3
2158 115.3
345 116.3
373 116.3
515 116.3
528 116.3
656 116.3
734 116.3
774 116.3
892 116.3
1221 116.3
2188 116.3
2192 116.3
48 117.3
181 117.3
472 117.3
766 117.3
794 117.3
813 117.3
866 117.3
867 117.3
924 117.3
1265 117.3
1437 117.3
1466 117.3
1952 117.3
2040 117.3
2215 117.3
108 118.3
136 118.3
461 118.3
777 118.3
838 118.3
840 118.3
890 118.3
975 118.3
988 118.3
1167 118.3
1204 118.3
1389 118.3
1726 118.3
1951 118.3
2141 118.3
248 119.3
565 119.3
580 119.3
1039 119.3
1176 119.3
1364 119.3
1447 119.3
1509 119.3
1791 119.3
1974 119.3
2026 119.3
2189 119.3
94 120.3
659 120.3
686 120.3
735 120.3
737 120.3
744 120.3
758 120.3
808 120.3
871 120.3
889 120.3
916 120.3
934 120.3
955 120.3
969 120.3
989 120.3
1048 120.3
1111 120.3
1174 120.3
1287 120.3
1338 120.3
1428 120.3
1491 120.3
1501 120.3
1618 120.3
1678 120.3
2073 120.3
118 121.3
226 121.3
294 121.3
419 121.3
542 121.3
703 121.3
745 121.3
772 121.3
823 121.3
899 121.3
907 121.3
959 121.3
1003 121.3
1082 121.3
1098 121.3
1399 121.3
1531 121.3
1582 121.3
1593 121.3
1724 121.3
1761 121.3
1821 121.3
1839 121.3
1900 121.3
1921 121.3
2111 121.3
2151 121.3
2199 121.3
89 122.3
305 122.3
383 122.3
536 122.3
695 122.3
793 122.3
925 122.3
926 122.3
946 122.3
952 122.3
1000 122.3
1170 122.3
1544 122.3
1623 122.3
1634 122.3
1644 122.3
1661 122.3
1884 122.3
1992 122.3
2146 122.3
448 123.3
480 123.3
692 123.3
850 123.3
870 123.3
884 123.3
905 123.3
911 123.3
951 123.3
1417 123.3
1889 123.3
1906 123.3
1971 123.3
1972 123.3
2064 123.3
2121 123.3
117 124.3
135 124.3
760 124.3
833 124.3
881 124.3
996 124.3
1030 124.3
1155 124.3
1659 124.3
1777 124.3
2052 124.3
463 125.3
546 125.3
697 125.3
779 125.3
846 125.3
847 125.3
994 125.3
1145 125.3
1208 125.3
1308 125.3
1353 125.3
1429 125.3
2109 125.3
2119 125.3
465 126.3
630 126.3
680 126.3
778 126.3
816 126.3
845 126.3
864 126.3
867 126.3
1013 126.3
1057 126.3
1246 126.3
1643 126.3
1852 126.3
58 127.3
81 127.3
267 127.3
339 127.3
399 127.3
590 127.3
725 127.3
735 127.3
771 127.3
823 127.3
842 127.3
856 127.3
913 127.3
923 127.3
960 127.3
1132 127.3
1272 127.3
1339 127.3
1505 127.3
1664 127.3
1671 127.3
2033 127.3
2040 127.3
2159 127.3
68 128.3
113 128.3
128 128.3
174 128.3
225 128.3
230 128.3
497 128.3
558 128.3
561 128.3
742 128.3
776 128.3
903 128.3
982 128.3
983 128.3
1045 128.3
1080 128.3
1156 128.3
1188 128.3
1240 128.3
1363 128.3
1376 128.3
1419 128.3
1534 128.3
1667 128.3
1718 128.3
1816 128.3
2140 128.3
2194 128.3
2236 128.3
803 129.3
825 129.3
987 129.3
1038 129.3
1043 129.3
1163 129.3
1177 129.3
1186 129.3
1213 129.3
1292 129.3
1549 129.3
1615 129.3
2041 129.3
2145 129.3
2146 129.3
386 130.3
471 130.3
537 130.3
756 130.3
1091 130.3
1203 130.3
1259 130.3
1645 130.3
2089 130.3
736 131.3
1118 131.3
1192 131.3
2201 131.3
121 132.3
134 132.3
470 132.3
474 132.3
568 132.3
786 132.3
943 132.3
964 132.3
1223 132.3
1386 132.3
1515 132.3
1773 132.3
1907 132.3
1930 132.3
2021 132.3
2117 132.3
504 133.3
871 133.3
954 133.3
988 133.3
1062 133.3
1216 133.3
1238 133.3
1389 133.3
1391 133.3
1428 133.3
1616 133.3
1666 133.3
1669 133.3
1768 133.3
2127 133.3
2224 133.3
195 134.3
261 134.3
396 134.3
418 134.3
450 134.3
459 134.3
472 134.3
508 134.3
524 134.3
533 134.3
610 134.3
645 134.3
739 134.3
869 134.3
956 134.3
959 134.3
986 134.3
1043 134.3
1074 134.3
1107 134.3
1130 134.3
1141 134.3
1182 134.3
1246 134.3
1266 134.3
1313 134.3
1317 134.3
1471 134.3
1600 134.3
1605 134.3
1864 134.3
1886 134.3
1961 134.3
2033 134.3
2088 134.3
2120 134.3
2220 134.3
69 135.3
98 135.3
188 135.3
216 135.3
395 135.3
548 135.3
698 135.3
743 135.3
1002 135.3
1003 135.3
1439 135.3
1754 135.3
1791 135.3
1883 135.3
2020 135.3
2044 135.3
2185 135.3
2192 135.3
2 136.3
171 136.3
288 136.3
536 136.3
830 136.3
909 136.3
949 136.3
1109 136.3
1734 136.3
1951 136.3
100 137.3
166 137.3
466 137.3
482 137.3
1265 137.3
1479 137.3
1839 137.3
218 138.3
444 138.3
554 138.3
603 138.3
680 138.3
932 138.3
1176 138.3
1187 138.3
1361 138.3
1494 138.3
1800 138.3
2104 138.3
2176 138.3
357 139.3
522 139.3
819 139.3
946 139.3
1033 139.3
1170 139.3
1333 139.3
1594 139.3
1934 139.3
416 140.3
463 140.3
497 140.3
580 140.3
582 140.3
726 140.3
747 140.3
764 140.3
803 140.3
822 140.3
831 140.3
870 140.3
1075 140.3
1130 140.3
1143 140.3
1198 140.3
1267 140.3
1287 140.3
1326 140.3
1396 140.3
1402 140.3
1621 140.3
1652 140.3
1685 140.3
1733 140.3
1742 140.3
1828 140.3
1871 140.3
2184 140.3
2215 140.3
255 141.3
290 141.3
353 141.3
390 141.3
553 141.3
628 141.3
844 141.3
916 141.3
971 141.3
975 141.3
1001 141.3
1015 141.3
1030 141.3
1061 141.3
1166 141.3
1202 141.3
1226 141.3
1232 141.3
1242 141.3
1272 141.3
1291 141.3
1310 141.3
1334 141.3
1383 141.3
1435 141.3
1441 141.3
1496 141.3
1687 141.3
1812 141.3
1967 141.3
2023 141.3
2112 141.3
2122 141.3
2128 141.3
37 142.3
326 142.3
345 142.3
419 142.3
457 142.3
469 142.3
786 142.3
814 142.3
938 142.3
1058 142.3
1841 142.3
280 143.3
382 143.3
385 143.3
751 143.3
782 143.3
799 143.3
849 143.3
879 143.3
944 143.3
950 143.3
1324 143.3
1509 143.3
1564 143.3
1628 143.3
1792 143.3
364 144.3
766 144.3
1902 144.3
1976 144.3
264 145.3
843 145.3
956 145.3
969 145.3
1111 145.3
1474 145.3
1501 145.3
1555 145.3
1752 145.3
1830 145.3
1851 145.3
429 146.3
436 146.3
476 146.3
589 146.3
775 146.3
809 146.3
1031 146.3
1078 146.3
1177 146.3
1191 146.3
1258 146.3
1630 146.3
1640 146.3
1703 146.3
1820 146.3
1857 146.3
1881 146.3
2003 146.3
2213 146.3
6 147.3
15 147.3
176 147.3
218 147.3
311 147.3
337 147.3
371 147.3
398 147.3
448 147.3
519 147.3
623 147.3
683 147.3
918 147.3
986 147.3
994 147.3
1024 147.3
1057 147.3
1133 147.3
1152 147.3
1187 147.3
1198 147.3
1214 147.3
1216 147.3
1238 147.3
1305 147.3
1355 147.3
1365 147.3
1381 147.3
1756 147.3
2145 147.3
2146 147.3
112 148.3
427 148.3
493 148.3
758 148.3
798 148.3
865 148.3
870 148.3
1094 148.3
1192 148.3
1203 148.3
1217 148.3
1347 148.3
1445 148.3
1925 148.3
2045 148.3
2071 148.3
433 149.3
469 149.3
513 149.3
644 149.3
692 149.3
796 149.3
825 149.3
850 149.3
1002 149.3
1193 149.3
1307 149.3
1319 149.3
1328 149.3
1346 149.3
1393 149.3
1394 149.3
1629 149.3
1762 149.3
1969 149.3
2197 149.3
223 150.3
345 150.3
411 150.3
988 150.3
1053 150.3
1105 150.3
1277 150.3
1680 150.3
1930 150.3
2029 150.3
46 151.3
564 151.3
618 151.3
619 151.3
874 151.3
1116 151.3
1253 151.3
1417 151.3
1750 151.3
1793 151.3
142 152.3
508 152.3
639 152.3
648 152.3
761 152.3
783 152.3
1048 152.3
1093 152.3
1204 152.3
1243 152.3
1357 152.3
1619 152.3
1682 152.3
1734 152.3
1984 152.3
2148 152.3
2229 152.3
1 153.3
115 153.3
162 153.3
482 153.3
531 153.3
572 153.3
624 153.3
629 153.3
795 153.3
824 153.3
928 153.3
1053 153.3
1113 153.3
1231 153.3
1271 153.3
1296 153.3
1413 153.3
1452 153.3
1539 153.3
1583 153.3
1716 153.3
1908 153.3
1989 153.3
2034 153.3
15 154.3
134 154.3
354 154.3
400 154.3
452 154.3
473 154.3
741 154.3
980 154.3
1028 154.3
1090 154.3
1131 154.3
1158 154.3
1269 154.3
1432 154.3
1571 154.3
1685 154.3
2110 154.3
598 155.3
632 155.3
807 155.3
834 155.3
969 155.3
984 155.3
995 155.3
1088 155.3
1154 155.3
1165 155.3
1232 155.3
1274 155.3
1388 155.3
1421 155.3
1481 155.3
1492 155.3
1777 155.3
2131 155.3
2203 155.3
540 156.3
655 156.3
679 156.3
920 156.3
990 156.3
1021 156.3
1155 156.3
1188 156.3
1227 156.3
1297 156.3
1568 156.3
1843 156.3
1946 156.3
101 157.3
117 157.3
867 157.3
960 157.3
1163 157.3
1222 157.3
1225 157.3
1235 157.3
1246 157.3
1311 157.3
1358 157.3
1822 157.3
1905 157.3
2013 157.3
2141 157.3
80 158.3
193 158.3
620 158.3
735 158.3
1064 158.3
1132 158.3
1578 158.3
1835 158.3
1903 158.3
1937 158.3
2181 158.3
2199 158.3
94 159.3
184 159.3
196 159.3
213 159.3
256 159.3
340 159.3
1013 159.3
1042 159.3
1052 159.3
1111 159.3
1145 159.3
1195 159.3
1257 159.3
1283 159.3
1304 159.3
1386 159.3
1508 159.3
1634 159.3
1949 159.3
60 160.3
109 160.3
194 160.3
205 160.3
351 160.3
390 160.3
506 160.3
571 160.3
610 160.3
760 160.3
848 160.3
1026 160.3
1034 160.3
1199 160.3
1240 160.3
1243 160.3
1287 160.3
1313 160.3
1323 160.3
1339 160.3
1346 160.3
1512 160.3
1525 160.3
1846 160.3
1876 160.3
1965 160.3
2156 160.3
2224 160.3
22 161.3
104 161.3
161 161.3
236 161.3
260 161.3
289 161.3
312 161.3
488 161.3
674 161.3
870 161.3
893 161.3
922 161.3
987 161.3
1018 161.3
1030 161.3
1077 161.3
1130 161.3
1136 161.3
1138 161.3
1155 161.3
1196 161.3
1197 161.3
1221 161.3
1277 161.3
1279 161.3
1290 161.3
1342 161.3
1359 161.3
1373 161.3
1374 161.3
1383 161.3
1607 161.3
1611 161.3
1625 161.3
1727 161.3
2093 161.3
2225 161.3
73 162.3
275 162.3
375 162.3
584 162.3
653 162.3
695 162.3
901 162.3
1458 162.3
1737 162.3
1809 162.3
1992 162.3
2075 162.3
2087 162.3
2190 162.3
2193 162.3
409 163.3
950 163.3
1108 163.3
1231 163.3
1296 163.3
1704 163.3
33 164.3
160 164.3
209 164.3
475 164.3
476 164.3
686 164.3
1058 164.3
1142 164.3
1148 164.3
1228 164.3
1436 164.3
1840 164.3
299 165.3
406 165.3
606 165.3
744 165.3
866 165.3
1107 165.3
1143 165.3
1166 165.3
1190 165.3
1356 165.3
1720 165.3
1827 165.3
1988 165.3
2167 165.3
50 166.3
322 166.3
657 166.3
933 166.3
1020 166.3
1091 166.3
1178 166.3
1245 166.3
1278 166.3
1431 166.3
1447 166.3
1561 166.3
1568 166.3
1973 166.3
2091 166.3
2132 166.3
2155 166.3
0 167.3
14 167.3
85 167.3
89 167.3
132 167.3
253 167.3
538 167.3
669 167.3
678 167.3
994 167.3
1014 167.3
1089 167.3
1109 167.3
1177 167.3
1201 167.3
1233 167.3
1255 167.3
1281 167.3
1286 167.3
1307 167.3
1567 167.3
1654 167.3
1719 167.3
1799 167.3
1971 167.3
2162 167.3
2237 167.3
8 168.3
17 168.3
87 168.3
149 168.3
215 168.3
425 168.3
433 168.3
508 168.3
551 168.3
698 168.3
749 168.3
841 168.3
879 168.3
956 168.3
1023 168.3
1105 168.3
1122 168.3
1169 168.3
1209 168.3
1221 168.3
1334 168.3
1348 168.3
1376 168.3
1386 168.3
1433 168.3
1463 168.3
1533 168.3
1651 168.3
1726 168.3
1748 168.3
2144 168.3
2151 168.3
2212 168.3
350 169.3
660 169.3
807 169.3
1062 169.3
1129 169.3
1174 169.3
1347 169.3
1367 169.3
1554 169.3
1765 169.3
1886 169.3
2130 169.3
158 170.3
331 170.3
677 170.3
1396 170.3
1643 170.3
2066 170.3
2196 170.3
190 171.3
195 171.3
248 171.3
290 171.3
1052 171.3
1371 171.3
1405 171.3
1770 171.3
2085 171.3
125 172.3
154 172.3
500 172.3
527 172.3
871 172.3
1108 172.3
1191 172.3
1224 172.3
1249 172.3
1277 172.3
1969 172.3
2034 172.3
2173 172.3
309 173.3
322 173.3
628 173.3
654 173.3
775 173.3
1012 173.3
1040 173.3
1097 173.3
1132 173.3
1206 173.3
1216 173.3
1299 173.3
1300 173.3
1359 173.3
1605 173.3
1874 173.3
1915 173.3
2197 173.3
2201 173.3
30 174.3
67 174.3
157 174.3
270 174.3
332 174.3
490 174.3
655 174.3
872 174.3
983 174.3
1076 174.3
1130 174.3
1205 174.3
1212 174.3
1256 174.3
1258 174.3
1394 174.3
1522 174.3
1523 174.3
1757 174.3
1763 174.3
1853 174.3
2217 174.3
203 175.3
278 175.3
392 175.3
582 175.3
667 175.3
826 175.3
1123 175.3
1207 175.3
1290 175.3
1294 175.3
1310 175.3
1323 175.3
1457 175.3
1790 175.3
1858 175.3
1898 175.3
2025 175.3
85 176.3
476 176.3
523 176.3
680 176.3
736 176.3
797 176.3
818 176.3
892 176.3
1152 176.3
1155 176.3
1169 176.3
1247 176.3
1282 176.3
1334 176.3
1401 176.3
1550 176.3
1716 176.3
1921 176.3
84 177.3
277 177.3
671 177.3
847 177.3
1048 177.3
1261 177.3
1285 177.3
1414 177.3
1473 177.3
1576 177.3
99 178.3
260 178.3
469 178.3
1067 178.3
1214 178.3
1315 178.3
1392 178.3
1617 178.3
1626 178.3
1888 178.3
178 179.3
373 179.3
535 179.3
1000 179.3
1147 179.3
1149 179.3
1159 179.3
1373 179.3
1411 179.3
1418 179.3
1455 179.3
1945 179.3
2131 179.3
2203 179.3
2211 179.3
62 180.3
66 180.3
76 180.3
255 180.3
498 180.3
690 180.3
768 180.3
1074 180.3
1153 180.3
1273 180.3
1298 180.3
1325 180.3
1474 180.3
1554 180.3
1749 180.3
1875 180.3
1954 180.3
2199 180.3
53 181.3
68 181.3
164 181.3
401 181.3
559 181.3
679 181.3
1050 181.3
1106 181.3
1151 181.3
1189 181.3
1278 181.3
1297 181.3
1309 181.3
1314 181.3
1384 181.3
1438 181.3
1465 181.3
1483 181.3
1500 181.3
1672 181.3
1767 181.3
1788 181.3
1794 181.3
1846 181.3
1893 181.3
1895 181.3
1937 181.3
2007 181.3
2017 181.3
2046 181.3
2192 181.3
70 182.3
149 182.3
356 182.3
730 182.3
754 182.3
781 182.3
803 182.3
911 182.3
1232 182.3
1259 182.3
1303 182.3
1347 182.3
1383 182.3
1494 182.3
1509 182.3
1582 182.3
1620 182.3
1639 182.3
2005 182.3
2117 182.3
205 183.3
597 183.3
694 183.3
792 183.3
836 183.3
1339 183.3
1355 183.3
1755 183.3
221 184.3
237 184.3
540 184.3
1291 184.3
1663 184.3
1802 184.3
1869 184.3
2051 184.3
2097 184.3
2130 184.3
2217 184.3
82 185.3
1246 185.3
1312 185.3
1410 185.3
1553 185.3
1694 185.3
1773 185.3
1789 185.3
2044 185.3
218 186.3
393 186.3
449 186.3
614 186.3
687 186.3
707 186.3
870 186.3
1081 186.3
1107 186.3
1126 186.3
1192 186.3
1219 186.3
1256 186.3
1308 186.3
1513 186.3
1544 186.3
1684 186.3
1842 186.3
1997 186.3
127 187.3
136 187.3
359 187.3
413 187.3
717 187.3
738 187.3
778 187.3
854 187.3
1056 187.3
1161 187.3
1231 187.3
1281 187.3
1289 187.3
1322 187.3
1340 187.3
1368 187.3
1370 187.3
1402 187.3
1471 187.3
1548 187.3
1563 187.3
1608 187.3
1651 187.3
1716 187.3
2126 187.3
16 188.3
39 188.3
186 188.3
362 188.3
384 188.3
428 188.3
621 188.3
714 188.3
833 188.3
955 188.3
1060 188.3
1116 188.3
1122 188.3
1164 188.3
1181 188.3
1185 188.3
1239 188.3
1253 188.3
1260 188.3
1333 188.3
1409 188.3
1415 188.3
1416 188.3
1431 188.3
1445 188.3
1487 188.3
1522 188.3
1640 188.3
1732 188.3
1832 188.3
1933 188.3
2076 188.3
12 189.3
208 189.3
234 189.3
256 189.3
291 189.3
329 189.3
523 189.3
584 189.3
679 189.3
688 189.3
725 189.3
1183 189.3
1257 189.3
1627 189.3
1630 189.3
1722 189.3
1729 189.3
1758 189.3
103 190.3
255 190.3
292 190.3
422 190.3
462 190.3
575 190.3
1265 190.3
1277 190.3
1327 190.3
1414 190.3
1478 190.3
2155 190.3
124 191.3
200 191.3
337 191.3
344 191.3
378 191.3
1295 191.3
1321 191.3
1335 191.3
1746 191.3
441 192.3
553 192.3
645 192.3
757 192.3
828 192.3
1323 192.3
1399 192.3
1407 192.3
1460 192.3
1470 192.3
1574 192.3
1672 192.3
1819 192.3
2016 192.3
79 193.3
471 193.3
590 193.3
747 193.3
829 193.3
1271 193.3
1343 193.3
1446 193.3
1465 193.3
1475 193.3
1480 193.3
1491 193.3
1528 193.3
1665 193.3
1964 193.3
2167 193.3
19 194.3
72 194.3
147 194.3
210 194.3
403 194.3
500 194.3
634 194.3
686 194.3
783 194.3
834 194.3
849 194.3
1103 194.3
1182 194.3
1184 194.3
1218 194.3
1223 194.3
1273 194.3
1282 194.3
1286 194.3
1307 194.3
1354 194.3
1358 194.3
1364 194.3
1386 194.3
1488 194.3
1490 194.3
1505 194.3
1529 194.3
1583 194.3
1658 194.3
1770 194.3
1779 194.3
1799 194.3
21 195.3
200 195.3
340 195.3
492 195.3
591 195.3
1077 195.3
1148 195.3
1196 195.3
1278 195.3
1283 195.3
1300 195.3
1424 195.3
1513 195.3
1680 195.3
1762 195.3
1928 195.3
2063 195.3
239 196.3
267 196.3
361 196.3
674 196.3
857 196.3
1133 196.3
1373 196.3
1565 196.3
1645 196.3
1725 196.3
1738 196.3
2069 196.3
18 197.3
257 197.3
1392 197.3
1804 197.3
148 198.3
211 198.3
220 198.3
389 198.3
542 198.3
689 198.3
780 198.3
1142 198.3
1197 198.3
1222 198.3
1462 198.3
1474 198.3
1516 198.3
1586 198.3
2052 198.3
37 199.3
754 199.3
755 199.3
854 199.3
1177 199.3
1257 199.3
1298 199.3
1438 199.3
1491 199.3
1554 199.3
1575 199.3
1632 199.3
1753 199.3
1848 199.3
1859 199.3
1995 199.3
2118 199.3
296 201
1614 202
26 203
245 203
553 204
782 204
1184 204
574 205
2227 205
1157 205
1370 205
484 206
565 206
1232 206
125 207
720 207
1169 207
515 209
1543 210
42 211
772 211
2064 211
1178 211
1242 211
1689 211
1544 213
413 214
1360 214
51 215
1324 215
1358 215
1800 215
1546 217
1780 217
288 218
838 218
157 220
342 220
837 221
2099 222
1439 222
1785 222
1959 222
290 224
355 224
1397 224
453 225
681 225
1136 225
711 226
744 226
2100 228
1434 228
1735 228
351 229
618 229
1789 229
1830 229
427 230
2204 230
1599 230
1957 231
576 232
642 232
804 232
1804 232
30 233
872 233
617 234
737 234
2153 235
132 237
1172 237
456 239
2204 240
412 241
1892 241
502 242
2124 242
1547 242
191 243
346 243
383 245
1303 247
1949 247
2016 248
335 249
1715 249
2088 250
857 251
1443 251
449 252
450 252
875 252
2165 253
1939 253
406 255
1859 255
1338 256
1616 256
90 257
2076 257
498 258
104 259
746 259
855 261
1424 261
317 262
1741 262
875 263
1730 263
1989 263
910 264
2098 264
1658 264
1643 266
571 267
701 267
725 267
1884 267
281 268
1839 268
635 270
1278 270
1280 270
249 271
318 271
1222 271
380 272
616 272
864 272
1406 272
102 273
2157 274
540 277
109 278
738 279
1785 280
1981 280
190 281
414 283
507 283
796 283
1854 283
1919 283
1825 284
2164 285
1213 287
1597 287
1939 287
1977 287
197 289
1975 290
620 291
1899 291
655 292
1312 292
1484 293
23 295
750 297
1522 297
1711 297
61 299
239 299
829 299
139 300
794 300
