2180 1
1416 1
93 3
1564 4
1958 4
503 5
1396 7
1233 8
115 10
683 10
2039 10
364 11
54 12
319 12
1622 12
375 13
1438 13
1866 13
2230 14
434 16
764 16
520 17
2183 17
1615 17
220 19
1851 19
137 20
2049 20
1937 21
1671 22
1716 22
1295 23
1547 23
633 25
1173 25
1509 25
780 26
1245 26
1929 26
117 27
1644 28
567 29
758 29
2207 29
1190 29
1484 29
1600 29
391 30
501 30
878 30
2200 31
619 33
859 33
1624 34
218 36
873 36
1859 36
707 37
2169 37
1986 37
1267 39
1666 39
294 42
692 42
1234 42
571 44
807 45
465 46
514 46
1209 46
1918 46
513 49
589 49
858 49
1589 49
467 50
703 50
1601 50
1745 51
849 52
2203 55
1761 55
1541 56
2161 57
1915 57
521 58
949 58
1859 58
243 60
564 60
303 62
1380 63
195 64
597 64
1746 65
1179 66
1392 66
414 67
468 67
1966 69
118 70
667 70
726 71
2083 71
1301 71
1228 72
260 73
346 73
871 73
1131 73
1789 73
754 74
70 78
31 79
759 79
2051 79
1742 79
2059 80
1764 81
1913 81
1469 82
1614 82
352 84
1590 85
1187 86
78 89
94 90
786 91
1604 92
1801 92
291 93
435 93
1247 94
358 96
2004 96
1145 96
206 97
1933 97
2072 98
1353 98
1462 98
1856 98
107 99
208 100.7
414 100.7
810 100.7
1268 100.7
1491 100.7
1587 100.7
2095 100.7
435 101.7
484 101.7
877 101.7
1331 101.7
1769 101.7
1965 101.7
151 102.7
191 102.7
369 102.7
410 102.7
590 102.7
742 102.7
778 102.7
1482 102.7
1936 102.7
1971 102.7
2036 102.7
2154 102.7
2164 102.7
2208 102.7
109 103.7
241 103.7
297 103.7
400 103.7
415 103.7
516 103.7
569 103.7
582 103.7
613 103.7
627 103.7
645 103.7
763 103.7
804 103.7
823 103.7
839 103.7
1068 103.7
1125 103.7
1236 103.7
1320 103.7
1400 103.7
1534 103.7
1545 103.7
1594 103.7
1667 103.7
1883 103.7
1886 103.7
1915 103.7
1917 103.7
2211 103.7
34 104.7
71 104.7
76 104.7
165 104.7
256 104.7
273 104.7
274 104.7
301 104.7
356 104.7
371 104.7
387 104.7
424 104.7
447 104.7
467 104.7
472 104.7
487 104.7
500 104.7
510 104.7
518 104.7
618 104.7
632 104.7
647 104.7
751 104.7
873 104.7
1120 104.7
1200 104.7
1217 104.7
1238 104.7
1267 104.7
1749 104.7
1958 104.7
26 105.7
104 105.7
149 105.7
207 105.7
240 105.7
492 105.7
521 105.7
577 105.7
906 105.7
1126 105.7
1473 105.7
1820 105.7
1995 105.7
2004 105.7
2093 105.7
187 106.7
637 106.7
916 106.7
1141 106.7
1199 106.7
1245 106.7
1287 106.7
1393 106.7
1408 106.7
1498 106.7
1584 106.7
1736 106.7
1773 106.7
1954 106.7
114 107.7
351 107.7
451 107.7
514 107.7
1130 107.7
1514 107.7
1800 107.7
1959 107.7
170 108.7
321 108.7
368 108.7
434 108.7
441 108.7
446 108.7
469 108.7
802 108.7
874 108.7
164 109.7
225 109.7
242 109.7
266 109.7
322 109.7
723 109.7
801 109.7
813 109.7
1192 109.7
1369 109.7
1444 109.7
1508 109.7
1877 109.7
1919 109.7
2170 109.7
210 110.7
233 110.7
326 110.7
367 110.7
380 110.7
398 110.7
418 110.7
431 110.7
462 110.7
541 110.7
649 110.7
689 110.7
691 110.7
796 110.7
829 110.7
998 110.7
1274 110.7
1291 110.7
1318 110.7
1383 110.7
1433 110.7
1560 110.7
1596 110.7
1605 110.7
1704 110.7
1744 110.7
1755 110.7
1994 110.7
2084 110.7
2111 110.7
2200 110.7
14 111.7
64 111.7
79 111.7
95 111.7
175 111.7
181 111.7
212 111.7
265 111.7
306 111.7
345 111.7
347 111.7
427 111.7
475 111.7
556 111.7
578 111.7
592 111.7
626 111.7
658 111.7
715 111.7
788 111.7
836 111.7
1129 111.7
1160 111.7
1321 111.7
1377 111.7
1591 111.7
1651 111.7
1654 111.7
2147 111.7
2224 111.7
37 112.7
194 112.7
231 112.7
244 112.7
314 112.7
375 112.7
392 112.7
491 112.7
552 112.7
805 112.7
1372 112.7
1375 112.7
1481 112.7
1737 112.7
1822 112.7
2101 112.7
2138 112.7
2173 112.7
168 113.7
387 113.7
524 113.7
837 113.7
1205 113.7
1410 113.7
1511 113.7
1533 113.7
1619 113.7
1855 113.7
101 114.7
157 114.7
356 114.7
374 114.7
1223 114.7
1392 114.7
1479 114.7
1672 114.7
281 115.7
309 115.7
746 115.7
828 115.7
852 115.7
1131 115.7
1339 115.7
1500 115.7
1909 115.7
2062 115.7
2086 115.7
2103 115.7
192 116.7
236 116.7
257 116.7
381 116.7
390 116.7
457 116.7
521 116.7
551 116.7
585 116.7
670 116.7
817 116.7
1174 116.7
1348 116.7
1805 116.7
1816 116.7
1956 116.7
2185 116.7
2212 116.7
132 117.7
197 117.7
245 117.7
270 117.7
288 117.7
323 117.7
363 117.7
415 117.7
419 117.7
435 117.7
536 117.7
593 117.7
607 117.7
848 117.7
881 117.7
960 117.7
1466 117.7
1887 117.7
1925 117.7
2009 117.7
2125 117.7
30 118.7
63 118.7
151 118.7
183 118.7
217 118.7
243 118.7
291 118.7
320 118.7
339 118.7
353 118.7
747 118.7
1004 118.7
1065 118.7
1424 118.7
1638 118.7
127 119.7
131 119.7
300 119.7
342 119.7
366 119.7
579 119.7
1239 119.7
1310 119.7
1433 119.7
1754 119.7
1828 119.7
1901 119.7
1908 119.7
1937 119.7
312 120.7
333 120.7
376 120.7
391 120.7
583 120.7
1543 120.7
1561 120.7
1696 120.7
1988 120.7
2197 120.7
169 121.7
247 121.7
251 121.7
261 121.7
584 121.7
660 121.7
781 121.7
910 121.7
1267 121.7
1375 121.7
1523 121.7
1532 121.7
1678 121.7
1721 121.7
1809 121.7
295 122.7
449 122.7
512 122.7
737 122.7
1152 122.7
1259 122.7
1379 122.7
1507 122.7
1735 122.7
1940 122.7
1953 122.7
2023 122.7
73 123.7
152 123.7
228 123.7
296 123.7
348 123.7
369 123.7
378 123.7
422 123.7
453 123.7
514 123.7
517 123.7
543 123.7
547 123.7
579 123.7
1154 123.7
1227 123.7
1248 123.7
1320 123.7
1371 123.7
1396 123.7
1432 123.7
1461 123.7
1495 123.7
1653 123.7
1882 123.7
2173 123.7
2177 123.7
2231 123.7
109 124.7
129 124.7
202 124.7
307 124.7
375 124.7
385 124.7
388 124.7
491 124.7
617 124.7
686 124.7
712 124.7
729 124.7
734 124.7
841 124.7
1209 124.7
1254 124.7
1701 124.7
1734 124.7
1819 124.7
1946 124.7
2239 124.7
56 125.7
95 125.7
178 125.7
211 125.7
236 125.7
247 125.7
297 125.7
367 125.7
480 125.7
661 125.7
704 125.7
837 125.7
1206 125.7
1322 125.7
1360 125.7
1550 125.7
1624 125.7
1674 125.7
27 126.7
67 126.7
82 126.7
244 126.7
335 126.7
411 126.7
438 126.7
442 126.7
540 126.7
587 126.7
830 126.7
1542 126.7
1591 126.7
1627 126.7
1825 126.7
1867 126.7
1907 126.7
2199 126.7
2229 126.7
120 127.7
142 127.7
214 127.7
316 127.7
444 127.7
490 127.7
579 127.7
687 127.7
848 127.7
1365 127.7
1393 127.7
2112 127.7
173 128.7
347 128.7
432 128.7
484 128.7
487 128.7
533 128.7
569 128.7
719 128.7
877 128.7
1136 128.7
1293 128.7
1300 128.7
1388 128.7
1489 128.7
1650 128.7
1887 128.7
1918 128.7
1926 128.7
1932 128.7
1958 128.7
2034 128.7
46 129.7
68 129.7
269 129.7
293 129.7
320 129.7
453 129.7
592 129.7
696 129.7
763 129.7
805 129.7
1137 129.7
1276 129.7
1306 129.7
1482 129.7
1485 129.7
1506 129.7
1539 129.7
1749 129.7
2165 129.7
87 130.7
201 130.7
352 130.7
358 130.7
396 130.7
489 130.7
524 130.7
539 130.7
580 130.7
632 130.7
636 130.7
655 130.7
683 130.7
732 130.7
771 130.7
820 130.7
869 130.7
1034 130.7
1264 130.7
1278 130.7
1288 130.7
1372 130.7
1379 130.7
1426 130.7
1494 130.7
1521 130.7
1555 130.7
1597 130.7
1667 130.7
1731 130.7
1732 130.7
1767 130.7
1785 130.7
1788 130.7
1899 130.7
2076 130.7
2102 130.7
7 131.7
45 131.7
322 131.7
361 131.7
410 131.7
495 131.7
496 131.7
577 131.7
614 131.7
680 131.7
701 131.7
726 131.7
873 131.7
1176 131.7
1295 131.7
1317 131.7
1499 131.7
1527 131.7
1743 131.7
2135 131.7
200 132.7
213 132.7
505 132.7
515 132.7
518 132.7
547 132.7
556 132.7
725 132.7
762 132.7
1170 132.7
1177 132.7
1332 132.7
1377 132.7
1568 132.7
1813 132.7
1962 132.7
2211 132.7
2221 132.7
312 133.7
437 133.7
472 133.7
504 133.7
552 133.7
1605 133.7
2212 133.7
2228 133.7
288 134.7
309 134.7
485 134.7
491 134.7
583 134.7
597 134.7
605 134.7
799 134.7
842 134.7
1281 134.7
1616 134.7
1741 134.7
1888 134.7
87 135.7
202 135.7
289 135.7
501 135.7
569 135.7
700 135.7
767 135.7
848 135.7
875 135.7
1206 135.7
1333 135.7
1754 135.7
1766 135.7
1816 135.7
1998 135.7
62 136.7
272 136.7
297 136.7
354 136.7
390 136.7
463 136.7
465 136.7
549 136.7
553 136.7
594 136.7
625 136.7
656 136.7
685 136.7
688 136.7
722 136.7
981 136.7
1079 136.7
1327 136.7
1364 136.7
1508 136.7
1553 136.7
64 137.7
74 137.7
273 137.7
316 137.7
338 137.7
433 137.7
458 137.7
610 137.7
630 137.7
659 137.7
856 137.7
1184 137.7
1213 137.7
1215 137.7
1324 137.7
1351 137.7
1381 137.7
1472 137.7
1600 137.7
1673 137.7
1837 137.7
1943 137.7
2021 137.7
2107 137.7
2214 137.7
351 138.7
497 138.7
598 138.7
626 138.7
654 138.7
742 138.7
798 138.7
805 138.7
828 138.7
835 138.7
1263 138.7
1548 138.7
1629 138.7
1664 138.7
1850 138.7
2186 138.7
2195 138.7
15 139.7
205 139.7
364 139.7
455 139.7
457 139.7
494 139.7
651 139.7
667 139.7
731 139.7
771 139.7
1008 139.7
1270 139.7
1336 139.7
1799 139.7
2111 139.7
2213 139.7
240 140.7
378 140.7
417 140.7
533 140.7
566 140.7
868 140.7
1175 140.7
1287 140.7
1687 140.7
1985 140.7
2046 140.7
252 141.7
490 141.7
506 141.7
571 141.7
585 141.7
599 141.7
626 141.7
672 141.7
739 141.7
1195 141.7
1251 141.7
1258 141.7
1288 141.7
1479 141.7
1683 141.7
1793 141.7
26 142.7
39 142.7
263 142.7
395 142.7
405 142.7
454 142.7
528 142.7
579 142.7
779 142.7
1067 142.7
1198 142.7
1371 142.7
1411 142.7
1749 142.7
2054 142.7
2131 142.7
2203 142.7
61 143.7
78 143.7
201 143.7
300 143.7
358 143.7
363 143.7
389 143.7
401 143.7
428 143.7
562 143.7
565 143.7
591 143.7
631 143.7
650 143.7
676 143.7
697 143.7
706 143.7
716 143.7
1302 143.7
1331 143.7
1456 143.7
1463 143.7
1928 143.7
1941 143.7
2051 143.7
2212 143.7
225 144.7
352 144.7
380 144.7
418 144.7
423 144.7
467 144.7
532 144.7
544 144.7
583 144.7
592 144.7
600 144.7
633 144.7
1127 144.7
1350 144.7
1517 144.7
1527 144.7
1634 144.7
1658 144.7
1716 144.7
1812 144.7
1878 144.7
1892 144.7
1931 144.7
2128 144.7
67 145.7
180 145.7
182 145.7
215 145.7
294 145.7
307 145.7
533 145.7
604 145.7
627 145.7
675 145.7
691 145.7
809 145.7
840 145.7
983 145.7
1313 145.7
1388 145.7
1461 145.7
1662 145.7
1761 145.7
2207 145.7
35 146.7
164 146.7
412 146.7
523 146.7
713 146.7
927 146.7
1048 146.7
1222 146.7
1264 146.7
1619 146.7
1661 146.7
1669 146.7
1852 146.7
2096 146.7
2205 146.7
2234 146.7
92 147.7
319 147.7
614 147.7
683 147.7
1413 147.7
1978 147.7
421 148.7
470 148.7
712 148.7
799 148.7
1190 148.7
1227 148.7
1328 148.7
1448 148.7
1498 148.7
1778 148.7
1815 148.7
1864 148.7
2227 148.7
100 149.7
126 149.7
456 149.7
538 149.7
574 149.7
656 149.7
671 149.7
714 149.7
728 149.7
729 149.7
798 149.7
1011 149.7
1237 149.7
1366 149.7
1407 149.7
1418 149.7
1494 149.7
1692 149.7
2080 149.7
2113 149.7
2217 149.7
173 150.7
297 150.7
414 150.7
487 150.7
555 150.7
624 150.7
645 150.7
677 150.7
690 150.7
774 150.7
851 150.7
1212 150.7
1352 150.7
1376 150.7
1391 150.7
1638 150.7
1728 150.7
1763 150.7
1811 150.7
1939 150.7
1949 150.7
2025 150.7
2070 150.7
2107 150.7
2149 150.7
36 151.7
44 151.7
134 151.7
288 151.7
323 151.7
347 151.7
495 151.7
564 151.7
573 151.7
589 151.7
598 151.7
613 151.7
769 151.7
857 151.7
879 151.7
1196 151.7
1200 151.7
1213 151.7
1319 151.7
1394 151.7
1451 151.7
1808 151.7
1936 151.7
2029 151.7
2043 151.7
376 152.7
384 152.7
537 152.7
622 152.7
790 152.7
825 152.7
1183 152.7
1277 152.7
1293 152.7
1406 152.7
1430 152.7
1500 152.7
1809 152.7
1868 152.7
1902 152.7
1975 152.7
2051 152.7
230 153.7
759 153.7
1264 153.7
1718 153.7
575 154.7
626 154.7
721 154.7
1713 154.7
2148 154.7
340 155.7
389 155.7
461 155.7
512 155.7
514 155.7
516 155.7
543 155.7
550 155.7
604 155.7
609 155.7
614 155.7
697 155.7
866 155.7
257 156.7
362 156.7
426 156.7
500 156.7
519 156.7
520 156.7
544 156.7
552 156.7
641 156.7
683 156.7
751 156.7
804 156.7
1179 156.7
1210 156.7
1269 156.7
1275 156.7
1364 156.7
1575 156.7
1775 156.7
1915 156.7
1922 156.7
290 157.7
315 157.7
408 157.7
447 157.7
492 157.7
521 157.7
525 157.7
558 157.7
566 157.7
570 157.7
583 157.7
619 157.7
667 157.7
689 157.7
694 157.7
710 157.7
800 157.7
1042 157.7
1246 157.7
1309 157.7
1334 157.7
1357 157.7
1488 157.7
1570 157.7
1603 157.7
1656 157.7
1715 157.7
1768 157.7
1828 157.7
1855 157.7
1987 157.7
2103 157.7
2153 157.7
2154 157.7
64 158.7
157 158.7
206 158.7
425 158.7
554 158.7
630 158.7
633 158.7
634 158.7
707 158.7
867 158.7
1186 158.7
1277 158.7
1607 158.7
1610 158.7
1699 158.7
1964 158.7
2041 158.7
175 159.7
562 159.7
637 159.7
646 159.7
661 159.7
706 159.7
764 159.7
842 159.7
1203 159.7
1213 159.7
1616 159.7
1937 159.7
455 160.7
585 160.7
1633 160.7
1700 160.7
1732 160.7
1993 160.7
2233 160.7
53 161.7
178 161.7
182 161.7
405 161.7
549 161.7
561 161.7
581 161.7
629 161.7
720 161.7
728 161.7
1291 161.7
1340 161.7
1400 161.7
1604 161.7
1733 161.7
1854 161.7
2025 161.7
2113 161.7
2155 161.7
98 162.7
115 162.7
272 162.7
750 162.7
785 162.7
839 162.7
1292 162.7
1564 162.7
1853 162.7
1932 162.7
2011 162.7
2167 162.7
77 163.7
87 163.7
504 163.7
506 163.7
544 163.7
611 163.7
658 163.7
693 163.7
716 163.7
770 163.7
782 163.7
853 163.7
1099 163.7
1240 163.7
1493 163.7
1635 163.7
1669 163.7
1779 163.7
1826 163.7
1864 163.7
1948 163.7
1979 163.7
1981 163.7
2094 163.7
2104 163.7
2137 163.7
2188 163.7
131 164.7
190 164.7
368 164.7
410 164.7
415 164.7
473 164.7
527 164.7
613 164.7
632 164.7
655 164.7
669 164.7
674 164.7
679 164.7
680 164.7
703 164.7
747 164.7
773 164.7
788 164.7
1272 164.7
1506 164.7
1565 164.7
1738 164.7
1793 164.7
1976 164.7
2005 164.7
2183 164.7
123 165.7
197 165.7
225 165.7
301 165.7
424 165.7
495 165.7
571 165.7
838 165.7
1430 165.7
1450 165.7
1566 165.7
1892 165.7
2111 165.7
323 166.7
502 166.7
572 166.7
597 166.7
600 166.7
651 166.7
698 166.7
815 166.7
877 166.7
1757 166.7
2036 166.7
2170 166.7
71 167.7
522 167.7
589 167.7
682 167.7
708 167.7
1371 167.7
1749 167.7
1769 167.7
146 168.7
312 168.7
477 168.7
481 168.7
653 168.7
704 168.7
741 168.7
779 168.7
825 168.7
888 168.7
911 168.7
1630 168.7
1865 168.7
1990 168.7
2019 168.7
242 169.7
484 169.7
492 169.7
705 169.7
719 169.7
757 169.7
796 169.7
804 169.7
810 169.7
914 169.7
1152 169.7
1311 169.7
1934 169.7
2062 169.7
2144 169.7
201 170.7
224 170.7
259 170.7
265 170.7
348 170.7
367 170.7
374 170.7
425 170.7
464 170.7
469 170.7
510 170.7
675 170.7
678 170.7
683 170.7
684 170.7
742 170.7
811 170.7
816 170.7
852 170.7
907 170.7
948 170.7
1155 170.7
1297 170.7
1361 170.7
1403 170.7
1644 170.7
1649 170.7
1658 170.7
1668 170.7
1790 170.7
1813 170.7
2145 170.7
2147 170.7
193 171.7
386 171.7
480 171.7
551 171.7
657 171.7
690 171.7
730 171.7
731 171.7
798 171.7
951 171.7
1434 171.7
2065 171.7
2088 171.7
2179 171.7
436 172.7
575 172.7
707 172.7
775 172.7
1517 172.7
1763 172.7
2042 172.7
2044 172.7
2186 172.7
22 173.7
180 173.7
405 173.7
659 173.7
864 173.7
1481 173.7
1527 173.7
394 174.7
655 174.7
801 174.7
856 174.7
881 174.7
947 174.7
1221 174.7
1295 174.7
1613 174.7
1962 174.7
56 175.7
149 175.7
494 175.7
523 175.7
530 175.7
576 175.7
631 175.7
694 175.7
765 175.7
1312 175.7
1455 175.7
1620 175.7
1630 175.7
1736 175.7
1775 175.7
26 176.7
161 176.7
330 176.7
456 176.7
515 176.7
528 176.7
556 176.7
566 176.7
623 176.7
667 176.7
670 176.7
695 176.7
1174 176.7
1407 176.7
1461 176.7
1581 176.7
1815 176.7
92 177.7
111 177.7
156 177.7
214 177.7
384 177.7
501 177.7
559 177.7
735 177.7
785 177.7
823 177.7
839 177.7
889 177.7
1081 177.7
1166 177.7
1210 177.7
1254 177.7
1266 177.7
1440 177.7
1447 177.7
1539 177.7
1726 177.7
1892 177.7
1968 177.7
2029 177.7
2054 177.7
2061 177.7
2076 177.7
2188 177.7
2197 177.7
307 178.7
321 178.7
357 178.7
570 178.7
634 178.7
865 178.7
1137 178.7
1186 178.7
1282 178.7
1284 178.7
1302 178.7
1400 178.7
1416 178.7
1508 178.7
1514 178.7
1868 178.7
1882 178.7
1964 178.7
2016 178.7
2136 178.7
205 179.7
463 179.7
564 179.7
704 179.7
740 179.7
837 179.7
1200 179.7
1439 179.7
1559 179.7
1786 179.7
1889 179.7
1940 179.7
1944 179.7
1980 179.7
2005 179.7
2009 179.7
452 180.7
722 180.7
730 180.7
748 180.7
812 180.7
958 180.7
1155 180.7
1352 180.7
2176 180.7
65 181.7
102 181.7
132 181.7
625 181.7
745 181.7
756 181.7
805 181.7
829 181.7
843 181.7
869 181.7
951 181.7
1561 181.7
1586 181.7
1757 181.7
1787 181.7
72 182.7
340 182.7
366 182.7
613 182.7
698 182.7
711 182.7
979 182.7
1169 182.7
1174 182.7
1341 182.7
1466 182.7
1642 182.7
1643 182.7
1906 182.7
1973 182.7
2205 182.7
49 183.7
93 183.7
303 183.7
322 183.7
419 183.7
703 183.7
773 183.7
794 183.7
832 183.7
840 183.7
916 183.7
1000 183.7
1364 183.7
1367 183.7
1463 183.7
1529 183.7
1663 183.7
1806 183.7
1866 183.7
2008 183.7
2099 183.7
3 184.7
8 184.7
98 184.7
134 184.7
207 184.7
370 184.7
540 184.7
558 184.7
586 184.7
609 184.7
632 184.7
691 184.7
753 184.7
797 184.7
817 184.7
931 184.7
992 184.7
1012 184.7
1124 184.7
1487 184.7
1552 184.7
1556 184.7
1711 184.7
2164 184.7
230 185.7
239 185.7
764 185.7
792 185.7
870 185.7
871 185.7
1177 185.7
1399 185.7
1799 185.7
1840 185.7
1938 185.7
1995 185.7
2027 185.7
2117 185.7
52 186.7
142 186.7
202 186.7
422 186.7
543 186.7
599 186.7
705 186.7
755 186.7
798 186.7
856 186.7
1203 186.7
1330 186.7
1835 186.7
1837 186.7
57 187.7
540 187.7
668 187.7
769 187.7
808 187.7
984 187.7
997 187.7
1189 187.7
1308 187.7
1423 187.7
1474 187.7
1895 187.7
2065 187.7
165 188.7
334 188.7
562 188.7
692 188.7
950 188.7
1095 188.7
1500 188.7
1544 188.7
1854 188.7
235 189.7
279 189.7
478 189.7
517 189.7
539 189.7
574 189.7
675 189.7
751 189.7
831 189.7
859 189.7
1435 189.7
1625 189.7
1912 189.7
1965 189.7
118 190.7
138 190.7
274 190.7
409 190.7
568 190.7
587 190.7
591 190.7
612 190.7
629 190.7
706 190.7
719 190.7
725 190.7
741 190.7
759 190.7
765 190.7
781 190.7
789 190.7
834 190.7
836 190.7
908 190.7
980 190.7
1147 190.7
1372 190.7
1375 190.7
1458 190.7
1488 190.7
1537 190.7
1572 190.7
1855 190.7
2035 190.7
2070 190.7
2238 190.7
45 191.7
112 191.7
150 191.7
360 191.7
366 191.7
493 191.7
521 191.7
542 191.7
650 191.7
809 191.7
862 191.7
884 191.7
938 191.7
974 191.7
1091 191.7
1135 191.7
1185 191.7
1221 191.7
1328 191.7
1571 191.7
1589 191.7
1604 191.7
1719 191.7
1869 191.7
1925 191.7
1948 191.7
394 192.7
466 192.7
630 192.7
715 192.7
796 192.7
867 192.7
955 192.7
1038 192.7
1865 192.7
1938 192.7
2080 192.7
134 193.7
180 193.7
522 193.7
722 193.7
748 193.7
1356 193.7
1365 193.7
1495 193.7
1520 193.7
1673 193.7
1793 193.7
2173 193.7
531 194.7
674 194.7
710 194.7
872 194.7
1153 194.7
1283 194.7
1489 194.7
420 195.7
451 195.7
564 195.7
662 195.7
683 195.7
760 195.7
909 195.7
1040 195.7
1267 195.7
1418 195.7
1579 195.7
1613 195.7
1644 195.7
158 196.7
644 196.7
697 196.7
861 196.7
947 196.7
1248 196.7
1404 196.7
1785 196.7
2034 196.7
2042 196.7
2088 196.7
2127 196.7
116 197.7
129 197.7
268 197.7
395 197.7
496 197.7
515 197.7
771 197.7
829 197.7
839 197.7
858 197.7
865 197.7
876 197.7
883 197.7
940 197.7
994 197.7
1148 197.7
1176 197.7
1196 197.7
1288 197.7
1292 197.7
1395 197.7
1424 197.7
1476 197.7
1480 197.7
1486 197.7
1552 197.7
1835 197.7
1840 197.7
1980 197.7
2150 197.7
157 198.7
308 198.7
408 198.7
649 198.7
687 198.7
720 198.7
822 198.7
836 198.7
871 198.7
925 198.7
953 198.7
1129 198.7
1163 198.7
1195 198.7
1255 198.7
1369 198.7
1565 198.7
1592 198.7
1794 198.7
1884 198.7
122 199.7
269 199.7
340 199.7
431 199.7
638 199.7
782 199.7
786 199.7
866 199.7
875 199.7
1678 199.7
1956 199.7
825 201
1350 201
1483 201
204 202
246 203
295 205
354 206
512 206
1230 206
186 209
398 209
513 209
2005 209
1832 209
248 210
343 210
2058 211
2209 211
1565 211
1763 211
283 212
2224 212
1338 212
1418 212
212 214
1259 214
1941 215
580 216
2081 216
2105 216
526 217
1246 217
1963 217
368 218
2179 218
545 219
185 220
923 220
1595 220
2026 221
1373 223
1183 224
1242 224
481 226
489 226
1590 227
1524 229
1962 229
716 230
1368 231
1532 231
1402 232
189 233
698 233
2186 234
1456 234
1731 234
705 235
1186 235
363 237
2192 237
1323 237
203 238
447 238
2109 238
1145 238
79 241
464 241
587 241
255 242
575 243
445 244
775 244
752 245
1401 245
1618 245
2081 246
1689 246
722 247
2118 247
1236 248
1597 249
425 250
728 250
1 251
279 251
303 251
1439 252
161 253
287 253
581 255
1221 255
1246 255
1654 257
749 258
55 259
223 259
279 260
1294 261
841 262
1731 263
454 265
1038 265
572 266
667 266
1637 266
1681 266
1744 266
112 267
171 267
767 267
1503 268
134 271
743 273
247 274
1995 274
827 275
1598 275
668 276
2002 278
2065 278
1843 278
2006 279
2236 279
1351 279
1674 281
627 283
1433 285
1527 285
2174 286
1403 286
1198 287
1928 288
118 289
625 289
1437 289
209 290
632 290
1724 290
27 291
178 291
1640 294
19 295
67 295
1673 295
389 296
444 296
872 296
1393 296
222 297
498 297
1228 297
1889 297
1913 297
2165 298
