80 1
604 1
805 1
1617 1
524 2
626 4
519 5
621 5
1622 5
1136 6
1427 7
1692 7
122 8
1004 9
745 10
1693 11
640 13
347 14
1755 14
1467 16
1529 18
1966 19
1798 20
264 21
304 21
835 22
1164 23
1385 23
583 25
242 26
2138 26
1637 26
120 27
1230 27
2146 28
1407 28
1915 28
43 29
69 29
2003 29
2155 29
13 30
480 30
1542 30
1698 30
824 31
329 32
234 33
421 33
806 33
814 34
1341 34
1797 35
58 36
656 37
2003 38
813 39
1265 40
1809 40
719 41
80 42
604 42
1453 42
487 44
2079 45
1505 45
1784 46
376 47
2115 47
1440 47
88 49
1677 49
527 50
1012 50
1778 50
1872 51
1990 51
84 52
2052 52
1453 52
250 53
752 54
362 56
241 58
668 58
126 59
456 59
626 59
472 60
1147 60
1512 60
1810 60
42 62
293 62
167 63
527 63
1315 63
1446 63
1508 63
2158 64
603 65
755 65
522 66
392 67
1442 67
1943 67
2049 69
91 70
2232 71
186 72
681 72
277 73
2151 73
2164 73
66 74
53 75
516 76
1381 76
331 77
1527 77
1740 77
1477 78
1515 79
1882 79
264 80
1306 80
1317 80
171 81
245 81
544 83
1298 83
1944 83
2195 84
550 85
1436 85
1934 85
234 86
549 86
2046 86
1836 86
1465 87
726 88
1307 89
872 90
1253 90
1599 90
1730 91
424 92
1487 92
388 93
823 94
1641 94
1928 94
182 95
1340 95
1499 95
241 96
257 96
854 97
1006 97
114 99
1801 100
14 100.3
71 100.3
145 100.3
425 100.3
761 100.3
1289 100.3
1476 100.3
1624 100.3
1676 100.3
1770 100.3
1830 100.3
2083 100.3
2126 100.3
77 101.3
797 101.3
1229 101.3
1478 101.3
1525 101.3
1534 101.3
1611 101.3
1740 101.3
1911 101.3
1913 101.3
1923 101.3
2220 101.3
315 102.3
536 102.3
758 102.3
809 102.3
1522 102.3
1640 102.3
1659 102.3
1661 102.3
1662 102.3
1732 102.3
1803 102.3
1872 102.3
1966 102.3
1994 102.3
2042 102.3
1584 103.3
1622 103.3
1849 103.3
1920 103.3
1 104.3
41 104.3
66 104.3
364 104.3
1122 104.3
1286 104.3
1548 104.3
1654 104.3
1679 104.3
2040 104.3
46 105.3
641 105.3
711 105.3
753 105.3
1067 105.3
1152 105.3
1189 105.3
1207 105.3
1336 105.3
1344 105.3
1377 105.3
1462 105.3
1531 105.3
1544 105.3
1568 105.3
1600 105.3
1682 105.3
1684 105.3
1685 105.3
1748 105.3
1774 105.3
1832 105.3
1947 105.3
1992 105.3
2071 105.3
2135 105.3
2175 105.3
2178 105.3
2229 105.3
2232 105.3
3 106.3
122 106.3
377 106.3
431 106.3
558 106.3
766 106.3
1240 106.3
1356 106.3
1384 106.3
1432 106.3
1476 106.3
1503 106.3
1716 106.3
1759 106.3
1809 106.3
1821 106.3
1855 106.3
1869 106.3
1917 106.3
1996 106.3
2128 106.3
92 107.3
111 107.3
217 107.3
310 107.3
863 107.3
1150 107.3
1363 107.3
1613 107.3
1614 107.3
1902 107.3
219 108.3
227 108.3
724 108.3
1385 108.3
1639 108.3
1698 108.3
1757 108.3
1775 108.3
1887 108.3
1964 108.3
2019 108.3
2059 108.3
179 109.3
230 109.3
512 109.3
644 109.3
855 109.3
1442 109.3
1446 109.3
1562 109.3
1750 109.3
1890 109.3
70 110.3
129 110.3
156 110.3
158 110.3
223 110.3
625 110.3
697 110.3
847 110.3
1029 110.3
1477 110.3
1555 110.3
1572 110.3
1623 110.3
1660 110.3
1683 110.3
1741 110.3
1906 110.3
1955 110.3
2105 110.3
58 111.3
141 111.3
241 111.3
282 111.3
287 111.3
306 111.3
435 111.3
552 111.3
650 111.3
705 111.3
753 111.3
918 111.3
1142 111.3
1146 111.3
1193 111.3
1455 111.3
1473 111.3
1589 111.3
1643 111.3
1656 111.3
1704 111.3
1735 111.3
1738 111.3
1814 111.3
1961 111.3
10 112.3
33 112.3
105 112.3
207 112.3
244 112.3
257 112.3
271 112.3
399 112.3
416 112.3
432 112.3
478 112.3
597 112.3
678 112.3
754 112.3
835 112.3
1344 112.3
1457 112.3
1533 112.3
1594 112.3
1608 112.3
1690 112.3
1705 112.3
1712 112.3
1726 112.3
1739 112.3
1747 112.3
1807 112.3
1864 112.3
1881 112.3
1894 112.3
1926 112.3
1957 112.3
1983 112.3
2122 112.3
213 113.3
274 113.3
460 113.3
464 113.3
502 113.3
818 113.3
1155 113.3
1322 113.3
1493 113.3
1602 113.3
1664 113.3
1686 113.3
1817 113.3
1886 113.3
1963 113.3
1994 113.3
11 114.3
34 114.3
368 114.3
1128 114.3
1138 114.3
1210 114.3
1265 114.3
1360 114.3
1423 114.3
1544 114.3
1646 114.3
1920 114.3
1927 114.3
1928 114.3
1972 114.3
408 115.3
441 115.3
612 115.3
712 115.3
874 115.3
1267 115.3
1482 115.3
1903 115.3
1922 115.3
2030 115.3
147 116.3
196 116.3
334 116.3
351 116.3
443 116.3
503 116.3
589 116.3
599 116.3
691 116.3
1559 116.3
1564 116.3
1619 116.3
1631 116.3
1674 116.3
1759 116.3
1826 116.3
1877 116.3
1884 116.3
1990 116.3
2080 116.3
308 117.3
523 117.3
701 117.3
852 117.3
864 117.3
1425 117.3
1486 117.3
1609 117.3
1668 117.3
1678 117.3
1713 117.3
1731 117.3
1804 117.3
1883 117.3
1902 117.3
1979 117.3
2023 117.3
2067 117.3
50 118.3
189 118.3
239 118.3
289 118.3
320 118.3
372 118.3
629 118.3
673 118.3
699 118.3
750 118.3
1149 118.3
1295 118.3
1304 118.3
1661 118.3
1677 118.3
1728 118.3
1773 118.3
1935 118.3
1956 118.3
1970 118.3
1978 118.3
2014 118.3
2070 118.3
2116 118.3
2217 118.3
71 119.3
280 119.3
295 119.3
480 119.3
489 119.3
580 119.3
709 119.3
796 119.3
983 119.3
1171 119.3
1291 119.3
1300 119.3
1352 119.3
1526 119.3
1579 119.3
1847 119.3
1901 119.3
1905 119.3
1996 119.3
2064 119.3
2145 119.3
2168 119.3
352 120.3
427 120.3
517 120.3
567 120.3
622 120.3
653 120.3
1137 120.3
1361 120.3
1601 120.3
1621 120.3
1770 120.3
1939 120.3
2127 120.3
19 121.3
860 121.3
1342 121.3
1353 121.3
1575 121.3
1658 121.3
1720 121.3
1768 121.3
1868 121.3
2061 121.3
243 122.3
603 122.3
1225 122.3
1514 122.3
1665 122.3
1810 122.3
1966 122.3
1995 122.3
2083 122.3
20 123.3
89 123.3
173 123.3
294 123.3
356 123.3
736 123.3
758 123.3
761 123.3
1475 123.3
1498 123.3
1529 123.3
1595 123.3
1635 123.3
1726 123.3
1756 123.3
1778 123.3
1831 123.3
1869 123.3
1948 123.3
2194 123.3
37 124.3
165 124.3
186 124.3
563 124.3
766 124.3
1705 124.3
1823 124.3
1931 124.3
1963 124.3
1976 124.3
2146 124.3
2 125.3
3 125.3
100 125.3
175 125.3
305 125.3
306 125.3
336 125.3
657 125.3
714 125.3
725 125.3
836 125.3
1151 125.3
1250 125.3
1257 125.3
1336 125.3
1380 125.3
1408 125.3
1490 125.3
1603 125.3
1686 125.3
1708 125.3
1713 125.3
1717 125.3
1751 125.3
1771 125.3
1829 125.3
1925 125.3
1928 125.3
1962 125.3
1977 125.3
2059 125.3
2076 125.3
2214 125.3
38 126.3
54 126.3
97 126.3
155 126.3
180 126.3
222 126.3
397 126.3
547 126.3
832 126.3
1165 126.3
1178 126.3
1454 126.3
1494 126.3
1499 126.3
1528 126.3
1588 126.3
1789 126.3
1865 126.3
1898 126.3
1900 126.3
1916 126.3
2012 126.3
2034 126.3
2126 126.3
2183 126.3
359 127.3
631 127.3
748 127.3
1260 127.3
1405 127.3
1596 127.3
1682 127.3
1872 127.3
1912 127.3
2027 127.3
23 128.3
323 128.3
417 128.3
546 128.3
619 128.3
737 128.3
1328 128.3
1763 128.3
1817 128.3
1850 128.3
1902 128.3
2034 128.3
229 129.3
636 129.3
821 129.3
1742 129.3
1766 129.3
1908 129.3
2207 129.3
67 130.3
318 130.3
357 130.3
442 130.3
709 130.3
849 130.3
1407 130.3
1679 130.3
1719 130.3
1786 130.3
1854 130.3
1897 130.3
2033 130.3
128 131.3
183 131.3
404 131.3
451 131.3
675 131.3
740 131.3
749 131.3
757 131.3
795 131.3
830 131.3
876 131.3
1209 131.3
1722 131.3
1781 131.3
1862 131.3
1868 131.3
1871 131.3
1881 131.3
1893 131.3
1968 131.3
2003 131.3
2019 131.3
2080 131.3
2230 131.3
36 132.3
68 132.3
140 132.3
141 132.3
180 132.3
226 132.3
385 132.3
401 132.3
431 132.3
445 132.3
543 132.3
594 132.3
658 132.3
1534 132.3
1555 132.3
1676 132.3
1715 132.3
1841 132.3
1851 132.3
1859 132.3
1876 132.3
1957 132.3
1982 132.3
2018 132.3
2050 132.3
2140 132.3
4 133.3
93 133.3
99 133.3
210 133.3
214 133.3
449 133.3
467 133.3
541 133.3
801 133.3
1122 133.3
1208 133.3
1434 133.3
1465 133.3
1476 133.3
1504 133.3
1583 133.3
1595 133.3
1700 133.3
1826 133.3
1849 133.3
1853 133.3
1951 133.3
1991 133.3
121 134.3
215 134.3
252 134.3
344 134.3
1333 134.3
1747 134.3
1828 134.3
1972 134.3
1978 134.3
2090 134.3
2145 134.3
49 135.3
112 135.3
127 135.3
216 135.3
1141 135.3
1156 135.3
1197 135.3
1199 135.3
1480 135.3
1866 135.3
1878 135.3
170 136.3
193 136.3
268 136.3
281 136.3
529 136.3
572 136.3
728 136.3
785 136.3
1315 136.3
1349 136.3
1795 136.3
1848 136.3
1974 136.3
1985 136.3
51 137.3
66 137.3
69 137.3
165 137.3
361 137.3
472 137.3
567 137.3
570 137.3
615 137.3
622 137.3
827 137.3
1416 137.3
1586 137.3
1609 137.3
1736 137.3
1753 137.3
1770 137.3
1804 137.3
1887 137.3
1910 137.3
1927 137.3
1999 137.3
2092 137.3
2231 137.3
70 138.3
143 138.3
277 138.3
422 138.3
437 138.3
465 138.3
577 138.3
580 138.3
870 138.3
1245 138.3
1248 138.3
1262 138.3
1378 138.3
1531 138.3
1716 138.3
1792 138.3
1819 138.3
1831 138.3
1854 138.3
1861 138.3
1891 138.3
1938 138.3
1940 138.3
1981 138.3
2054 138.3
2156 138.3
117 139.3
171 139.3
544 139.3
556 139.3
714 139.3
731 139.3
777 139.3
881 139.3
1325 139.3
1462 139.3
1464 139.3
1634 139.3
1745 139.3
1805 139.3
1808 139.3
1811 139.3
1915 139.3
1925 139.3
1935 139.3
1941 139.3
1961 139.3
1993 139.3
2040 139.3
65 140.3
78 140.3
80 140.3
224 140.3
333 140.3
773 140.3
1377 140.3
1628 140.3
1713 140.3
1743 140.3
1750 140.3
1774 140.3
1884 140.3
1890 140.3
2022 140.3
15 141.3
103 141.3
291 141.3
306 141.3
322 141.3
374 141.3
521 141.3
703 141.3
1249 141.3
1386 141.3
1741 141.3
1785 141.3
1815 141.3
1966 141.3
46 142.3
105 142.3
126 142.3
195 142.3
940 142.3
1130 142.3
1696 142.3
1809 142.3
1858 142.3
1877 142.3
1903 142.3
1942 142.3
2123 142.3
11 143.3
16 143.3
23 143.3
33 143.3
159 143.3
1479 143.3
1635 143.3
1649 143.3
1721 143.3
1773 143.3
1806 143.3
1840 143.3
1976 143.3
45 144.3
119 144.3
137 144.3
596 144.3
679 144.3
758 144.3
878 144.3
1234 144.3
1472 144.3
1480 144.3
1622 144.3
1674 144.3
1750 144.3
1783 144.3
1802 144.3
1816 144.3
1851 144.3
1905 144.3
2103 144.3
2168 144.3
24 145.3
99 145.3
179 145.3
207 145.3
212 145.3
242 145.3
323 145.3
416 145.3
489 145.3
550 145.3
601 145.3
794 145.3
1080 145.3
1163 145.3
1278 145.3
1401 145.3
1521 145.3
1598 145.3
1623 145.3
1724 145.3
1761 145.3
1810 145.3
1864 145.3
1967 145.3
1972 145.3
111 146.3
118 146.3
146 146.3
158 146.3
178 146.3
275 146.3
420 146.3
710 146.3
726 146.3
1323 146.3
1693 146.3
1699 146.3
1705 146.3
1784 146.3
1821 146.3
1831 146.3
1919 146.3
1941 146.3
1952 146.3
1961 146.3
2209 146.3
52 147.3
86 147.3
301 147.3
402 147.3
535 147.3
553 147.3
624 147.3
681 147.3
1355 147.3
1459 147.3
1555 147.3
1615 147.3
2197 147.3
21 148.3
100 148.3
180 148.3
425 148.3
472 148.3
686 148.3
1305 148.3
1416 148.3
1893 148.3
160 149.3
494 149.3
706 149.3
796 149.3
1739 149.3
1834 149.3
1850 149.3
1935 149.3
1986 149.3
1994 149.3
2188 149.3
82 150.3
95 150.3
123 150.3
355 150.3
432 150.3
528 150.3
1140 150.3
1266 150.3
1604 150.3
1718 150.3
1922 150.3
1979 150.3
1999 150.3
2019 150.3
56 151.3
59 151.3
398 151.3
407 151.3
424 151.3
428 151.3
690 151.3
747 151.3
1246 151.3
1436 151.3
1513 151.3
1550 151.3
1690 151.3
1779 151.3
1804 151.3
1828 151.3
1901 151.3
1910 151.3
1934 151.3
1980 151.3
1993 151.3
2093 151.3
10 152.3
32 152.3
119 152.3
140 152.3
181 152.3
371 152.3
413 152.3
555 152.3
586 152.3
644 152.3
707 152.3
845 152.3
855 152.3
881 152.3
1321 152.3
1369 152.3
1374 152.3
1405 152.3
1484 152.3
1534 152.3
1544 152.3
1548 152.3
1765 152.3
1819 152.3
1825 152.3
1855 152.3
1870 152.3
1911 152.3
1925 152.3
1969 152.3
1978 152.3
70 153.3
112 153.3
122 153.3
144 153.3
270 153.3
529 153.3
533 153.3
582 153.3
740 153.3
1189 153.3
1448 153.3
1497 153.3
1599 153.3
1749 153.3
1778 153.3
1805 153.3
1931 153.3
1983 153.3
2015 153.3
49 154.3
90 154.3
259 154.3
317 154.3
377 154.3
399 154.3
641 154.3
726 154.3
785 154.3
844 154.3
856 154.3
1038 154.3
1359 154.3
1811 154.3
1869 154.3
1898 154.3
2061 154.3
92 155.3
168 155.3
248 155.3
311 155.3
830 155.3
1144 155.3
1294 155.3
1297 155.3
1344 155.3
1404 155.3
27 156.3
212 156.3
282 156.3
438 156.3
468 156.3
670 156.3
1445 156.3
1588 156.3
1767 156.3
2030 156.3
2213 156.3
542 157.3
549 157.3
612 157.3
684 157.3
752 157.3
839 157.3
890 157.3
1174 157.3
1303 157.3
1442 157.3
1472 157.3
1618 157.3
1836 157.3
1880 157.3
1923 157.3
2 158.3
22 158.3
56 158.3
79 158.3
84 158.3
130 158.3
174 158.3
181 158.3
353 158.3
360 158.3
450 158.3
487 158.3
568 158.3
593 158.3
800 158.3
802 158.3
846 158.3
1256 158.3
1260 158.3
1371 158.3
1526 158.3
1540 158.3
1669 158.3
1797 158.3
1801 158.3
1862 158.3
1904 158.3
1937 158.3
2002 158.3
2014 158.3
2123 158.3
114 159.3
134 159.3
139 159.3
175 159.3
277 159.3
392 159.3
427 159.3
522 159.3
721 159.3
848 159.3
1056 159.3
1208 159.3
1333 159.3
1546 159.3
1549 159.3
1619 159.3
1621 159.3
1707 159.3
1727 159.3
1734 159.3
1752 159.3
1866 159.3
1941 159.3
1950 159.3
2076 159.3
2227 159.3
143 160.3
162 160.3
167 160.3
220 160.3
226 160.3
305 160.3
383 160.3
761 160.3
817 160.3
991 160.3
1232 160.3
1408 160.3
1499 160.3
1645 160.3
1891 160.3
1943 160.3
1948 160.3
1974 160.3
1996 160.3
2032 160.3
18 161.3
105 161.3
149 161.3
196 161.3
480 161.3
502 161.3
529 161.3
773 161.3
779 161.3
1237 161.3
1414 161.3
285 162.3
798 162.3
1210 162.3
1585 162.3
1843 162.3
1960 162.3
2018 162.3
2084 162.3
213 163.3
276 163.3
317 163.3
421 163.3
564 163.3
633 163.3
669 163.3
1265 163.3
1998 163.3
2181 163.3
2190 163.3
5 164.3
91 164.3
96 164.3
132 164.3
155 164.3
202 164.3
268 164.3
684 164.3
709 164.3
1360 164.3
1509 164.3
1857 164.3
1977 164.3
2001 164.3
9 165.3
13 165.3
109 165.3
114 165.3
116 165.3
164 165.3
181 165.3
239 165.3
275 165.3
320 165.3
370 165.3
375 165.3
419 165.3
676 165.3
949 165.3
1102 165.3
1149 165.3
1315 165.3
1323 165.3
1355 165.3
1827 165.3
1915 165.3
1926 165.3
1964 165.3
1997 165.3
45 166.3
125 166.3
140 166.3
201 166.3
211 166.3
250 166.3
451 166.3
536 166.3
602 166.3
843 166.3
984 166.3
1369 166.3
1974 166.3
2133 166.3
27 167.3
70 167.3
76 167.3
89 167.3
107 167.3
274 167.3
277 167.3
508 167.3
683 167.3
1305 167.3
1407 167.3
1537 167.3
1770 167.3
1819 167.3
1852 167.3
6 168.3
75 168.3
130 168.3
145 168.3
180 168.3
425 168.3
652 168.3
725 168.3
770 168.3
1120 168.3
1341 168.3
1467 168.3
1589 168.3
1809 168.3
1962 168.3
2020 168.3
379 169.3
587 169.3
662 169.3
1360 169.3
1778 169.3
1802 169.3
1869 169.3
1973 169.3
2067 169.3
2236 169.3
1 170.3
15 170.3
218 170.3
278 170.3
365 170.3
366 170.3
466 170.3
1391 170.3
1501 170.3
1517 170.3
1980 170.3
2004 170.3
2219 170.3
16 171.3
19 171.3
23 171.3
37 171.3
42 171.3
51 171.3
80 171.3
225 171.3
350 171.3
360 171.3
384 171.3
550 171.3
579 171.3
654 171.3
659 171.3
696 171.3
761 171.3
1300 171.3
1308 171.3
1345 171.3
1651 171.3
1660 171.3
1664 171.3
1716 171.3
1745 171.3
1810 171.3
1878 171.3
1932 171.3
1996 171.3
2081 171.3
124 172.3
135 172.3
228 172.3
542 172.3
593 172.3
815 172.3
1171 172.3
1255 172.3
1269 172.3
1326 172.3
1510 172.3
1743 172.3
1781 172.3
1799 172.3
1860 172.3
1928 172.3
1952 172.3
2030 172.3
2068 172.3
2200 172.3
12 173.3
28 173.3
63 173.3
86 173.3
210 173.3
238 173.3
297 173.3
348 173.3
349 173.3
568 173.3
585 173.3
609 173.3
634 173.3
685 173.3
805 173.3
837 173.3
1580 173.3
1659 173.3
1673 173.3
1875 173.3
1893 173.3
1942 173.3
1950 173.3
1989 173.3
8 174.3
201 174.3
244 174.3
259 174.3
540 174.3
1197 174.3
1264 174.3
1280 174.3
1351 174.3
1555 174.3
130 175.3
260 175.3
267 175.3
291 175.3
78 176.3
264 176.3
368 176.3
570 176.3
588 176.3
625 176.3
682 176.3
773 176.3
1258 176.3
11 177.3
88 177.3
101 177.3
105 177.3
167 177.3
205 177.3
224 177.3
295 177.3
299 177.3
308 177.3
598 177.3
1306 177.3
1322 177.3
1652 177.3
1898 177.3
1916 177.3
1952 177.3
1960 177.3
2004 177.3
107 178.3
144 178.3
162 178.3
171 178.3
174 178.3
200 178.3
206 178.3
286 178.3
341 178.3
430 178.3
477 178.3
514 178.3
799 178.3
1086 178.3
1287 178.3
1421 178.3
1446 178.3
1545 178.3
1589 178.3
1669 178.3
1826 178.3
1837 178.3
1873 178.3
1927 178.3
1990 178.3
2074 178.3
2204 178.3
74 179.3
79 179.3
98 179.3
155 179.3
256 179.3
336 179.3
417 179.3
438 179.3
440 179.3
452 179.3
549 179.3
623 179.3
719 179.3
856 179.3
867 179.3
1148 179.3
1224 179.3
1352 179.3
1519 179.3
1546 179.3
1551 179.3
1793 179.3
1900 179.3
1905 179.3
1917 179.3
2039 179.3
2051 179.3
2076 179.3
2112 179.3
114 180.3
146 180.3
258 180.3
408 180.3
422 180.3
666 180.3
1198 180.3
1373 180.3
1527 180.3
1707 180.3
1729 180.3
1782 180.3
1912 180.3
1978 180.3
2035 180.3
2087 180.3
160 181.3
170 181.3
202 181.3
303 181.3
511 181.3
797 181.3
1379 181.3
1415 181.3
1692 181.3
1700 181.3
1897 181.3
2080 181.3
82 182.3
343 182.3
1364 182.3
26 183.3
106 183.3
183 183.3
615 183.3
1672 183.3
1701 183.3
1946 183.3
1982 183.3
1996 183.3
2080 183.3
2230 183.3
33 184.3
102 184.3
104 184.3
159 184.3
177 184.3
243 184.3
269 184.3
306 184.3
493 184.3
723 184.3
811 184.3
817 184.3
1213 184.3
1285 184.3
1481 184.3
1752 184.3
2006 184.3
2020 184.3
2084 184.3
2118 184.3
2134 184.3
2193 184.3
5 185.3
16 185.3
46 185.3
93 185.3
139 185.3
151 185.3
165 185.3
169 185.3
228 185.3
235 185.3
245 185.3
259 185.3
310 185.3
345 185.3
346 185.3
449 185.3
472 185.3
745 185.3
771 185.3
785 185.3
1289 185.3
1303 185.3
1465 185.3
1506 185.3
1562 185.3
1679 185.3
1708 185.3
1709 185.3
1772 185.3
1776 185.3
1831 185.3
1883 185.3
2129 185.3
13 186.3
115 186.3
226 186.3
250 186.3
254 186.3
304 186.3
607 186.3
682 186.3
893 186.3
1242 186.3
1572 186.3
1598 186.3
1609 186.3
1867 186.3
1975 186.3
2059 186.3
2101 186.3
179 187.3
289 187.3
331 187.3
624 187.3
702 187.3
1175 187.3
1193 187.3
1369 187.3
1539 187.3
1645 187.3
1723 187.3
1732 187.3
69 188.3
184 188.3
287 188.3
375 188.3
427 188.3
453 188.3
505 188.3
558 188.3
819 188.3
848 188.3
1361 188.3
2196 188.3
191 189.3
198 189.3
241 189.3
315 189.3
397 189.3
581 189.3
838 189.3
860 189.3
1363 189.3
1375 189.3
1470 189.3
1832 189.3
1990 189.3
2 190.3
118 190.3
256 190.3
746 190.3
1464 190.3
1803 190.3
1928 190.3
2237 190.3
6 191.3
105 191.3
117 191.3
233 191.3
307 191.3
319 191.3
357 191.3
447 191.3
469 191.3
566 191.3
638 191.3
687 191.3
1217 191.3
1264 191.3
1271 191.3
1508 191.3
1616 191.3
1643 191.3
1694 191.3
1835 191.3
1888 191.3
2048 191.3
2108 191.3
11 192.3
39 192.3
54 192.3
62 192.3
124 192.3
161 192.3
162 192.3
225 192.3
255 192.3
297 192.3
351 192.3
470 192.3
510 192.3
624 192.3
710 192.3
733 192.3
737 192.3
859 192.3
1227 192.3
1419 192.3
1701 192.3
1752 192.3
2010 192.3
2025 192.3
2041 192.3
2180 192.3
128 193.3
131 193.3
149 193.3
150 193.3
246 193.3
248 193.3
258 193.3
335 193.3
352 193.3
369 193.3
699 193.3
783 193.3
1203 193.3
1250 193.3
1295 193.3
1325 193.3
1524 193.3
1680 193.3
1929 193.3
1936 193.3
53 194.3
67 194.3
218 194.3
238 194.3
262 194.3
487 194.3
794 194.3
1352 194.3
1776 194.3
2109 194.3
273 195.3
411 195.3
648 195.3
703 195.3
1516 195.3
70 196.3
95 196.3
182 196.3
193 196.3
397 196.3
464 196.3
517 196.3
1695 196.3
1800 196.3
1867 196.3
46 197.3
153 197.3
206 197.3
280 197.3
328 197.3
440 197.3
1220 197.3
1660 197.3
1672 197.3
1835 197.3
43 198.3
147 198.3
169 198.3
185 198.3
231 198.3
235 198.3
324 198.3
336 198.3
359 198.3
404 198.3
426 198.3
497 198.3
538 198.3
573 198.3
749 198.3
1133 198.3
1356 198.3
1386 198.3
1401 198.3
1552 198.3
1581 198.3
1610 198.3
1865 198.3
49 199.3
132 199.3
135 199.3
204 199.3
232 199.3
282 199.3
309 199.3
314 199.3
362 199.3
374 199.3
462 199.3
485 199.3
590 199.3
769 199.3
776 199.3
865 199.3
1179 199.3
1550 199.3
1906 199.3
198 201
368 201
2123 201
2016 202
64 203
140 203
1638 203
313 204
513 205
1218 205
1930 207
394 208
1410 208
2218 209
1735 209
894 211
1827 211
256 212
540 213
2000 213
1904 213
2012 214
1875 215
786 217
1310 217
1718 217
1895 217
807 219
1464 219
316 220
529 220
756 220
2174 220
1664 221
1130 222
109 223
1585 223
1483 225
1634 226
1666 226
16 227
33 227
1615 227
1891 227
78 228
483 229
1691 229
1761 229
1972 229
2188 230
125 231
1439 234
375 235
1999 235
89 236
93 236
254 237
1378 237
291 238
762 238
1533 238
1545 238
1755 238
2120 239
2181 239
1357 239
1426 239
1671 239
1930 239
785 241
888 241
265 242
2097 244
2106 245
1580 245
682 246
124 247
378 247
1422 247
205 248
1872 248
220 249
5 250
1585 250
24 251
1481 251
419 252
2102 252
798 253
77 255
238 255
1500 255
464 256
1655 256
1936 257
230 259
337 259
643 259
607 260
1999 260
1810 263
526 264
699 264
1535 264
161 265
172 265
394 265
1505 265
1696 265
739 266
2200 266
1799 266
828 267
1674 267
270 268
464 268
1507 268
329 269
1835 269
279 270
1830 271
1852 271
1230 274
1492 274
1378 275
769 276
242 277
642 277
389 278
841 278
1242 279
1446 279
1753 279
472 280
1419 280
32 282
679 282
1683 283
309 284
1736 284
1277 287
1864 288
732 290
505 291
959 291
1529 291
1392 292
1287 293
110 294
1498 294
564 296
2131 296
2183 296
457 297
2112 297
1417 297
1851 297
1947 297
95 298
720 298
751 298
777 298
784 299
1646 300
