45 1
50 1
51 1
125 2
49 2
140 3
162 3
60 3
159 4
166 5
186 8
77 8
154 9
183 9
11 9
89 11
18 11
32 12
105 13
140 13
9 13
191 14
180 15
126 17
193 17
73 17
15 19
151 20
92 21
156 23
183 25
7 25
27 25
72 25
32 26
70 27
173 28
179 28
36 28
43 28
126 30
53 30
77 30
9 32
17 32
34 32
91 33
186 33
6 33
31 33
48 33
68 33
153 35
94 37
19 37
79 37
131 39
63 39
47 42
17 43
30 43
184 44
25 44
166 45
196 46
78 47
80 48
53 49
65 49
54 51
18 52
143 53
171 55
13 56
17 56
178 59
8 60
48 60
14 61
45 61
74 61
80 62
125 62
174 64
64 64
18 65
75 66
91 67
119 67
73 69
81 70
53 70
172 72
42 72
181 73
110 75
39 75
43 75
50 75
120 76
125 76
179 76
195 78
198 78
24 78
193 80
1 80
96 81
11 81
66 83
171 84
58 84
76 86
62 87
49 88
118 90
161 91
36 92
31 93
44 93
106 97
57 97
9 98
51 98
15 99
56 100
131 100.7
153 100.7
159 100.7
184 100.7
4 100.7
81 101.7
150 101.7
6 101.7
11 101.7
20 101.7
36 101.7
110 102.7
123 102.7
7 102.7
29 102.7
50 102.7
30 103.7
9 104.7
25 104.7
27 104.7
60 104.7
104 105.7
111 105.7
112 105.7
174 105.7
47 105.7
57 105.7
61 105.7
77 105.7
199 106.7
3 106.7
4 106.7
26 106.7
45 106.7
54 106.7
56 106.7
82 107.7
115 107.7
129 107.7
135 107.7
145 107.7
193 107.7
195 107.7
6 107.7
22 107.7
33 107.7
34 107.7
53 107.7
63 107.7
65 107.7
68 107.7
87 108.7
90 108.7
79 108.7
134 109.7
74 109.7
126 110.7
139 110.7
148 110.7
113 111.7
131 111.7
77 111.7
2 112.7
15 112.7
38 112.7
39 112.7
43 112.7
62 112.7
76 112.7
91 113.7
137 113.7
173 113.7
175 113.7
96 114.7
154 114.7
199 114.7
13 114.7
37 114.7
64 114.7
31 115.7
63 115.7
68 115.7
18 116.7
20 116.7
85 117.7
119 117.7
135 117.7
105 118.7
109 118.7
113 118.7
61 118.7
106 119.7
188 119.7
26 119.7
42 119.7
60 119.7
168 120.7
169 120.7
170 120.7
179 120.7
23 120.7
25 120.7
28 120.7
71 120.7
74 120.7
9 121.7
67 121.7
78 121.7
103 122.7
115 122.7
117 122.7
182 122.7
10 122.7
72 122.7
79 122.7
83 123.7
136 123.7
22 123.7
167 124.7
156 125.7
158 125.7
32 125.7
130 126.7
163 126.7
187 126.7
51 126.7
97 127.7
100 127.7
119 127.7
162 127.7
164 127.7
3 127.7
7 127.7
26 127.7
40 127.7
15 128.7
36 128.7
55 128.7
137 129.7
144 129.7
17 129.7
18 129.7
19 129.7
52 129.7
76 129.7
90 130.7
109 130.7
69 130.7
37 131.7
61 131.7
73 131.7
92 132.7
106 132.7
1 132.7
16 132.7
43 132.7
91 133.7
96 133.7
111 133.7
132 133.7
8 133.7
23 133.7
39 133.7
64 133.7
67 133.7
89 134.7
93 134.7
103 134.7
33 134.7
34 134.7
56 134.7
59 134.7
63 134.7
84 135.7
185 135.7
10 135.7
48 135.7
184 136.7
145 137.7
167 137.7
191 138.7
30 138.7
118 139.7
154 139.7
186 139.7
1 139.7
11 139.7
24 139.7
57 139.7
140 140.7
155 140.7
5 140.7
12 140.7
21 140.7
22 140.7
38 140.7
42 140.7
51 140.7
86 141.7
123 141.7
134 141.7
137 141.7
142 141.7
177 141.7
3 141.7
6 141.7
178 142.7
97 143.7
126 143.7
152 144.7
0 144.7
121 145.7
132 145.7
150 145.7
19 145.7
54 145.7
74 145.7
35 146.7
49 146.7
73 146.7
108 147.7
129 147.7
158 147.7
7 147.7
27 147.7
46 147.7
51 147.7
53 147.7
59 147.7
76 147.7
77 147.7
78 147.7
91 148.7
120 148.7
9 148.7
58 148.7
69 148.7
181 149.7
16 149.7
61 149.7
144 150.7
157 150.7
4 150.7
63 150.7
87 151.7
137 151.7
186 151.7
180 152.7
193 152.7
198 152.7
33 152.7
38 152.7
42 152.7
79 152.7
106 153.7
149 153.7
164 153.7
178 153.7
185 153.7
3 153.7
8 153.7
12 153.7
19 153.7
32 153.7
34 153.7
52 153.7
82 154.7
117 154.7
132 154.7
147 154.7
150 154.7
179 154.7
26 154.7
48 154.7
59 154.7
71 154.7
75 154.7
86 155.7
167 156.7
70 156.7
158 157.7
161 157.7
173 157.7
182 157.7
30 157.7
136 158.7
172 158.7
76 158.7
94 159.7
112 159.7
139 159.7
6 159.7
65 159.7
88 160.7
90 160.7
141 160.7
146 160.7
183 160.7
31 160.7
33 160.7
37 160.7
78 160.7
116 161.7
39 161.7
50 161.7
54 161.7
118 162.7
130 162.7
9 162.7
15 162.7
59 162.7
138 164.7
169 164.7
184 164.7
69 164.7
44 165.7
49 165.7
103 166.7
121 166.7
174 166.7
190 166.7
21 166.7
29 166.7
31 166.7
51 166.7
67 166.7
108 167.7
128 167.7
8 167.7
24 167.7
89 168.7
111 168.7
115 168.7
133 168.7
145 168.7
165 168.7
181 168.7
4 168.7
41 168.7
48 168.7
53 168.7
60 168.7
68 168.7
127 169.7
57 169.7
152 170.7
27 170.7
70 170.7
118 171.7
126 171.7
142 171.7
109 172.7
151 172.7
170 172.7
58 172.7
61 172.7
154 173.7
158 173.7
0 173.7
6 173.7
7 173.7
18 173.7
30 173.7
71 173.7
86 174.7
164 174.7
191 174.7
11 174.7
16 174.7
34 174.7
39 174.7
76 174.7
91 175.7
130 175.7
182 176.7
194 176.7
41 176.7
80 177.7
104 178.7
32 178.7
33 178.7
40 178.7
127 179.7
10 179.7
14 179.7
60 179.7
65 179.7
67 179.7
96 180.7
166 180.7
176 180.7
3 180.7
8 180.7
15 180.7
19 180.7
36 180.7
45 180.7
50 180.7
73 180.7
79 180.7
180 181.7
1 181.7
34 181.7
51 181.7
160 182.7
17 182.7
116 183.7
70 183.7
130 184.7
84 185.7
140 185.7
25 185.7
59 185.7
62 185.7
2 186.7
14 186.7
93 187.7
166 187.7
193 187.7
199 187.7
20 187.7
43 187.7
55 187.7
76 187.7
104 189.7
154 189.7
194 190.7
147 191.7
33 191.7
50 191.7
78 191.7
127 192.7
155 192.7
156 192.7
185 192.7
189 192.7
16 192.7
65 192.7
75 192.7
105 193.7
131 193.7
152 193.7
25 193.7
40 193.7
58 193.7
60 193.7
63 193.7
69 193.7
90 194.7
101 194.7
143 194.7
3 194.7
26 194.7
37 194.7
42 194.7
43 194.7
48 194.7
190 195.7
36 195.7
134 196.7
153 196.7
13 196.7
38 196.7
47 196.7
79 196.7
132 197.7
29 197.7
35 198.7
55 198.7
72 198.7
117 199.7
130 199.7
133 199.7
5 199.7
31 199.7
34 199.7
23 201
62 201
147 202
94 203
74 203
143 204
16 204
15 205
132 206
76 206
7 207
59 207
120 209
124 211
4 211
24 211
38 211
58 211
57 212
66 212
30 214
32 214
60 214
78 214
88 217
2 218
170 219
76 219
94 220
158 220
53 220
55 221
92 222
23 223
69 223
32 224
22 225
26 225
185 226
48 226
62 226
66 226
118 227
4 227
126 228
127 228
2 229
72 233
132 234
149 236
146 238
172 238
119 239
46 239
96 240
104 240
192 240
37 240
54 240
114 243
136 243
43 244
55 244
39 245
79 245
66 246
17 247
64 247
72 247
30 248
49 248
90 249
188 249
141 251
4 251
95 252
29 254
20 255
31 257
60 257
4 261
161 262
168 262
2 262
67 263
28 264
171 265
69 265
158 266
52 266
66 267
36 268
45 268
122 269
6 271
150 273
32 273
48 273
53 273
64 273
61 274
100 275
115 276
188 278
193 279
62 279
137 280
186 280
42 280
72 280
20 281
44 281
25 283
79 283
155 284
27 285
123 286
194 286
187 287
5 287
28 287
141 288
26 288
2 289
58 290
144 291
21 293
34 293
63 293
129 294
161 294
128 295
26 295
54 295
126 297
152 297
69 297
56 298
115 300
3 300
