131 3
3 3
56 4
34 5
59 6
142 7
147 7
61 7
68 7
94 8
48 11
18 13
25 14
44 14
93 16
37 16
61 16
154 17
83 19
155 19
181 20
24 20
15 21
28 21
61 22
65 22
91 23
97 23
79 24
147 25
9 25
183 27
73 29
77 29
157 31
41 31
187 33
196 33
90 34
142 34
156 34
60 34
100 35
21 35
20 36
68 36
78 36
7 37
72 37
2 39
19 39
104 40
41 40
22 41
161 42
56 42
71 42
143 43
160 43
53 43
37 44
101 46
33 47
63 47
78 47
99 48
166 48
11 48
122 49
196 49
0 49
62 49
65 50
7 51
9 51
38 54
170 55
45 55
93 56
5 56
30 56
32 56
64 56
87 57
117 57
53 57
74 58
95 59
150 60
118 61
198 61
186 62
55 64
197 65
10 66
99 67
149 67
166 69
29 69
41 69
56 69
70 69
79 69
124 71
20 71
81 72
141 72
27 72
31 73
198 74
4 74
48 74
165 75
37 78
44 78
51 78
52 78
39 79
145 80
9 80
104 81
17 81
53 81
82 82
20 82
174 84
175 84
193 84
34 84
189 88
72 89
76 89
180 90
60 90
112 91
32 91
71 92
19 94
27 94
68 94
118 95
51 95
66 97
96 98
3 98
29 100
2 100.7
50 100.7
71 100.7
80 101.7
165 101.7
174 101.7
180 101.7
194 101.7
1 101.7
19 101.7
62 101.7
67 101.7
179 102.7
189 102.7
22 102.7
24 102.7
25 102.7
72 102.7
4 103.7
119 104.7
146 104.7
148 104.7
184 104.7
163 105.7
173 105.7
13 105.7
61 105.7
153 106.7
16 106.7
47 106.7
54 106.7
91 107.7
128 107.7
150 107.7
151 107.7
160 107.7
186 107.7
195 107.7
9 107.7
35 107.7
39 107.7
46 107.7
58 107.7
74 107.7
84 108.7
134 108.7
152 108.7
5 108.7
6 108.7
12 108.7
76 108.7
199 109.7
60 109.7
64 109.7
70 109.7
78 109.7
147 110.7
17 110.7
33 110.7
43 110.7
58 110.7
65 110.7
96 111.7
105 111.7
124 111.7
23 111.7
27 111.7
41 112.7
68 112.7
108 113.7
188 113.7
198 113.7
10 113.7
15 113.7
153 114.7
166 114.7
183 114.7
0 114.7
1 114.7
26 114.7
31 114.7
48 114.7
57 114.7
3 115.7
29 115.7
53 115.7
55 115.7
97 116.7
152 116.7
14 116.7
25 116.7
64 116.7
137 117.7
9 117.7
28 117.7
80 118.7
128 118.7
129 118.7
131 118.7
2 118.7
32 118.7
148 119.7
19 119.7
58 119.7
76 119.7
130 120.7
144 120.7
147 120.7
18 120.7
20 120.7
27 120.7
30 120.7
39 120.7
51 120.7
66 120.7
77 120.7
81 121.7
88 121.7
126 121.7
169 121.7
189 121.7
1 121.7
4 121.7
60 121.7
65 121.7
68 121.7
78 121.7
79 121.7
107 122.7
127 122.7
136 122.7
154 122.7
174 122.7
5 122.7
15 122.7
71 122.7
84 123.7
90 123.7
191 123.7
46 123.7
47 123.7
198 124.7
151 125.7
22 125.7
24 125.7
23 126.7
28 126.7
39 126.7
85 127.7
112 127.7
113 127.7
132 127.7
135 127.7
164 127.7
168 127.7
194 127.7
198 127.7
8 127.7
18 127.7
65 127.7
36 128.7
69 129.7
87 130.7
32 130.7
44 130.7
80 131.7
146 131.7
123 132.7
73 132.7
130 133.7
144 133.7
167 133.7
173 133.7
185 133.7
190 133.7
6 133.7
25 133.7
55 133.7
70 133.7
72 133.7
90 134.7
150 134.7
184 134.7
187 134.7
197 134.7
17 134.7
56 134.7
58 134.7
68 134.7
98 135.7
136 135.7
157 135.7
156 136.7
32 136.7
194 137.7
10 137.7
23 137.7
66 137.7
59 138.7
74 138.7
99 139.7
145 139.7
171 139.7
22 139.7
52 139.7
110 140.7
111 140.7
116 140.7
142 140.7
154 140.7
165 140.7
16 140.7
26 140.7
61 140.7
75 140.7
109 141.7
125 141.7
129 141.7
179 141.7
1 141.7
44 141.7
57 141.7
78 141.7
86 142.7
186 142.7
8 142.7
15 142.7
34 142.7
40 142.7
100 143.7
166 143.7
33 143.7
51 144.7
65 144.7
80 145.7
128 145.7
181 145.7
187 145.7
17 145.7
140 146.7
5 146.7
7 146.7
13 146.7
25 146.7
37 146.7
41 146.7
47 146.7
111 147.7
168 147.7
172 147.7
28 147.7
48 147.7
72 147.7
79 147.7
88 148.7
125 148.7
159 148.7
38 148.7
66 148.7
75 148.7
115 149.7
123 149.7
175 149.7
176 149.7
27 149.7
199 150.7
35 150.7
49 150.7
12 151.7
40 151.7
61 151.7
94 152.7
36 152.7
132 153.7
150 153.7
164 153.7
30 153.7
40 153.7
69 153.7
105 154.7
124 154.7
140 154.7
153 154.7
3 154.7
15 154.7
39 154.7
50 154.7
63 154.7
64 154.7
77 154.7
86 155.7
8 155.7
54 155.7
138 156.7
58 156.7
9 157.7
166 158.7
31 158.7
59 158.7
72 158.7
82 159.7
84 159.7
139 159.7
73 159.7
75 159.7
89 160.7
94 160.7
110 160.7
135 160.7
181 160.7
22 160.7
47 160.7
53 160.7
112 161.7
116 161.7
131 161.7
199 161.7
45 161.7
88 162.7
95 162.7
96 162.7
162 162.7
4 162.7
16 162.7
20 162.7
55 162.7
105 163.7
108 163.7
134 163.7
151 163.7
17 163.7
56 164.7
64 164.7
70 164.7
106 165.7
110 165.7
127 165.7
169 165.7
172 165.7
48 165.7
0 166.7
132 167.7
167 167.7
29 167.7
40 167.7
50 167.7
98 168.7
151 168.7
8 168.7
46 168.7
99 169.7
114 169.7
155 169.7
47 169.7
86 170.7
18 170.7
30 170.7
77 170.7
170 171.7
48 171.7
57 172.7
88 173.7
90 173.7
113 173.7
122 173.7
143 173.7
168 173.7
178 173.7
184 173.7
189 173.7
17 173.7
19 173.7
46 173.7
49 173.7
50 173.7
51 173.7
52 173.7
65 173.7
69 173.7
75 173.7
171 174.7
21 174.7
26 174.7
74 174.7
94 175.7
169 175.7
193 175.7
38 175.7
76 175.7
121 176.7
173 176.7
179 176.7
15 176.7
32 176.7
130 177.7
7 177.7
2 178.7
6 178.7
24 178.7
41 178.7
49 178.7
120 179.7
165 179.7
3 179.7
25 179.7
35 179.7
72 179.7
81 180.7
86 180.7
175 180.7
1 180.7
10 180.7
13 180.7
14 180.7
63 180.7
83 181.7
136 181.7
184 181.7
37 181.7
52 181.7
131 182.7
197 182.7
4 182.7
40 182.7
55 182.7
70 182.7
87 183.7
111 184.7
17 184.7
172 185.7
122 186.7
129 186.7
2 186.7
61 186.7
62 186.7
99 187.7
144 187.7
157 187.7
191 187.7
29 187.7
31 187.7
44 187.7
51 187.7
68 187.7
90 188.7
151 188.7
174 188.7
196 188.7
20 188.7
28 188.7
30 188.7
117 189.7
119 189.7
124 189.7
177 189.7
3 189.7
5 189.7
38 189.7
21 190.7
104 191.7
158 191.7
169 191.7
188 191.7
12 191.7
46 191.7
53 191.7
13 192.7
96 193.7
16 193.7
30 193.7
58 193.7
126 194.7
153 194.7
65 194.7
73 194.7
118 195.7
19 195.7
76 195.7
187 196.7
20 196.7
114 197.7
135 197.7
142 197.7
164 197.7
168 197.7
197 197.7
5 197.7
52 197.7
60 197.7
70 197.7
11 198.7
32 198.7
47 198.7
133 199.7
184 199.7
189 199.7
0 199.7
64 199.7
67 199.7
32 201
193 203
56 204
58 204
172 205
129 206
70 206
165 209
180 210
21 210
49 210
28 213
19 215
74 215
13 217
77 217
110 218
191 219
6 219
193 220
60 220
27 221
140 222
64 223
162 224
175 224
54 224
181 225
1 225
55 225
117 226
127 226
34 226
97 227
50 227
75 228
104 230
74 230
3 232
6 232
110 233
162 233
40 234
161 235
0 238
44 238
67 238
13 239
101 240
85 241
121 241
42 241
7 242
38 242
8 243
139 244
37 244
48 244
72 244
146 247
62 247
118 248
60 248
87 249
154 249
162 249
0 249
137 252
54 252
100 253
49 253
69 253
163 254
102 255
150 255
157 255
45 255
87 257
55 257
82 258
99 259
54 261
62 261
17 263
36 263
102 264
109 264
5 264
84 265
87 265
50 265
88 266
166 266
29 266
59 266
73 266
48 270
78 270
63 272
152 274
75 276
157 277
193 277
41 279
82 281
36 281
76 281
93 284
154 285
95 287
86 288
109 289
35 289
47 289
63 289
24 291
33 291
123 292
31 292
42 292
46 292
0 294
55 295
84 298
177 299
