130 1
191 1
192 2
39 2
137 4
140 4
5 4
46 5
25 6
26 6
2 8
79 8
93 9
195 9
13 9
63 9
69 9
92 10
99 11
134 11
50 11
124 12
22 12
57 12
70 12
110 13
115 13
16 13
165 14
18 15
87 16
140 16
78 16
86 18
67 19
44 23
22 25
2 26
172 27
41 27
71 28
88 30
197 30
0 30
31 30
94 31
12 31
54 31
199 32
23 32
71 34
191 36
45 36
0 37
66 39
97 40
159 40
42 41
65 41
69 41
199 43
33 43
76 43
55 44
137 45
32 45
2 46
63 47
65 47
104 49
36 50
41 50
58 50
128 51
37 53
167 54
2 55
31 58
0 62
72 62
46 63
49 64
5 65
25 65
198 66
69 66
173 67
194 67
18 67
28 69
99 70
112 70
82 71
66 72
72 73
16 74
27 75
40 75
43 75
156 76
193 76
96 77
31 77
77 79
47 80
147 81
39 81
67 81
125 82
177 83
1 84
53 84
3 85
123 86
68 87
56 88
84 89
88 89
37 89
57 89
62 89
158 91
141 92
174 92
6 92
46 92
9 93
13 93
22 93
27 93
75 93
79 93
11 94
34 94
121 97
120 98
18 98
158 99
160 100
165 101
75 101
111 102
132 102
143 102
155 102
183 102
36 102
56 102
186 103
189 103
21 103
45 103
149 104
182 104
15 104
17 104
38 104
43 104
67 104
145 105
3 105
19 105
41 105
42 105
46 105
65 105
87 106
199 106
9 106
11 106
54 106
140 107
70 107
155 108
35 108
39 108
72 108
79 108
125 109
178 109
33 109
49 109
98 110
110 110
6 110
22 110
30 110
51 110
150 111
156 111
184 111
13 111
122 112
180 112
18 112
25 112
69 112
76 112
77 112
84 113
100 113
11 113
42 114
45 114
65 114
94 115
73 115
130 116
38 116
43 116
53 116
64 116
148 117
152 117
195 117
17 117
32 117
62 117
92 118
118 118
121 118
198 118
19 118
25 118
39 118
41 118
48 118
63 118
179 119
2 119
6 119
44 119
61 119
76 119
78 119
119 120
55 120
160 121
181 121
34 121
128 122
147 122
116 123
161 123
0 123
33 123
62 123
81 124
91 124
96 124
21 124
24 124
46 124
102 125
146 125
149 125
180 125
193 125
10 125
73 125
120 126
170 126
187 126
12 126
51 126
79 126
189 127
22 127
164 128
48 128
86 129
128 129
6 129
37 129
40 129
82 130
110 130
199 130
4 130
13 130
100 131
156 131
165 131
169 131
194 131
2 131
18 131
28 131
44 131
53 131
58 131
69 131
88 132
135 132
1 132
15 132
56 132
59 132
147 133
60 133
77 133
162 134
10 135
184 136
6 136
103 137
118 137
161 137
26 137
55 137
72 137
110 138
111 138
119 138
129 138
181 138
188 138
8 138
23 138
24 138
40 138
46 138
47 138
73 138
85 139
105 139
168 139
43 139
64 139
196 140
33 140
89 141
197 141
0 141
34 142
36 142
48 142
49 142
50 142
66 142
106 143
186 143
198 143
4 143
17 143
62 143
77 143
116 144
149 144
163 144
24 144
37 144
38 144
65 144
133 145
199 145
2 145
22 145
41 145
143 146
179 146
191 146
14 146
145 147
169 147
15 147
30 147
69 147
97 148
138 148
159 148
194 148
13 148
61 148
127 149
5 149
42 149
56 149
67 149
75 149
90 150
103 150
151 150
174 150
35 150
48 150
91 151
99 151
147 151
155 151
158 151
176 151
181 151
9 151
36 151
58 151
59 151
72 151
101 152
44 152
126 153
26 153
49 153
100 154
104 154
81 155
83 155
98 155
29 155
33 155
38 155
51 155
95 156
45 156
70 156
116 157
119 157
133 157
163 157
191 157
1 157
24 157
27 157
43 157
88 158
8 158
16 158
19 158
21 158
28 158
36 158
53 158
192 159
189 160
55 160
97 161
4 161
52 161
1 163
58 163
59 163
105 164
121 164
163 164
182 164
26 164
51 164
150 165
155 165
158 165
19 165
22 165
46 165
75 165
76 165
77 165
110 166
120 166
71 166
115 167
34 167
160 168
175 168
20 169
27 169
29 169
36 169
87 170
9 170
15 170
82 171
100 171
136 171
178 171
7 171
37 171
53 171
56 171
67 171
78 171
190 172
23 172
39 172
58 172
30 173
119 174
147 174
177 174
182 174
68 174
117 175
14 175
62 175
69 175
158 176
2 176
19 176
22 176
28 176
34 176
35 176
43 176
44 176
121 177
169 177
41 177
66 177
118 178
124 178
126 178
137 178
151 178
12 178
71 178
145 179
198 179
10 179
45 179
80 180
168 180
52 180
76 180
77 180
127 181
166 181
14 181
158 182
172 182
181 182
33 182
64 182
93 183
111 183
133 183
138 183
170 183
199 183
115 184
188 184
3 184
7 184
15 184
47 184
59 184
60 184
67 184
94 185
6 185
17 185
39 185
55 185
157 186
11 186
18 186
65 186
24 187
137 188
35 188
69 188
81 189
148 189
182 189
51 189
126 190
195 190
7 190
23 190
36 190
41 190
42 190
57 190
61 190
109 191
196 191
198 191
0 191
9 191
40 191
49 191
78 191
87 192
4 192
25 192
26 192
63 192
1 193
79 193
194 194
22 195
108 196
176 196
3 196
12 196
35 196
47 196
93 197
110 197
114 197
183 197
48 197
54 197
57 197
75 197
83 198
115 198
116 198
158 198
7 198
38 198
42 198
44 198
67 198
72 198
100 199
107 199
136 199
194 199
33 199
56 199
161 200
19 200
76 200
70 202
4 203
170 204
5 204
37 204
139 205
47 205
55 205
175 206
28 207
113 208
168 210
180 210
146 212
50 212
152 213
25 213
180 216
12 217
165 218
60 218
34 220
75 220
29 221
86 223
119 223
104 224
187 225
23 225
55 225
154 226
14 227
73 227
129 230
159 230
61 230
54 232
0 234
34 235
109 237
184 237
70 238
81 240
189 240
92 241
186 242
173 243
136 244
76 245
41 246
78 246
170 248
96 249
27 251
46 251
98 253
171 253
25 253
51 253
138 254
173 255
12 255
63 255
61 256
87 258
142 258
2 258
76 259
110 261
72 261
31 263
62 263
117 265
121 265
128 265
134 265
169 265
60 265
0 269
48 269
145 270
186 270
73 270
64 271
67 271
92 272
91 273
138 274
187 275
8 276
54 276
1 277
21 278
62 278
11 279
25 279
31 279
56 280
57 281
69 281
28 284
132 285
169 287
64 287
166 288
136 289
4 289
15 289
40 289
16 290
198 293
29 294
142 295
33 295
1 296
11 296
127 297
17 299
53 299
32 300
