794 1
1213 1
2136 2
585 3
2212 3
1126 3
1401 3
1581 3
1583 3
783 4
207 5
631 5
1704 5
763 6
777 6
418 7
1307 7
1737 7
253 8
600 9
1480 10
99 11
659 11
2087 11
1251 12
134 16
379 16
1702 16
280 17
1253 17
795 20
1 21
638 21
872 21
1814 21
1954 21
2120 22
1854 22
1950 22
333 25
877 25
1248 25
136 26
289 26
368 27
2 28
2117 28
1593 28
1694 28
1909 28
1863 30
1915 30
839 31
1448 31
2118 33
1658 33
1879 33
1294 34
1310 34
2182 36
2021 37
1618 37
1755 37
425 38
434 39
1458 39
79 40
510 41
1392 43
724 44
380 45
475 46
463 47
765 47
361 48
1784 48
194 49
1518 50
1779 50
513 52
1129 52
1172 53
1340 53
213 54
101 55
352 55
872 55
698 56
2072 57
1668 58
131 59
248 59
1263 59
107 61
574 61
64 62
266 62
371 63
342 65
508 65
520 65
775 65
1563 66
783 67
76 69
425 69
545 70
1890 70
103 71
436 71
263 72
1632 72
632 74
200 75
1521 75
837 76
1630 76
810 77
2092 78
1688 78
1994 78
246 79
596 79
1261 80
1508 80
1659 80
705 81
2043 81
1204 81
352 82
561 82
39 83
172 83
2103 83
1934 83
645 85
1120 85
1787 85
357 86
1139 86
1163 86
1690 86
2033 87
858 88
2075 90
547 91
2099 92
2212 92
1746 92
223 93
1750 94
70 95
818 95
1437 95
1696 96
190 97
263 97
1448 97
204 98
1375 98
308 99
834 99
2098 99
233 100.7
266 100.7
349 100.7
378 100.7
456 100.7
472 100.7
490 100.7
540 100.7
727 100.7
728 100.7
763 100.7
777 100.7
854 100.7
1146 100.7
1378 100.7
1392 100.7
1406 100.7
1411 100.7
1672 100.7
1801 100.7
1863 100.7
1901 100.7
1984 100.7
56 101.7
71 101.7
82 101.7
114 101.7
399 101.7
432 101.7
438 101.7
445 101.7
492 101.7
528 101.7
550 101.7
625 101.7
646 101.7
657 101.7
752 101.7
916 101.7
1090 101.7
1165 101.7
1398 101.7
1405 101.7
1873 101.7
2027 101.7
2056 101.7
2167 101.7
2206 101.7
128 102.7
134 102.7
388 102.7
390 102.7
524 102.7
658 102.7
681 102.7
691 102.7
714 102.7
1652 102.7
1938 102.7
132 103.7
711 103.7
811 103.7
1184 103.7
1900 103.7
677 104.7
710 104.7
754 104.7
764 104.7
825 104.7
1263 104.7
1334 104.7
1579 104.7
19 105.7
324 105.7
386 105.7
442 105.7
457 105.7
514 105.7
520 105.7
605 105.7
686 105.7
831 105.7
874 105.7
924 105.7
1118 105.7
1246 105.7
1488 105.7
1602 105.7
1761 105.7
1815 105.7
1826 105.7
1952 105.7
41 106.7
344 106.7
400 106.7
403 106.7
470 106.7
515 106.7
685 106.7
770 106.7
1267 106.7
1319 106.7
1610 106.7
1752 106.7
1953 106.7
2140 106.7
2193 106.7
30 107.7
98 107.7
120 107.7
272 107.7
287 107.7
392 107.7
416 107.7
507 107.7
523 107.7
540 107.7
634 107.7
693 107.7
717 107.7
729 107.7
762 107.7
784 107.7
878 107.7
1355 107.7
1360 107.7
1416 107.7
1735 107.7
1804 107.7
1858 107.7
1902 107.7
1998 107.7
2030 107.7
2166 107.7
2220 107.7
177 108.7
367 108.7
369 108.7
424 108.7
443 108.7
695 108.7
829 108.7
895 108.7
1443 108.7
1692 108.7
2065 108.7
2104 108.7
2107 108.7
2119 108.7
2227 108.7
105 109.7
398 109.7
406 109.7
427 109.7
454 109.7
666 109.7
753 109.7
765 109.7
774 109.7
778 109.7
822 109.7
832 109.7
858 109.7
1111 109.7
1195 109.7
1300 109.7
1450 109.7
1748 109.7
1931 109.7
2010 109.7
2217 109.7
542 110.7
602 110.7
622 110.7
647 110.7
668 110.7
705 110.7
723 110.7
903 110.7
1236 110.7
1776 110.7
1987 110.7
63 111.7
142 111.7
471 111.7
620 111.7
630 111.7
732 111.7
746 111.7
779 111.7
863 111.7
867 111.7
1186 111.7
1277 111.7
1338 111.7
1889 111.7
149 112.7
160 112.7
258 112.7
497 112.7
522 112.7
744 112.7
747 112.7
766 112.7
788 112.7
864 112.7
870 112.7
1247 112.7
1252 112.7
1264 112.7
1421 112.7
1477 112.7
1784 112.7
1917 112.7
1988 112.7
25 113.7
33 113.7
112 113.7
435 113.7
466 113.7
588 113.7
609 113.7
645 113.7
793 113.7
805 113.7
861 113.7
868 113.7
1121 113.7
1192 113.7
1334 113.7
1517 113.7
1582 113.7
1619 113.7
1703 113.7
1725 113.7
1765 113.7
1905 113.7
1950 113.7
1966 113.7
1982 113.7
2019 113.7
2043 113.7
188 114.7
250 114.7
519 114.7
603 114.7
624 114.7
641 114.7
652 114.7
701 114.7
710 114.7
716 114.7
752 114.7
776 114.7
855 114.7
869 114.7
877 114.7
911 114.7
920 114.7
1014 114.7
1285 114.7
1301 114.7
1366 114.7
1623 114.7
1704 114.7
2149 114.7
11 115.7
363 115.7
369 115.7
493 115.7
509 115.7
512 115.7
606 115.7
607 115.7
691 115.7
910 115.7
1373 115.7
1626 115.7
1773 115.7
1919 115.7
1995 115.7
277 116.7
364 116.7
537 116.7
666 116.7
748 116.7
800 116.7
814 116.7
862 116.7
1410 116.7
1602 116.7
1854 116.7
1908 116.7
2091 116.7
2159 116.7
98 117.7
521 117.7
712 117.7
782 117.7
1289 117.7
1411 117.7
1412 117.7
1525 117.7
2015 117.7
263 118.7
801 118.7
1241 118.7
1361 118.7
1375 118.7
1572 118.7
1696 118.7
1834 118.7
1879 118.7
306 119.7
705 119.7
733 119.7
767 119.7
789 119.7
819 119.7
832 119.7
878 119.7
892 119.7
941 119.7
1260 119.7
1414 119.7
1431 119.7
1616 119.7
1665 119.7
2148 119.7
71 120.7
479 120.7
496 120.7
641 120.7
658 120.7
662 120.7
707 120.7
718 120.7
773 120.7
816 120.7
848 120.7
879 120.7
881 120.7
921 120.7
1227 120.7
1404 120.7
1419 120.7
1494 120.7
1538 120.7
1670 120.7
1898 120.7
2193 120.7
2233 120.7
40 121.7
48 121.7
75 121.7
78 121.7
148 121.7
353 121.7
388 121.7
429 121.7
683 121.7
745 121.7
854 121.7
903 121.7
912 121.7
970 121.7
1261 121.7
1599 121.7
1685 121.7
1886 121.7
2152 121.7
29 122.7
79 122.7
273 122.7
382 122.7
424 122.7
546 122.7
624 122.7
646 122.7
660 122.7
682 122.7
693 122.7
828 122.7
1277 122.7
1642 122.7
1662 122.7
1684 122.7
1910 122.7
2073 122.7
2138 122.7
2167 122.7
628 123.7
772 123.7
810 123.7
827 123.7
1216 123.7
1238 123.7
1558 123.7
1622 123.7
2170 123.7
41 124.7
235 124.7
336 124.7
706 124.7
853 124.7
1547 124.7
1714 124.7
1981 124.7
332 125.7
334 125.7
575 125.7
614 125.7
672 125.7
686 125.7
719 125.7
918 125.7
1201 125.7
1387 125.7
1403 125.7
1420 125.7
1455 125.7
1636 125.7
1975 125.7
2037 125.7
105 126.7
229 126.7
592 126.7
664 126.7
681 126.7
688 126.7
769 126.7
935 126.7
1034 126.7
1401 126.7
1441 126.7
1472 126.7
1844 126.7
2028 126.7
2064 126.7
38 127.7
166 127.7
176 127.7
179 127.7
191 127.7
313 127.7
348 127.7
471 127.7
583 127.7
609 127.7
665 127.7
714 127.7
734 127.7
740 127.7
758 127.7
793 127.7
808 127.7
833 127.7
834 127.7
844 127.7
864 127.7
898 127.7
904 127.7
968 127.7
1144 127.7
1413 127.7
1452 127.7
1492 127.7
1506 127.7
1535 127.7
1594 127.7
1615 127.7
1846 127.7
1879 127.7
2095 127.7
2174 127.7
146 128.7
151 128.7
164 128.7
215 128.7
256 128.7
319 128.7
364 128.7
441 128.7
695 128.7
710 128.7
724 128.7
744 128.7
798 128.7
867 128.7
919 128.7
1080 128.7
1385 128.7
1472 128.7
1475 128.7
1740 128.7
1858 128.7
2182 128.7
12 129.7
323 129.7
514 129.7
662 129.7
707 129.7
742 129.7
762 129.7
788 129.7
847 129.7
913 129.7
1038 129.7
1627 129.7
1792 129.7
1838 129.7
403 130.7
643 130.7
721 130.7
973 130.7
1204 130.7
1226 130.7
1246 130.7
2001 130.7
339 131.7
479 131.7
607 131.7
753 131.7
765 131.7
775 131.7
815 131.7
830 131.7
855 131.7
951 131.7
1552 131.7
1562 131.7
1653 131.7
1767 131.7
1799 131.7
1954 131.7
2081 131.7
2110 131.7
58 132.7
237 132.7
668 132.7
703 132.7
794 132.7
818 132.7
917 132.7
922 132.7
1078 132.7
1282 132.7
1450 132.7
1592 132.7
1998 132.7
128 133.7
204 133.7
265 133.7
295 133.7
298 133.7
400 133.7
586 133.7
598 133.7
738 133.7
776 133.7
809 133.7
857 133.7
878 133.7
936 133.7
946 133.7
1003 133.7
1010 133.7
1391 133.7
1431 133.7
1482 133.7
1528 133.7
1892 133.7
1910 133.7
90 134.7
191 134.7
206 134.7
302 134.7
338 134.7
541 134.7
608 134.7
786 134.7
876 134.7
924 134.7
970 134.7
1161 134.7
1345 134.7
1614 134.7
1625 134.7
1662 134.7
1730 134.7
1777 134.7
1860 134.7
1875 134.7
1908 134.7
1963 134.7
2130 134.7
2152 134.7
2155 134.7
2179 134.7
166 135.7
308 135.7
361 135.7
377 135.7
398 135.7
414 135.7
612 135.7
626 135.7
631 135.7
677 135.7
754 135.7
1004 135.7
1024 135.7
1252 135.7
1368 135.7
1479 135.7
1507 135.7
1864 135.7
1978 135.7
300 136.7
364 136.7
692 136.7
764 136.7
844 136.7
887 136.7
916 136.7
1103 136.7
1333 136.7
1347 136.7
1809 136.7
1992 136.7
1993 136.7
1999 136.7
370 137.7
397 137.7
525 137.7
648 137.7
1127 137.7
1224 137.7
1343 137.7
1388 137.7
1885 137.7
1982 137.7
2033 137.7
241 138.7
472 138.7
640 138.7
812 138.7
890 138.7
925 138.7
1086 138.7
1235 138.7
1937 138.7
195 139.7
353 139.7
555 139.7
870 139.7
872 139.7
893 139.7
993 139.7
1045 139.7
1052 139.7
1178 139.7
1490 139.7
1505 139.7
1531 139.7
1577 139.7
1636 139.7
1717 139.7
1740 139.7
1853 139.7
1902 139.7
36 140.7
168 140.7
175 140.7
310 140.7
395 140.7
449 140.7
505 140.7
601 140.7
638 140.7
654 140.7
671 140.7
678 140.7
699 140.7
725 140.7
745 140.7
755 140.7
761 140.7
767 140.7
784 140.7
793 140.7
805 140.7
833 140.7
861 140.7
866 140.7
871 140.7
926 140.7
931 140.7
1057 140.7
1179 140.7
1222 140.7
1265 140.7
1319 140.7
1485 140.7
1500 140.7
1632 140.7
1757 140.7
1804 140.7
1817 140.7
1824 140.7
1889 140.7
1917 140.7
2147 140.7
2159 140.7
2174 140.7
146 141.7
196 141.7
197 141.7
267 141.7
285 141.7
348 141.7
369 141.7
482 141.7
516 141.7
531 141.7
786 141.7
835 141.7
970 141.7
992 141.7
1025 141.7
1068 141.7
1074 141.7
1083 141.7
1124 141.7
1148 141.7
1285 141.7
1295 141.7
1537 141.7
1597 141.7
1773 141.7
1783 141.7
1833 141.7
2049 141.7
2094 141.7
2098 141.7
2219 141.7
104 142.7
165 142.7
191 142.7
225 142.7
244 142.7
281 142.7
317 142.7
659 142.7
710 142.7
1131 142.7
1150 142.7
1338 142.7
1499 142.7
1517 142.7
2213 142.7
178 143.7
214 143.7
736 143.7
804 143.7
806 143.7
820 143.7
962 143.7
1800 143.7
2073 143.7
294 144.7
658 144.7
739 144.7
879 144.7
886 144.7
1336 144.7
1391 144.7
1931 144.7
2133 144.7
128 145.7
429 145.7
543 145.7
800 145.7
846 145.7
935 145.7
1038 145.7
1644 145.7
1995 145.7
2121 145.7
2131 145.7
42 146.7
148 146.7
372 146.7
395 146.7
725 146.7
790 146.7
801 146.7
881 146.7
1011 146.7
1207 146.7
1330 146.7
1366 146.7
1419 146.7
57 147.7
63 147.7
141 147.7
205 147.7
336 147.7
352 147.7
354 147.7
401 147.7
414 147.7
457 147.7
495 147.7
513 147.7
653 147.7
753 147.7
769 147.7
819 147.7
824 147.7
827 147.7
848 147.7
902 147.7
924 147.7
929 147.7
931 147.7
1005 147.7
1134 147.7
1140 147.7
1146 147.7
1219 147.7
1301 147.7
1394 147.7
1453 147.7
1489 147.7
1574 147.7
1648 147.7
1667 147.7
1853 147.7
1896 147.7
142 148.7
219 148.7
288 148.7
349 148.7
412 148.7
473 148.7
488 148.7
729 148.7
850 148.7
1337 148.7
1358 148.7
1632 148.7
1674 148.7
1715 148.7
2096 148.7
2189 148.7
2204 148.7
222 149.7
329 149.7
402 149.7
584 149.7
618 149.7
624 149.7
742 149.7
919 149.7
1265 149.7
1543 149.7
1654 149.7
1982 149.7
580 150.7
611 150.7
957 150.7
1017 150.7
200 151.7
427 151.7
507 151.7
683 151.7
764 151.7
766 151.7
838 151.7
904 151.7
1373 151.7
1386 151.7
1903 151.7
1955 151.7
2196 151.7
138 152.7
317 152.7
463 152.7
623 152.7
851 152.7
866 152.7
977 152.7
992 152.7
1014 152.7
1075 152.7
1272 152.7
2089 152.7
214 153.7
240 153.7
286 153.7
321 153.7
344 153.7
603 153.7
664 153.7
723 153.7
747 153.7
784 153.7
826 153.7
837 153.7
867 153.7
964 153.7
1000 153.7
1211 153.7
1234 153.7
1407 153.7
1467 153.7
1822 153.7
1913 153.7
2107 153.7
2164 153.7
2168 153.7
92 154.7
100 154.7
210 154.7
560 154.7
696 154.7
771 154.7
801 154.7
835 154.7
872 154.7
961 154.7
972 154.7
981 154.7
1131 154.7
1135 154.7
1170 154.7
1239 154.7
1587 154.7
1841 154.7
2038 154.7
2065 154.7
421 155.7
646 155.7
834 155.7
860 155.7
1097 155.7
2100 155.7
2176 155.7
357 156.7
413 156.7
434 156.7
444 156.7
668 156.7
824 156.7
922 156.7
1011 156.7
1099 156.7
1109 156.7
1110 156.7
1324 156.7
505 157.7
717 157.7
724 157.7
926 157.7
1028 157.7
1100 157.7
1108 157.7
1337 157.7
1364 157.7
1495 157.7
1801 157.7
2085 157.7
2160 157.7
139 158.7
370 158.7
432 158.7
445 158.7
459 158.7
672 158.7
730 158.7
836 158.7
912 158.7
1003 158.7
1122 158.7
1210 158.7
1979 158.7
30 159.7
260 159.7
302 159.7
407 159.7
522 159.7
581 159.7
760 159.7
767 159.7
768 159.7
893 159.7
962 159.7
1087 159.7
1183 159.7
1639 159.7
1689 159.7
1718 159.7
1888 159.7
1998 159.7
345 160.7
509 160.7
526 160.7
528 160.7
678 160.7
775 160.7
784 160.7
809 160.7
818 160.7
1008 160.7
1044 160.7
1047 160.7
1206 160.7
1422 160.7
1522 160.7
1547 160.7
1551 160.7
1569 160.7
1631 160.7
1714 160.7
1778 160.7
1835 160.7
1865 160.7
1942 160.7
1977 160.7
2230 160.7
29 161.7
81 161.7
97 161.7
184 161.7
252 161.7
490 161.7
810 161.7
828 161.7
837 161.7
925 161.7
955 161.7
967 161.7
990 161.7
993 161.7
996 161.7
1005 161.7
1014 161.7
1096 161.7
1166 161.7
1244 161.7
1253 161.7
1470 161.7
1579 161.7
1610 161.7
1787 161.7
1815 161.7
1900 161.7
1940 161.7
240 162.7
328 162.7
443 162.7
514 162.7
721 162.7
834 162.7
876 162.7
1002 162.7
1126 162.7
1135 162.7
1267 162.7
1301 162.7
1403 162.7
1541 162.7
1617 162.7
1643 162.7
735 163.7
935 163.7
1053 163.7
1088 163.7
1090 163.7
1440 163.7
58 164.7
279 164.7
363 164.7
474 164.7
550 164.7
613 164.7
952 164.7
973 164.7
1107 164.7
1311 164.7
1477 164.7
1837 164.7
24 165.7
202 165.7
375 165.7
605 165.7
712 165.7
819 165.7
954 165.7
976 165.7
1170 165.7
1246 165.7
1688 165.7
245 166.7
265 166.7
271 166.7
297 166.7
384 166.7
512 166.7
567 166.7
681 166.7
887 166.7
892 166.7
1104 166.7
1136 166.7
1195 166.7
1405 166.7
1505 166.7
1510 166.7
1784 166.7
1898 166.7
1951 166.7
46 167.7
199 167.7
308 167.7
610 167.7
675 167.7
676 167.7
752 167.7
776 167.7
864 167.7
873 167.7
1021 167.7
1093 167.7
1099 167.7
1153 167.7
1213 167.7
1225 167.7
1305 167.7
1372 167.7
1391 167.7
1630 167.7
1703 167.7
1707 167.7
1751 167.7
1809 167.7
2232 167.7
152 168.7
241 168.7
242 168.7
278 168.7
641 168.7
763 168.7
821 168.7
936 168.7
995 168.7
1072 168.7
1085 168.7
1113 168.7
1241 168.7
1328 168.7
1420 168.7
1464 168.7
1720 168.7
1856 168.7
130 169.7
165 169.7
521 169.7
1065 169.7
1161 169.7
1921 169.7
1947 169.7
2004 169.7
2065 169.7
2193 169.7
87 170.7
537 170.7
997 170.7
1012 170.7
1116 170.7
1117 170.7
1141 170.7
1160 170.7
1500 170.7
1589 170.7
1864 170.7
371 171.7
747 171.7
875 171.7
998 171.7
1071 171.7
1400 171.7
1411 171.7
1418 171.7
1659 171.7
1660 171.7
2207 171.7
249 172.7
280 172.7
293 172.7
606 172.7
773 172.7
934 172.7
957 172.7
1007 172.7
1164 172.7
1176 172.7
1223 172.7
1293 172.7
1321 172.7
1491 172.7
1897 172.7
2216 172.7
100 173.7
221 173.7
225 173.7
430 173.7
462 173.7
591 173.7
638 173.7
730 173.7
736 173.7
867 173.7
983 173.7
984 173.7
1049 173.7
1053 173.7
1144 173.7
1151 173.7
1166 173.7
1226 173.7
1515 173.7
1554 173.7
1657 173.7
1674 173.7
1763 173.7
1871 173.7
1873 173.7
1984 173.7
2006 173.7
2010 173.7
193 174.7
216 174.7
317 174.7
503 174.7
523 174.7
600 174.7
842 174.7
961 174.7
962 174.7
994 174.7
1042 174.7
1047 174.7
1051 174.7
1054 174.7
1062 174.7
1081 174.7
1227 174.7
1236 174.7
1342 174.7
1371 174.7
1575 174.7
1584 174.7
1607 174.7
1721 174.7
1767 174.7
1795 174.7
1807 174.7
1885 174.7
2061 174.7
2161 174.7
33 175.7
212 175.7
389 175.7
464 175.7
659 175.7
676 175.7
919 175.7
978 175.7
1251 175.7
1790 175.7
1793 175.7
1811 175.7
1824 175.7
1941 175.7
2026 175.7
2044 175.7
2071 175.7
229 176.7
255 176.7
372 176.7
378 176.7
383 176.7
569 176.7
812 176.7
901 176.7
1095 176.7
1119 176.7
1189 176.7
1316 176.7
1758 176.7
1864 176.7
1946 176.7
1972 176.7
1987 176.7
641 177.7
1203 177.7
1930 177.7
2057 177.7
2160 177.7
2190 177.7
2206 177.7
145 178.7
175 178.7
316 178.7
357 178.7
557 178.7
590 178.7
667 178.7
697 178.7
1167 178.7
1178 178.7
1261 178.7
1359 178.7
1757 178.7
2105 178.7
2124 178.7
2177 178.7
234 179.7
297 179.7
397 179.7
480 179.7
965 179.7
1019 179.7
1041 179.7
1059 179.7
1093 179.7
1214 179.7
1228 179.7
1276 179.7
1298 179.7
1357 179.7
1384 179.7
1486 179.7
1514 179.7
1696 179.7
1718 179.7
2108 179.7
58 180.7
93 180.7
252 180.7
412 180.7
565 180.7
639 180.7
785 180.7
907 180.7
996 180.7
1013 180.7
1143 180.7
1152 180.7
1171 180.7
1241 180.7
1285 180.7
1345 180.7
1443 180.7
1500 180.7
1679 180.7
1870 180.7
1927 180.7
1940 180.7
2193 180.7
43 181.7
125 181.7
261 181.7
278 181.7
284 181.7
331 181.7
391 181.7
721 181.7
812 181.7
973 181.7
974 181.7
1157 181.7
1168 181.7
1195 181.7
1221 181.7
1223 181.7
1291 181.7
1303 181.7
1410 181.7
1428 181.7
1568 181.7
1579 181.7
1849 181.7
1964 181.7
2003 181.7
2015 181.7
2062 181.7
133 182.7
604 182.7
786 182.7
1227 182.7
1355 182.7
1386 182.7
1448 182.7
1783 182.7
1839 182.7
1985 182.7
2071 182.7
170 183.7
731 183.7
873 183.7
982 183.7
1022 183.7
1026 183.7
1814 183.7
600 184.7
816 184.7
840 184.7
985 184.7
1126 184.7
1176 184.7
1272 184.7
1311 184.7
1730 184.7
1811 184.7
1833 184.7
2009 184.7
352 185.7
643 185.7
666 185.7
871 185.7
1098 185.7
1183 185.7
1277 185.7
1632 185.7
1763 185.7
1890 185.7
1955 185.7
138 186.7
319 186.7
415 186.7
607 186.7
648 186.7
651 186.7
674 186.7
1020 186.7
1063 186.7
1481 186.7
1557 186.7
1627 186.7
1732 186.7
1902 186.7
242 187.7
253 187.7
278 187.7
406 187.7
543 187.7
555 187.7
596 187.7
661 187.7
955 187.7
1028 187.7
1064 187.7
1083 187.7
1090 187.7
1114 187.7
1247 187.7
1331 187.7
1378 187.7
1441 187.7
1663 187.7
1704 187.7
1818 187.7
1821 187.7
1872 187.7
2013 187.7
15 188.7
40 188.7
75 188.7
98 188.7
191 188.7
249 188.7
1031 188.7
1038 188.7
1070 188.7
1091 188.7
1154 188.7
1234 188.7
1346 188.7
1358 188.7
1375 188.7
1572 188.7
1623 188.7
1624 188.7
332 189.7
364 189.7
966 189.7
1030 189.7
1033 189.7
1116 189.7
1398 189.7
1674 189.7
57 190.7
141 190.7
172 190.7
326 190.7
333 190.7
780 190.7
1199 190.7
1473 190.7
1743 190.7
1771 190.7
144 191.7
476 191.7
741 191.7
746 191.7
817 191.7
839 191.7
1132 191.7
1157 191.7
1241 191.7
1274 191.7
1560 191.7
1921 191.7
2183 191.7
136 192.7
228 192.7
441 192.7
478 192.7
545 192.7
672 192.7
847 192.7
859 192.7
1124 192.7
1174 192.7
1177 192.7
1195 192.7
1271 192.7
1287 192.7
1316 192.7
1325 192.7
1330 192.7
1338 192.7
1417 192.7
1430 192.7
1574 192.7
1765 192.7
2023 192.7
2103 192.7
2130 192.7
105 193.7
226 193.7
256 193.7
274 193.7
405 193.7
466 193.7
1041 193.7
1109 193.7
1152 193.7
1161 193.7
1205 193.7
1244 193.7
1281 193.7
1312 193.7
1383 193.7
1490 193.7
1669 193.7
1774 193.7
1870 193.7
1937 193.7
1981 193.7
11 194.7
38 194.7
76 194.7
92 194.7
153 194.7
245 194.7
281 194.7
287 194.7
339 194.7
457 194.7
488 194.7
542 194.7
832 194.7
862 194.7
1057 194.7
1061 194.7
1089 194.7
1091 194.7
1153 194.7
1170 194.7
1275 194.7
1299 194.7
1368 194.7
1515 194.7
1570 194.7
1705 194.7
1764 194.7
1812 194.7
2053 194.7
2101 194.7
2138 194.7
2217 194.7
60 195.7
212 195.7
486 195.7
506 195.7
585 195.7
710 195.7
751 195.7
1012 195.7
1148 195.7
1209 195.7
1225 195.7
1255 195.7
1322 195.7
1357 195.7
1365 195.7
1406 195.7
1456 195.7
1804 195.7
1854 195.7
190 196.7
303 196.7
340 196.7
608 196.7
756 196.7
825 196.7
1001 196.7
1155 196.7
1216 196.7
1345 196.7
1380 196.7
1925 196.7
259 197.7
282 197.7
369 197.7
1039 197.7
1141 197.7
1233 197.7
1243 197.7
1273 197.7
1556 197.7
1607 197.7
1790 197.7
1915 197.7
2095 197.7
357 198.7
1081 198.7
1193 198.7
1238 198.7
1420 198.7
1477 198.7
1551 198.7
1703 198.7
1867 198.7
2062 198.7
2077 198.7
2224 198.7
653 199.7
755 199.7
914 199.7
1071 199.7
1189 199.7
1232 199.7
1261 199.7
1282 199.7
1391 199.7
1698 199.7
2089 199.7
2120 199.7
2200 199.7
1437 201
1786 201
19 202
1292 203
1490 203
1521 203
489 204
505 204
2219 204
1868 206
264 207
2172 208
2161 209
1870 209
415 210
580 210
718 210
1234 210
170 211
402 212
127 213
710 213
1979 213
441 214
619 214
437 215
1533 215
2165 216
523 217
1750 217
478 218
757 218
805 218
1964 218
108 219
1838 219
813 221
1889 221
52 222
158 222
1918 222
253 223
2209 223
144 224
440 224
793 224
824 224
1258 224
165 225
348 225
553 226
691 226
1332 226
1823 226
199 227
1318 228
1373 228
511 229
248 230
1667 230
1531 231
395 232
565 232
1403 232
636 233
646 233
721 234
472 235
619 235
617 236
1574 238
1557 239
724 240
858 240
1291 240
1985 240
35 242
718 242
1303 242
165 243
1612 243
21 244
151 244
1698 244
2133 245
1191 246
1262 247
703 248
1511 248
156 249
1294 249
2232 250
656 252
1248 253
602 254
187 255
642 255
2179 257
1663 258
1790 258
401 259
1017 261
474 262
765 262
1734 262
1268 263
1673 266
1906 267
64 268
492 268
1575 269
726 271
1586 271
478 272
835 272
1993 272
605 273
1736 274
2203 275
1232 275
1788 275
64 276
249 277
679 277
697 278
1889 278
741 279
867 279
2021 281
1835 281
322 283
2009 283
2139 283
1317 283
1821 283
136 284
1901 284
1997 284
1949 285
4 288
2136 288
1603 289
1785 289
1868 289
1975 289
238 290
287 290
1559 290
758 291
879 291
2040 291
75 293
119 293
555 293
788 293
842 293
1548 293
1358 295
78 296
2209 297
1562 297
760 298
1316 298
2054 299
