154 1
19 2
51 2
54 2
96 4
78 6
14 8
9 10
131 11
189 11
67 12
74 12
63 14
105 15
122 16
147 16
161 16
174 16
66 16
121 17
183 17
20 17
118 21
3 21
162 22
199 22
69 22
140 23
45 24
120 26
121 26
127 26
131 27
153 27
88 28
166 30
112 31
32 31
150 32
29 32
31 32
134 33
62 33
79 33
186 34
0 35
66 35
68 35
47 37
64 37
196 38
19 38
48 39
70 39
92 41
144 41
75 42
88 44
187 44
46 44
56 44
0 45
27 45
159 46
53 46
58 47
104 48
150 48
118 50
22 50
57 50
186 51
177 52
24 52
25 52
47 53
64 53
4 54
16 55
44 55
139 56
176 57
159 59
49 59
1 60
21 61
121 63
179 63
40 63
175 64
9 64
5 65
83 66
112 66
35 66
43 66
70 66
25 67
64 68
20 69
75 69
2 70
8 70
88 73
142 73
121 74
180 74
135 75
54 77
55 77
167 78
6 78
166 79
65 79
149 80
5 80
47 80
43 81
68 81
165 82
156 84
191 85
45 85
104 87
81 88
177 90
98 91
42 92
47 92
78 94
176 95
41 95
62 95
64 95
24 96
6 97
11 97
119 98
33 98
68 98
71 99
167 100
67 100
53 100.3
67 100.3
99 101.3
16 101.3
47 101.3
103 102.3
38 102.3
57 102.3
91 103.3
30 103.3
74 103.3
146 104.3
169 104.3
51 104.3
58 104.3
69 104.3
72 104.3
128 105.3
131 105.3
143 105.3
193 105.3
134 106.3
187 106.3
17 106.3
18 106.3
32 106.3
66 106.3
167 107.3
184 107.3
189 107.3
27 107.3
10 108.3
138 109.3
1 109.3
7 109.3
64 109.3
86 110.3
97 110.3
112 110.3
122 110.3
4 110.3
8 110.3
21 110.3
33 110.3
34 110.3
110 111.3
161 111.3
175 111.3
13 111.3
25 111.3
36 111.3
43 111.3
46 111.3
146 112.3
168 112.3
2 112.3
54 112.3
57 112.3
82 113.3
41 113.3
53 113.3
70 113.3
35 114.3
61 114.3
129 115.3
144 115.3
197 115.3
11 115.3
15 115.3
59 115.3
76 115.3
156 116.3
29 116.3
112 117.3
125 117.3
130 117.3
0 117.3
26 117.3
36 117.3
38 117.3
48 117.3
78 117.3
109 118.3
163 118.3
186 118.3
2 118.3
21 118.3
25 118.3
32 118.3
51 118.3
66 118.3
68 118.3
98 119.3
183 119.3
184 119.3
28 119.3
30 120.3
73 120.3
172 121.3
42 121.3
49 121.3
96 122.3
8 122.3
27 122.3
34 122.3
80 123.3
117 123.3
197 123.3
72 123.3
173 124.3
192 124.3
13 124.3
21 124.3
31 124.3
43 124.3
67 124.3
145 125.3
187 125.3
191 125.3
9 125.3
11 125.3
12 125.3
47 125.3
57 125.3
60 125.3
61 125.3
123 126.3
126 126.3
164 126.3
0 126.3
20 126.3
75 126.3
81 127.3
142 127.3
77 127.3
103 128.3
149 128.3
154 128.3
170 128.3
19 128.3
52 128.3
3 129.3
35 129.3
39 129.3
104 130.3
107 130.3
111 130.3
112 130.3
116 130.3
169 130.3
176 130.3
180 130.3
8 130.3
42 130.3
49 130.3
114 131.3
130 131.3
165 131.3
177 131.3
184 131.3
2 131.3
18 131.3
32 131.3
54 131.3
58 131.3
67 131.3
110 132.3
185 132.3
20 132.3
40 132.3
51 132.3
60 132.3
109 133.3
56 133.3
160 134.3
17 134.3
36 134.3
113 135.3
126 135.3
161 135.3
132 136.3
154 136.3
21 136.3
46 136.3
55 136.3
68 136.3
0 137.3
26 137.3
52 137.3
57 137.3
109 138.3
163 138.3
1 138.3
7 138.3
11 138.3
13 138.3
30 138.3
102 140.3
34 140.3
37 140.3
198 141.3
49 141.3
60 141.3
69 141.3
96 142.3
8 142.3
10 142.3
36 142.3
45 142.3
56 142.3
63 142.3
147 143.3
186 143.3
3 143.3
9 143.3
17 143.3
103 144.3
190 144.3
67 144.3
74 144.3
104 145.3
134 145.3
163 145.3
38 145.3
41 145.3
62 145.3
66 145.3
197 146.3
2 146.3
149 147.3
13 147.3
18 147.3
52 147.3
119 148.3
39 148.3
24 149.3
64 149.3
90 150.3
129 150.3
164 150.3
30 150.3
63 150.3
67 150.3
68 150.3
79 150.3
112 151.3
166 151.3
176 151.3
181 151.3
8 151.3
48 151.3
99 152.3
147 152.3
153 152.3
192 152.3
13 152.3
29 152.3
31 152.3
6 153.3
21 153.3
58 153.3
59 153.3
74 153.3
175 154.3
186 155.3
44 155.3
50 155.3
82 156.3
97 156.3
111 156.3
121 156.3
143 156.3
26 156.3
103 157.3
110 157.3
2 157.3
34 157.3
45 157.3
47 157.3
73 157.3
78 157.3
84 158.3
167 158.3
169 158.3
20 158.3
22 158.3
52 158.3
69 158.3
160 159.3
177 159.3
23 159.3
147 160.3
171 160.3
21 160.3
61 160.3
148 161.3
159 161.3
126 162.3
2 162.3
14 162.3
60 162.3
151 163.3
176 163.3
7 163.3
40 163.3
48 163.3
83 164.3
109 164.3
173 164.3
194 164.3
27 164.3
39 164.3
43 164.3
71 164.3
89 165.3
101 165.3
103 165.3
132 165.3
146 165.3
167 165.3
181 165.3
33 165.3
41 165.3
55 165.3
124 166.3
0 166.3
30 166.3
140 167.3
193 167.3
32 167.3
74 167.3
161 168.3
82 169.3
3 169.3
8 169.3
21 169.3
37 169.3
105 170.3
128 170.3
141 170.3
154 170.3
168 170.3
198 170.3
34 170.3
66 170.3
68 170.3
70 170.3
100 171.3
115 171.3
120 171.3
127 171.3
130 171.3
165 171.3
179 171.3
1 171.3
9 171.3
12 171.3
16 171.3
28 171.3
46 171.3
49 171.3
96 172.3
139 172.3
152 172.3
156 172.3
163 172.3
72 172.3
67 173.3
32 174.3
77 174.3
2 175.3
18 175.3
145 176.3
60 176.3
63 176.3
186 177.3
4 177.3
7 177.3
17 177.3
27 177.3
48 177.3
50 177.3
113 178.3
195 178.3
10 178.3
51 178.3
58 178.3
199 179.3
24 179.3
33 179.3
45 179.3
93 180.3
114 180.3
61 180.3
79 180.3
112 181.3
57 181.3
67 181.3
129 182.3
64 182.3
122 183.3
180 183.3
0 183.3
22 183.3
28 183.3
30 183.3
34 183.3
59 183.3
111 184.3
143 184.3
164 184.3
179 184.3
182 184.3
25 184.3
29 184.3
90 185.3
174 186.3
11 186.3
31 186.3
41 186.3
56 186.3
71 186.3
108 187.3
106 188.3
142 188.3
19 188.3
21 188.3
77 188.3
92 189.3
95 189.3
119 189.3
188 189.3
54 189.3
98 190.3
136 190.3
160 190.3
177 190.3
16 190.3
40 190.3
65 190.3
118 191.3
134 191.3
155 191.3
194 191.3
15 191.3
33 191.3
35 191.3
55 191.3
69 191.3
72 191.3
113 192.3
4 192.3
63 192.3
96 193.3
105 193.3
120 193.3
14 193.3
28 193.3
37 193.3
126 194.3
149 194.3
3 194.3
66 194.3
119 195.3
5 195.3
27 195.3
38 195.3
73 195.3
80 196.3
10 196.3
20 196.3
121 197.3
167 197.3
179 197.3
31 197.3
42 197.3
54 197.3
75 197.3
148 198.3
0 198.3
2 198.3
26 198.3
54 198.3
111 199.3
46 199.3
61 199.3
43 201
60 201
111 202
28 203
65 204
116 206
38 206
41 206
79 206
99 207
40 207
157 208
73 208
127 209
53 209
80 212
87 213
135 214
51 214
6 215
161 217
27 217
34 217
37 217
130 218
117 219
54 220
194 222
178 223
198 223
144 224
150 224
11 225
45 225
70 225
77 225
187 226
62 226
10 227
47 227
89 228
126 228
69 228
21 229
40 229
82 230
71 231
103 232
7 232
193 234
5 235
58 236
183 238
24 238
111 239
33 239
107 240
96 243
121 243
112 244
74 244
67 246
51 247
8 248
105 249
128 249
170 249
192 250
31 252
28 254
36 254
83 255
185 255
43 255
198 256
20 257
48 258
70 259
71 259
184 262
127 263
46 263
96 264
35 264
30 265
117 266
19 266
136 267
178 267
24 267
82 270
105 271
115 271
5 271
32 271
86 273
4 273
81 274
31 275
36 275
56 275
8 276
9 276
53 276
152 277
38 277
64 279
15 280
75 280
76 280
12 281
13 281
154 282
94 284
29 285
108 286
66 286
65 287
93 288
69 288
116 289
70 289
27 290
127 291
181 291
123 294
52 294
113 295
111 296
7 296
81 297
162 298
165 298
30 298
31 299
32 299
34 300
