94 2
32 2
180 3
196 3
31 3
178 4
104 5
16 5
190 6
73 7
7 8
27 9
124 10
185 11
96 12
173 13
19 13
53 13
72 13
79 13
117 16
143 16
110 17
14 17
56 17
146 20
185 21
33 22
66 22
92 24
113 24
69 25
100 27
110 28
112 29
137 29
36 29
17 31
24 31
37 32
7 34
47 35
75 35
178 36
11 36
46 36
156 37
29 37
28 38
5 40
33 40
8 41
26 41
116 42
4 42
19 42
6 44
3 45
25 45
110 46
178 46
70 46
58 47
86 48
132 49
150 49
169 49
40 49
6 50
25 50
20 51
99 52
144 53
181 53
191 53
14 53
114 54
10 54
166 55
1 55
183 56
31 57
54 57
152 60
33 60
94 61
140 63
182 63
72 66
78 66
4 67
8 69
48 70
60 70
7 74
44 74
160 76
151 77
58 78
12 79
14 79
51 80
155 81
166 81
0 81
10 81
56 81
146 82
75 82
73 83
39 84
15 87
35 87
70 87
135 88
129 89
31 90
155 93
25 93
186 94
29 94
33 94
54 94
188 95
16 95
51 95
69 100
102 100.3
187 100.3
26 100.3
29 100.3
42 100.3
98 101.3
134 101.3
189 101.3
190 101.3
37 101.3
43 101.3
52 101.3
71 101.3
74 101.3
78 101.3
130 102.3
173 102.3
176 102.3
0 102.3
3 102.3
55 102.3
75 102.3
13 103.3
99 104.3
135 104.3
151 104.3
175 104.3
18 104.3
45 104.3
54 104.3
62 104.3
70 104.3
57 105.3
67 105.3
145 106.3
166 106.3
1 106.3
6 106.3
107 107.3
150 107.3
161 107.3
194 107.3
7 107.3
14 107.3
17 107.3
47 107.3
53 107.3
76 107.3
77 107.3
124 108.3
156 108.3
3 108.3
36 108.3
44 108.3
51 108.3
59 108.3
92 109.3
168 109.3
177 109.3
5 109.3
24 109.3
52 109.3
97 110.3
158 110.3
1 110.3
163 112.3
193 112.3
6 112.3
28 112.3
33 112.3
106 113.3
138 113.3
171 113.3
8 113.3
24 113.3
32 113.3
55 113.3
119 114.3
153 114.3
157 114.3
3 114.3
27 114.3
0 115.3
15 115.3
21 115.3
62 115.3
147 116.3
23 116.3
49 116.3
56 116.3
164 117.3
32 118.3
63 118.3
98 119.3
134 119.3
135 119.3
145 119.3
169 119.3
176 119.3
184 119.3
195 119.3
7 119.3
39 119.3
52 119.3
67 119.3
70 119.3
128 120.3
155 120.3
168 120.3
171 120.3
12 120.3
42 120.3
44 120.3
77 120.3
81 121.3
84 121.3
109 121.3
133 121.3
191 121.3
28 121.3
48 121.3
73 121.3
107 122.3
79 122.3
29 123.3
33 123.3
160 124.3
26 124.3
54 124.3
61 124.3
8 125.3
21 125.3
34 125.3
53 125.3
108 126.3
17 126.3
66 126.3
76 126.3
89 127.3
90 127.3
94 127.3
136 127.3
142 127.3
149 127.3
153 127.3
164 127.3
177 127.3
13 127.3
18 127.3
46 127.3
50 127.3
51 127.3
79 127.3
81 128.3
15 128.3
25 128.3
74 128.3
6 129.3
12 129.3
27 129.3
36 129.3
9 130.3
10 130.3
40 130.3
60 130.3
62 130.3
83 131.3
117 131.3
177 131.3
178 131.3
4 132.3
120 133.3
172 133.3
173 133.3
187 133.3
64 133.3
115 134.3
157 134.3
164 134.3
167 134.3
174 134.3
192 134.3
195 134.3
2 134.3
7 134.3
16 134.3
23 134.3
31 134.3
65 134.3
68 134.3
0 135.3
75 135.3
160 136.3
34 136.3
50 136.3
79 136.3
186 137.3
87 138.3
139 138.3
39 138.3
193 139.3
28 139.3
73 139.3
91 140.3
96 140.3
104 140.3
111 140.3
195 140.3
1 140.3
6 140.3
21 140.3
29 140.3
49 140.3
51 140.3
66 140.3
71 140.3
82 141.3
118 141.3
124 141.3
167 141.3
191 141.3
24 141.3
54 141.3
55 141.3
59 141.3
99 142.3
121 142.3
175 142.3
26 142.3
36 142.3
89 143.3
131 143.3
189 143.3
199 143.3
22 143.3
90 144.3
47 144.3
63 144.3
190 145.3
84 146.3
180 146.3
196 146.3
46 146.3
57 146.3
70 146.3
110 147.3
127 147.3
149 147.3
170 147.3
27 147.3
30 147.3
54 147.3
109 148.3
169 148.3
185 148.3
187 148.3
15 148.3
17 148.3
51 148.3
69 148.3
79 148.3
100 149.3
177 149.3
181 149.3
197 149.3
32 150.3
39 150.3
16 151.3
154 152.3
0 152.3
18 152.3
24 152.3
38 152.3
53 152.3
93 153.3
8 153.3
21 153.3
37 153.3
44 153.3
66 153.3
82 154.3
95 154.3
119 154.3
123 154.3
142 154.3
156 154.3
157 154.3
4 154.3
29 154.3
41 154.3
42 154.3
57 154.3
76 154.3
133 155.3
184 155.3
47 155.3
143 156.3
148 156.3
62 156.3
186 158.3
64 158.3
70 158.3
78 158.3
89 160.3
106 160.3
170 160.3
24 160.3
40 160.3
46 160.3
61 160.3
111 161.3
112 161.3
119 161.3
142 161.3
27 161.3
51 161.3
65 161.3
192 162.3
6 162.3
22 162.3
43 162.3
45 162.3
63 162.3
73 162.3
74 162.3
171 163.3
30 163.3
50 163.3
55 163.3
67 163.3
175 164.3
137 165.3
71 165.3
178 166.3
197 166.3
21 166.3
101 167.3
113 167.3
160 167.3
163 167.3
0 167.3
13 167.3
16 167.3
38 167.3
49 167.3
144 168.3
147 168.3
194 168.3
12 168.3
15 168.3
53 168.3
57 168.3
130 169.3
139 169.3
168 169.3
104 172.3
136 172.3
182 172.3
10 172.3
35 172.3
60 172.3
82 173.3
123 173.3
126 173.3
4 173.3
13 173.3
67 173.3
88 174.3
199 174.3
1 174.3
5 174.3
39 174.3
50 174.3
58 174.3
59 174.3
61 174.3
120 175.3
125 175.3
0 175.3
3 175.3
22 175.3
72 175.3
76 175.3
134 176.3
2 176.3
17 176.3
34 176.3
52 176.3
78 176.3
14 177.3
29 177.3
65 177.3
77 177.3
149 178.3
44 178.3
51 178.3
166 179.3
183 179.3
66 179.3
143 180.3
176 180.3
193 180.3
198 180.3
6 180.3
9 180.3
39 180.3
62 180.3
82 181.3
119 181.3
128 181.3
132 181.3
139 181.3
152 181.3
21 181.3
69 181.3
169 182.3
68 182.3
54 184.3
79 184.3
185 185.3
113 186.3
18 186.3
52 186.3
73 186.3
76 186.3
90 187.3
129 187.3
170 187.3
179 187.3
37 187.3
42 187.3
74 187.3
169 188.3
2 188.3
14 188.3
15 188.3
26 188.3
27 188.3
34 188.3
55 188.3
94 189.3
109 189.3
164 189.3
8 189.3
19 189.3
43 189.3
49 189.3
46 190.3
70 190.3
124 191.3
161 191.3
173 191.3
188 191.3
1 191.3
47 191.3
58 191.3
3 192.3
7 192.3
10 192.3
12 192.3
30 192.3
32 192.3
35 192.3
64 192.3
110 193.3
6 193.3
38 193.3
67 193.3
138 194.3
141 194.3
160 194.3
190 194.3
14 194.3
25 194.3
39 194.3
48 194.3
101 195.3
136 195.3
159 195.3
29 195.3
57 195.3
61 195.3
37 196.3
51 196.3
72 196.3
81 197.3
112 198.3
113 198.3
120 198.3
174 198.3
100 199.3
105 199.3
135 199.3
170 199.3
1 199.3
40 202
45 204
28 205
62 205
20 207
45 207
106 209
36 209
44 209
75 209
196 210
102 211
16 211
59 211
177 212
11 212
57 212
47 213
88 214
135 215
152 215
176 216
165 217
187 217
24 217
66 217
89 218
63 218
164 219
52 219
120 222
168 222
5 222
47 222
141 223
14 223
127 225
105 229
108 229
137 229
38 231
52 232
54 232
166 233
152 235
18 235
22 235
96 236
10 236
145 238
163 238
56 238
77 238
93 239
165 239
37 240
70 240
7 241
193 244
19 244
28 246
106 247
49 247
52 247
61 247
100 250
11 250
35 251
8 253
70 253
0 254
27 254
28 255
93 256
6 256
53 257
52 260
54 261
135 262
41 262
58 262
104 263
149 264
188 264
22 264
64 265
150 266
48 266
46 267
152 268
76 268
130 269
13 270
47 271
71 272
116 273
181 273
55 273
113 274
2 274
11 274
150 277
18 277
76 278
23 279
79 279
93 281
34 281
73 283
2 285
16 285
37 286
95 287
39 287
112 289
108 290
85 295
101 295
110 295
74 296
