1412 1
1471 1
1424 2
179 3
296 3
746 4
185 5
2170 5
1382 5
1622 5
614 6
1245 6
353 7
597 7
2225 7
860 8
1503 8
1896 8
418 9
1389 9
357 10
370 12
554 12
1855 12
577 13
1442 15
1802 15
1421 16
586 17
2070 17
373 18
1344 19
1459 19
620 20
104 21
266 21
313 22
486 22
2186 22
1566 22
1640 22
1520 23
2084 24
1434 24
41 25
289 26
825 26
497 29
1892 30
817 31
1449 31
180 32
1866 33
1997 33
1223 34
1359 34
1506 34
818 35
2004 35
1450 36
563 37
1938 37
1903 43
409 44
1637 44
384 45
1328 45
160 47
838 47
2018 47
1141 47
176 48
647 48
1239 48
1878 48
182 49
1698 49
1897 49
459 50
1404 50
1139 51
784 52
1294 52
1958 52
57 53
66 53
2222 53
1735 53
512 55
2100 55
1754 55
2109 56
408 57
1192 57
1896 58
674 60
2132 60
1295 60
1695 61
1777 62
1600 63
776 64
2146 64
1541 64
1408 65
1699 65
1871 65
157 66
733 66
789 66
1150 66
1286 66
655 67
221 68
2061 68
2062 68
1770 68
411 69
2048 69
1993 69
1166 70
1180 70
132 71
2055 71
408 72
620 72
391 73
1594 75
850 76
1220 77
425 78
2108 78
2112 78
601 79
89 80
1198 81
1891 81
1242 82
61 83
439 83
1788 84
870 85
1258 85
1495 85
1913 85
192 86
1683 86
100 88
818 88
1436 88
140 90
1923 90
582 93
335 94
2233 94
812 95
2032 95
1110 95
144 96
546 96
1276 96
354 97
1330 97
1613 97
544 98
1426 98
1231 100
91 100.3
568 100.3
748 100.3
959 100.3
1498 100.3
1618 100.3
1666 100.3
1759 100.3
1762 100.3
1161 101.3
1191 101.3
1649 101.3
1679 101.3
1713 101.3
1878 101.3
2175 101.3
2230 101.3
430 102.3
1492 102.3
1536 102.3
1541 102.3
1612 102.3
1623 102.3
1689 102.3
1830 102.3
1847 102.3
2049 102.3
269 103.3
354 103.3
380 103.3
434 103.3
559 103.3
641 103.3
870 103.3
874 103.3
1263 103.3
1412 103.3
1513 103.3
1524 103.3
1576 103.3
1645 103.3
1646 103.3
1744 103.3
1804 103.3
1917 103.3
2023 103.3
2140 103.3
11 104.3
37 104.3
126 104.3
208 104.3
243 104.3
304 104.3
440 104.3
577 104.3
699 104.3
724 104.3
799 104.3
953 104.3
1230 104.3
1334 104.3
1347 104.3
1364 104.3
1557 104.3
1627 104.3
1631 104.3
1650 104.3
1693 104.3
1777 104.3
1814 104.3
1817 104.3
1829 104.3
1864 104.3
1889 104.3
2037 104.3
2189 104.3
29 105.3
144 105.3
337 105.3
413 105.3
544 105.3
675 105.3
1266 105.3
1285 105.3
1383 105.3
1563 105.3
1606 105.3
1640 105.3
1888 105.3
1895 105.3
1973 105.3
152 106.3
180 106.3
266 106.3
472 106.3
1117 106.3
1420 106.3
1468 106.3
1564 106.3
1858 106.3
1928 106.3
1939 106.3
1986 106.3
2012 106.3
2030 106.3
2032 106.3
24 107.3
77 107.3
709 107.3
773 107.3
1433 107.3
1771 107.3
1803 107.3
277 108.3
287 108.3
343 108.3
396 108.3
462 108.3
647 108.3
779 108.3
1333 108.3
1379 108.3
1496 108.3
1684 108.3
1736 108.3
1743 108.3
1816 108.3
1852 108.3
1910 108.3
1944 108.3
153 109.3
193 109.3
222 109.3
528 109.3
1297 109.3
1692 109.3
1696 109.3
1700 109.3
1723 109.3
1790 109.3
1812 109.3
1867 109.3
1902 109.3
1906 109.3
1927 109.3
2158 109.3
2180 109.3
2211 109.3
229 110.3
249 110.3
299 110.3
603 110.3
650 110.3
718 110.3
727 110.3
741 110.3
1029 110.3
1245 110.3
1248 110.3
1250 110.3
1387 110.3
1419 110.3
1452 110.3
1579 110.3
1679 110.3
1732 110.3
1740 110.3
1789 110.3
2138 110.3
2220 110.3
139 111.3
245 111.3
372 111.3
592 111.3
710 111.3
716 111.3
786 111.3
801 111.3
931 111.3
1284 111.3
1398 111.3
1454 111.3
1487 111.3
1583 111.3
1588 111.3
1715 111.3
1819 111.3
1949 111.3
1974 111.3
1983 111.3
1985 111.3
2103 111.3
12 112.3
104 112.3
206 112.3
265 112.3
446 112.3
509 112.3
644 112.3
740 112.3
975 112.3
1639 112.3
1717 112.3
1849 112.3
1880 112.3
1893 112.3
1895 112.3
1913 112.3
1982 112.3
2041 112.3
64 113.3
78 113.3
747 113.3
852 113.3
1163 113.3
1413 113.3
1503 113.3
1567 113.3
1688 113.3
22 114.3
156 114.3
429 114.3
1319 114.3
1445 114.3
1474 114.3
1757 114.3
1758 114.3
1841 114.3
1918 114.3
2077 114.3
124 115.3
170 115.3
218 115.3
483 115.3
501 115.3
751 115.3
879 115.3
1178 115.3
1924 115.3
2226 115.3
52 116.3
67 116.3
353 116.3
726 116.3
788 116.3
860 116.3
916 116.3
1108 116.3
1142 116.3
1214 116.3
1313 116.3
1532 116.3
1674 116.3
1701 116.3
1860 116.3
1878 116.3
1885 116.3
1964 116.3
20 117.3
56 117.3
74 117.3
96 117.3
210 117.3
273 117.3
294 117.3
341 117.3
393 117.3
489 117.3
511 117.3
548 117.3
652 117.3
1057 117.3
1262 117.3
1552 117.3
1591 117.3
1598 117.3
1606 117.3
1685 117.3
1713 117.3
1733 117.3
1745 117.3
1770 117.3
1824 117.3
1890 117.3
1895 117.3
1976 117.3
2017 117.3
2173 117.3
167 118.3
220 118.3
300 118.3
595 118.3
715 118.3
720 118.3
851 118.3
1187 118.3
1270 118.3
1301 118.3
1443 118.3
1511 118.3
1572 118.3
1633 118.3
1646 118.3
1706 118.3
1765 118.3
1794 118.3
1864 118.3
1888 118.3
1913 118.3
1969 118.3
1987 118.3
1994 118.3
2023 118.3
2193 118.3
50 119.3
444 119.3
678 119.3
760 119.3
793 119.3
816 119.3
1282 119.3
1336 119.3
1420 119.3
1430 119.3
1661 119.3
1730 119.3
1744 119.3
1749 119.3
1930 119.3
1949 119.3
17 120.3
81 120.3
249 120.3
461 120.3
1341 120.3
1467 120.3
1539 120.3
1692 120.3
1739 120.3
1947 120.3
477 121.3
579 121.3
1566 121.3
1603 121.3
1678 121.3
1698 121.3
1780 121.3
1881 121.3
1996 121.3
2127 121.3
245 122.3
269 122.3
292 122.3
340 122.3
1374 122.3
1483 122.3
1582 122.3
1653 122.3
1769 122.3
1789 122.3
1792 122.3
1815 122.3
1848 122.3
1926 122.3
2174 122.3
8 123.3
474 123.3
584 123.3
837 123.3
848 123.3
1154 123.3
1164 123.3
1209 123.3
1672 123.3
1822 123.3
1867 123.3
1876 123.3
1903 123.3
2110 123.3
18 124.3
80 124.3
125 124.3
265 124.3
390 124.3
459 124.3
763 124.3
863 124.3
1069 124.3
1259 124.3
1307 124.3
1329 124.3
1349 124.3
1402 124.3
1468 124.3
1534 124.3
1546 124.3
1581 124.3
1675 124.3
1721 124.3
1724 124.3
1736 124.3
1737 124.3
1750 124.3
1774 124.3
1784 124.3
1799 124.3
1844 124.3
1859 124.3
1879 124.3
1887 124.3
1898 124.3
1951 124.3
1967 124.3
1989 124.3
2072 124.3
2100 124.3
2142 124.3
2235 124.3
65 125.3
147 125.3
392 125.3
534 125.3
694 125.3
806 125.3
1530 125.3
1631 125.3
1641 125.3
1775 125.3
1812 125.3
1850 125.3
1931 125.3
2209 125.3
191 126.3
192 126.3
219 126.3
324 126.3
533 126.3
1148 126.3
1180 126.3
1232 126.3
1688 126.3
2017 126.3
97 127.3
330 127.3
597 127.3
835 127.3
1159 127.3
1748 127.3
1924 127.3
2006 127.3
61 128.3
393 128.3
485 128.3
1625 128.3
89 129.3
785 129.3
1179 129.3
1263 129.3
1548 129.3
1569 129.3
1637 129.3
1729 129.3
1744 129.3
1823 129.3
1914 129.3
1927 129.3
1972 129.3
2160 129.3
23 130.3
117 130.3
170 130.3
243 130.3
263 130.3
693 130.3
1514 130.3
1592 130.3
1604 130.3
1726 130.3
1736 130.3
1786 130.3
1835 130.3
1871 130.3
1892 130.3
1921 130.3
2105 130.3
2118 130.3
149 131.3
203 131.3
240 131.3
255 131.3
439 131.3
560 131.3
732 131.3
745 131.3
774 131.3
888 131.3
954 131.3
996 131.3
1085 131.3
1274 131.3
1387 131.3
1668 131.3
1676 131.3
1694 131.3
1709 131.3
1863 131.3
1877 131.3
1883 131.3
1901 131.3
1962 131.3
1976 131.3
1979 131.3
2156 131.3
2229 131.3
13 132.3
43 132.3
146 132.3
229 132.3
382 132.3
389 132.3
429 132.3
566 132.3
1218 132.3
1250 132.3
1443 132.3
1490 132.3
1623 132.3
1771 132.3
1842 132.3
1931 132.3
1968 132.3
2088 132.3
2181 132.3
107 133.3
317 133.3
757 133.3
1184 133.3
1271 133.3
1278 133.3
1329 133.3
1399 133.3
1622 133.3
1807 133.3
1845 133.3
1893 133.3
1900 133.3
1926 133.3
2129 133.3
2198 133.3
130 134.3
173 134.3
252 134.3
1379 134.3
1406 134.3
1768 134.3
1864 134.3
1887 134.3
5 135.3
7 135.3
93 135.3
102 135.3
113 135.3
138 135.3
355 135.3
357 135.3
398 135.3
753 135.3
765 135.3
1132 135.3
1275 135.3
1395 135.3
1475 135.3
1517 135.3
1625 135.3
1658 135.3
1884 135.3
116 136.3
517 136.3
625 136.3
709 136.3
1316 136.3
1554 136.3
1713 136.3
1781 136.3
1793 136.3
1946 136.3
1982 136.3
1984 136.3
20 137.3
71 137.3
103 137.3
115 137.3
167 137.3
185 137.3
210 137.3
256 137.3
373 137.3
396 137.3
431 137.3
621 137.3
629 137.3
997 137.3
1188 137.3
1357 137.3
1460 137.3
1477 137.3
1651 137.3
1664 137.3
1720 137.3
1899 137.3
1904 137.3
1909 137.3
1950 137.3
1956 137.3
1983 137.3
1992 137.3
2047 137.3
2081 137.3
2106 137.3
2200 137.3
22 138.3
135 138.3
143 138.3
200 138.3
251 138.3
291 138.3
320 138.3
505 138.3
545 138.3
690 138.3
827 138.3
831 138.3
1101 138.3
1122 138.3
1306 138.3
1356 138.3
1503 138.3
1524 138.3
1682 138.3
1839 138.3
1874 138.3
1876 138.3
1882 138.3
1888 138.3
1964 138.3
2080 138.3
2167 138.3
2218 138.3
77 139.3
81 139.3
99 139.3
155 139.3
524 139.3
576 139.3
630 139.3
1187 139.3
1220 139.3
1499 139.3
1638 139.3
1697 139.3
1755 139.3
1857 139.3
1892 139.3
1965 139.3
2131 139.3
2203 139.3
740 140.3
1342 140.3
1355 140.3
1372 140.3
1635 140.3
1808 140.3
1890 140.3
1966 140.3
2228 140.3
219 141.3
302 141.3
395 141.3
705 141.3
1319 141.3
1742 141.3
1855 141.3
1886 141.3
1907 141.3
1916 141.3
1979 141.3
1994 141.3
2027 141.3
2041 141.3
60 142.3
70 142.3
142 142.3
172 142.3
497 142.3
554 142.3
1148 142.3
1223 142.3
1354 142.3
1595 142.3
1629 142.3
1730 142.3
1813 142.3
1961 142.3
1963 142.3
1970 142.3
2006 142.3
97 143.3
147 143.3
408 143.3
549 143.3
761 143.3
810 143.3
852 143.3
1142 143.3
1219 143.3
1231 143.3
1437 143.3
1523 143.3
1648 143.3
1736 143.3
1840 143.3
1847 143.3
1859 143.3
1885 143.3
1919 143.3
2236 143.3
177 144.3
386 144.3
401 144.3
540 144.3
699 144.3
1256 144.3
1257 144.3
1265 144.3
1315 144.3
1381 144.3
1498 144.3
1526 144.3
1534 144.3
1776 144.3
1821 144.3
1833 144.3
1884 144.3
1980 144.3
2120 144.3
2179 144.3
0 145.3
25 145.3
162 145.3
565 145.3
622 145.3
693 145.3
1175 145.3
1214 145.3
1226 145.3
1314 145.3
1624 145.3
1634 145.3
1737 145.3
1818 145.3
1875 145.3
1882 145.3
1899 145.3
1903 145.3
1969 145.3
2152 145.3
143 146.3
536 146.3
1004 146.3
1544 146.3
1558 146.3
1632 146.3
1721 146.3
1849 146.3
14 147.3
42 147.3
360 147.3
715 147.3
1341 147.3
1553 147.3
1576 147.3
1846 147.3
2219 147.3
86 148.3
102 148.3
866 148.3
1169 148.3
1263 148.3
1627 148.3
1759 148.3
2040 148.3
75 149.3
115 149.3
244 149.3
607 149.3
1272 149.3
1596 149.3
1793 149.3
1847 149.3
1905 149.3
24 150.3
34 150.3
72 150.3
167 150.3
193 150.3
195 150.3
221 150.3
322 150.3
413 150.3
467 150.3
602 150.3
697 150.3
725 150.3
1006 150.3
1281 150.3
1361 150.3
1466 150.3
1665 150.3
1695 150.3
1701 150.3
1705 150.3
1749 150.3
1757 150.3
1845 150.3
1997 150.3
1998 150.3
8 151.3
57 151.3
60 151.3
96 151.3
117 151.3
129 151.3
232 151.3
306 151.3
325 151.3
378 151.3
429 151.3
515 151.3
517 151.3
572 151.3
770 151.3
820 151.3
1279 151.3
1362 151.3
1467 151.3
1513 151.3
1609 151.3
1655 151.3
1740 151.3
1748 151.3
1787 151.3
1789 151.3
1871 151.3
1983 151.3
2174 151.3
112 152.3
174 152.3
191 152.3
206 152.3
395 152.3
654 152.3
839 152.3
1124 152.3
1163 152.3
1360 152.3
1635 152.3
2067 152.3
101 153.3
105 153.3
109 153.3
194 153.3
873 153.3
1560 153.3
2158 153.3
23 154.3
64 154.3
82 154.3
388 154.3
488 154.3
985 154.3
1156 154.3
1453 154.3
1782 154.3
1788 154.3
1801 154.3
1953 154.3
1955 154.3
2198 154.3
14 155.3
90 155.3
122 155.3
186 155.3
261 155.3
490 155.3
768 155.3
922 155.3
1244 155.3
1696 155.3
1862 155.3
1887 155.3
2020 155.3
2082 155.3
22 156.3
40 156.3
104 156.3
123 156.3
124 156.3
266 156.3
319 156.3
373 156.3
646 156.3
1105 156.3
1328 156.3
1555 156.3
1558 156.3
1584 156.3
1773 156.3
1810 156.3
1824 156.3
1858 156.3
1908 156.3
1922 156.3
2041 156.3
66 157.3
85 157.3
207 157.3
212 157.3
229 157.3
250 157.3
265 157.3
434 157.3
618 157.3
674 157.3
700 157.3
1141 157.3
1192 157.3
1357 157.3
1477 157.3
1486 157.3
1520 157.3
1566 157.3
1800 157.3
1813 157.3
1898 157.3
1930 157.3
1933 157.3
1962 157.3
2053 157.3
116 158.3
131 158.3
133 158.3
154 158.3
201 158.3
603 158.3
649 158.3
675 158.3
704 158.3
717 158.3
920 158.3
1372 158.3
1392 158.3
1428 158.3
1442 158.3
1910 158.3
1912 158.3
2230 158.3
25 159.3
135 159.3
231 159.3
254 159.3
257 159.3
442 159.3
683 159.3
713 159.3
748 159.3
1245 159.3
1282 159.3
1350 159.3
1387 159.3
1596 159.3
2073 159.3
2227 159.3
38 160.3
113 160.3
128 160.3
553 160.3
1149 160.3
1207 160.3
1389 160.3
1699 160.3
1727 160.3
2046 160.3
43 161.3
100 161.3
218 161.3
233 161.3
330 161.3
412 161.3
765 161.3
795 161.3
1408 161.3
1598 161.3
1616 161.3
1792 161.3
1998 161.3
11 162.3
51 162.3
70 162.3
94 162.3
124 162.3
174 162.3
253 162.3
365 162.3
638 162.3
1290 162.3
1311 162.3
1543 162.3
1674 162.3
1887 162.3
1903 162.3
1968 162.3
1992 162.3
2221 162.3
65 163.3
79 163.3
81 163.3
120 163.3
158 163.3
198 163.3
278 163.3
326 163.3
406 163.3
468 163.3
668 163.3
670 163.3
1172 163.3
1240 163.3
1341 163.3
1567 163.3
1891 163.3
1973 163.3
2170 163.3
2181 163.3
2218 163.3
78 164.3
99 164.3
123 164.3
143 164.3
196 164.3
213 164.3
438 164.3
581 164.3
652 164.3
686 164.3
851 164.3
1142 164.3
1331 164.3
1382 164.3
1390 164.3
1394 164.3
1457 164.3
1608 164.3
1704 164.3
45 165.3
92 165.3
221 165.3
270 165.3
329 165.3
343 165.3
383 165.3
407 165.3
651 165.3
669 165.3
1176 165.3
1659 165.3
1715 165.3
1942 165.3
1960 165.3
2191 165.3
2226 165.3
2233 165.3
14 166.3
18 166.3
145 166.3
162 166.3
176 166.3
225 166.3
392 166.3
466 166.3
488 166.3
550 166.3
580 166.3
814 166.3
974 166.3
1292 166.3
1711 166.3
1854 166.3
2053 166.3
86 167.3
524 167.3
789 167.3
1519 167.3
1606 167.3
1761 167.3
1886 167.3
1982 167.3
119 168.3
796 168.3
1368 168.3
1712 168.3
1825 168.3
1899 168.3
22 169.3
95 169.3
103 169.3
141 169.3
146 169.3
242 169.3
308 169.3
364 169.3
419 169.3
445 169.3
496 169.3
510 169.3
513 169.3
680 169.3
793 169.3
864 169.3
1170 169.3
1180 169.3
1285 169.3
1369 169.3
1721 169.3
1791 169.3
1884 169.3
1943 169.3
1948 169.3
2060 169.3
134 170.3
164 170.3
187 170.3
198 170.3
272 170.3
354 170.3
424 170.3
435 170.3
1149 170.3
1247 170.3
1436 170.3
1553 170.3
1985 170.3
2185 170.3
60 171.3
64 171.3
83 171.3
115 171.3
168 171.3
194 171.3
203 171.3
207 171.3
368 171.3
472 171.3
531 171.3
803 171.3
1130 171.3
1203 171.3
1444 171.3
1491 171.3
1516 171.3
1652 171.3
1669 171.3
1718 171.3
1740 171.3
1843 171.3
1857 171.3
2074 171.3
15 172.3
16 172.3
40 172.3
96 172.3
117 172.3
127 172.3
147 172.3
161 172.3
179 172.3
188 172.3
311 172.3
318 172.3
319 172.3
360 172.3
600 172.3
810 172.3
867 172.3
1138 172.3
1168 172.3
1253 172.3
1472 172.3
1605 172.3
1815 172.3
1821 172.3
1880 172.3
1957 172.3
1989 172.3
2153 172.3
21 173.3
181 173.3
190 173.3
204 173.3
234 173.3
257 173.3
286 173.3
300 173.3
415 173.3
1134 173.3
1207 173.3
1395 173.3
1863 173.3
1894 173.3
2199 173.3
26 174.3
52 174.3
155 174.3
167 174.3
173 174.3
432 174.3
483 174.3
759 174.3
1227 174.3
1453 174.3
1701 174.3
1860 174.3
1949 174.3
37 175.3
152 175.3
174 175.3
213 175.3
562 175.3
653 175.3
850 175.3
1317 175.3
1402 175.3
1855 175.3
1950 175.3
44 176.3
90 176.3
237 176.3
277 176.3
499 176.3
538 176.3
639 176.3
1311 176.3
1356 176.3
1418 176.3
1513 176.3
1526 176.3
1657 176.3
1702 176.3
1851 176.3
1962 176.3
57 177.3
107 177.3
223 177.3
230 177.3
336 177.3
376 177.3
464 177.3
692 177.3
736 177.3
756 177.3
765 177.3
869 177.3
1230 177.3
1324 177.3
1348 177.3
1443 177.3
1648 177.3
1720 177.3
1808 177.3
1929 177.3
1987 177.3
2014 177.3
2108 177.3
2191 177.3
55 178.3
67 178.3
129 178.3
225 178.3
288 178.3
298 178.3
326 178.3
384 178.3
473 178.3
576 178.3
836 178.3
967 178.3
1361 178.3
1545 178.3
1653 178.3
1655 178.3
1688 178.3
1913 178.3
1982 178.3
2222 178.3
89 179.3
205 179.3
219 179.3
315 179.3
325 179.3
347 179.3
481 179.3
534 179.3
761 179.3
767 179.3
1422 179.3
1599 179.3
1789 179.3
1813 179.3
293 180.3
322 180.3
893 180.3
1141 180.3
1285 180.3
1662 180.3
1858 180.3
2206 180.3
39 181.3
235 181.3
237 181.3
339 181.3
570 181.3
574 181.3
1745 181.3
1850 181.3
1956 181.3
1979 181.3
91 182.3
111 182.3
172 182.3
278 182.3
367 182.3
601 182.3
637 182.3
769 182.3
842 182.3
1493 182.3
1569 182.3
1828 182.3
2017 182.3
64 183.3
144 183.3
177 183.3
244 183.3
261 183.3
311 183.3
362 183.3
374 183.3
377 183.3
380 183.3
396 183.3
498 183.3
595 183.3
806 183.3
1516 183.3
1551 183.3
1589 183.3
1659 183.3
1711 183.3
1964 183.3
2149 183.3
127 184.3
178 184.3
185 184.3
189 184.3
193 184.3
277 184.3
322 184.3
549 184.3
665 184.3
724 184.3
937 184.3
1226 184.3
1233 184.3
1246 184.3
1483 184.3
1668 184.3
1672 184.3
1687 184.3
1898 184.3
1902 184.3
1905 184.3
1922 184.3
1923 184.3
2062 184.3
2199 184.3
122 185.3
124 185.3
134 185.3
138 185.3
141 185.3
196 185.3
251 185.3
291 185.3
298 185.3
458 185.3
638 185.3
733 185.3
1202 185.3
1208 185.3
1307 185.3
1432 185.3
1455 185.3
1547 185.3
1609 185.3
1698 185.3
2091 185.3
69 186.3
100 186.3
126 186.3
228 186.3
395 186.3
870 186.3
1161 186.3
1389 186.3
1400 186.3
1639 186.3
1806 186.3
1992 186.3
2048 186.3
59 187.3
343 187.3
1238 187.3
1262 187.3
1636 187.3
1946 187.3
22 188.3
174 188.3
297 188.3
305 188.3
1623 188.3
1778 188.3
1975 188.3
2095 188.3
190 189.3
265 189.3
393 189.3
707 189.3
727 189.3
785 189.3
806 189.3
1255 189.3
1709 189.3
1969 189.3
32 190.3
216 190.3
375 190.3
753 190.3
800 190.3
1165 190.3
1209 190.3
1237 190.3
1240 190.3
1250 190.3
1501 190.3
1538 190.3
1682 190.3
1744 190.3
1809 190.3
1859 190.3
1940 190.3
2099 190.3
2200 190.3
15 191.3
81 191.3
87 191.3
109 191.3
112 191.3
137 191.3
150 191.3
302 191.3
461 191.3
463 191.3
495 191.3
499 191.3
502 191.3
537 191.3
553 191.3
627 191.3
644 191.3
679 191.3
732 191.3
747 191.3
802 191.3
834 191.3
867 191.3
994 191.3
1298 191.3
1362 191.3
1419 191.3
1557 191.3
1696 191.3
1856 191.3
2113 191.3
128 192.3
167 192.3
229 192.3
295 192.3
408 192.3
437 192.3
469 192.3
565 192.3
1135 192.3
1662 192.3
1834 192.3
1971 192.3
2071 192.3
2194 192.3
2204 192.3
219 193.3
286 193.3
315 193.3
337 193.3
454 193.3
579 193.3
712 193.3
1484 193.3
1496 193.3
1761 193.3
60 194.3
156 194.3
178 194.3
241 194.3
374 194.3
423 194.3
462 194.3
1288 194.3
1676 194.3
1943 194.3
2209 194.3
7 195.3
122 195.3
148 195.3
261 195.3
303 195.3
318 195.3
471 195.3
551 195.3
1506 195.3
1801 195.3
1837 195.3
2030 195.3
64 196.3
93 196.3
121 196.3
151 196.3
155 196.3
163 196.3
282 196.3
330 196.3
442 196.3
589 196.3
809 196.3
1201 196.3
1289 196.3
1382 196.3
1407 196.3
1573 196.3
36 197.3
103 197.3
120 197.3
138 197.3
153 197.3
200 197.3
201 197.3
205 197.3
289 197.3
293 197.3
316 197.3
320 197.3
339 197.3
370 197.3
377 197.3
398 197.3
516 197.3
800 197.3
1232 197.3
1244 197.3
1248 197.3
1341 197.3
1406 197.3
1422 197.3
1502 197.3
1543 197.3
1704 197.3
1752 197.3
1808 197.3
1848 197.3
1882 197.3
1937 197.3
2008 197.3
2189 197.3
50 198.3
63 198.3
176 198.3
184 198.3
225 198.3
290 198.3
322 198.3
359 198.3
403 198.3
567 198.3
741 198.3
813 198.3
1143 198.3
1262 198.3
1265 198.3
1431 198.3
1527 198.3
1711 198.3
1750 198.3
1774 198.3
1900 198.3
1923 198.3
2005 198.3
2186 198.3
2203 198.3
6 199.3
92 199.3
113 199.3
114 199.3
143 199.3
215 199.3
238 199.3
241 199.3
262 199.3
299 199.3
301 199.3
409 199.3
454 199.3
497 199.3
697 199.3
847 199.3
1149 199.3
1414 199.3
1478 199.3
1494 199.3
1555 199.3
1914 199.3
1687 201
40 203
1360 203
250 204
392 204
2068 205
1516 205
654 207
1272 207
1911 207
377 209
728 209
1357 209
743 210
1152 210
682 211
1877 212
601 213
953 213
1986 214
289 215
631 215
111 216
293 216
295 216
1564 218
1218 221
635 222
1453 223
1507 223
1350 224
1888 224
550 225
1794 225
90 226
150 226
467 227
2174 227
408 228
750 228
1170 228
738 230
708 233
2194 233
802 234
1977 235
780 237
877 237
1487 237
64 238
268 238
422 240
1442 241
611 242
1774 242
534 243
1127 243
655 245
976 245
1372 245
617 247
1640 247
567 248
1490 248
552 250
749 251
864 251
2190 251
326 252
340 253
1991 253
2014 257
1628 257
1647 257
527 258
2085 258
1123 258
1424 258
1864 258
2042 259
1308 259
1446 259
1329 260
1691 260
1989 260
2082 261
1886 261
1468 262
1642 262
700 264
1271 264
2216 265
317 266
1538 266
804 267
1970 267
755 268
1394 268
1952 268
267 269
1224 269
871 270
1245 270
1592 270
1787 270
321 271
605 271
736 271
117 273
232 273
533 273
2226 273
86 274
2196 274
1793 274
165 275
1523 275
316 276
364 276
567 276
697 276
689 277
705 277
1413 277
1638 277
1936 277
1978 279
2207 280
1356 280
1570 280
1909 280
1976 281
216 282
2105 282
1444 282
1390 283
104 286
161 287
365 287
1434 287
1898 287
1153 288
1253 288
1277 289
833 290
2060 290
845 291
1552 292
1656 292
1203 293
42 294
1334 294
1338 294
2096 295
1448 295
1622 296
1602 297
76 298
824 299
1304 300
1405 300
