1193 1
8 2
1225 2
330 3
458 3
687 3
48 5
696 5
2149 5
184 7
1620 7
375 8
533 8
1538 8
1802 8
1333 9
2130 10
1987 10
2142 11
1801 11
43 12
266 12
754 12
1353 13
1360 13
99 14
1265 14
651 15
766 15
1907 15
617 17
2013 17
57 19
556 19
695 19
1274 19
1826 19
689 20
756 21
2121 21
54 22
485 22
2080 22
1623 22
1458 23
1541 23
238 24
363 25
2096 25
1974 25
596 26
2163 26
1280 26
2081 27
1041 27
1564 27
1298 28
1454 28
1602 28
1804 29
1834 29
1946 29
227 32
1558 32
1783 32
123 33
242 33
1260 33
1875 33
419 34
1550 34
2144 35
1274 35
1191 36
785 37
1595 38
1726 38
57 41
206 41
1329 41
218 42
2129 42
1697 43
2211 44
736 45
2054 45
1017 45
1222 45
2083 46
662 49
1470 49
518 50
866 50
2017 50
2220 51
1496 51
663 52
1394 52
1587 52
1807 52
1172 53
1368 53
1449 54
1773 54
555 55
2139 55
1446 55
149 56
1130 56
1797 56
107 57
1369 58
1815 58
682 60
1903 60
615 61
2024 61
2087 61
1266 61
1961 61
1537 62
1943 62
611 65
629 65
1301 65
1652 66
592 68
1438 68
162 69
198 69
21 70
624 70
1870 70
1207 71
1402 71
1555 71
1961 71
1582 73
355 74
1472 74
2102 75
817 78
1728 78
1742 78
2089 79
1164 79
1945 79
44 80
822 80
1235 80
2082 82
1724 82
506 84
1688 84
2212 85
1222 85
1317 86
1884 87
1956 87
1818 88
43 89
1322 89
1207 90
1486 90
1738 91
202 92
2172 92
1205 92
1893 93
828 94
1701 94
1314 95
1348 95
1997 95
541 96
383 98
1541 98
733 99
779 99
1420 99
303 100
327 100
25 100.3
275 100.3
360 100.3
367 100.3
758 100.3
811 100.3
829 100.3
864 100.3
1264 100.3
1271 100.3
1310 100.3
1362 100.3
1412 100.3
1490 100.3
1562 100.3
1581 100.3
269 101.3
505 101.3
529 101.3
606 101.3
634 101.3
648 101.3
776 101.3
785 101.3
1162 101.3
1207 101.3
1261 101.3
1292 101.3
1298 101.3
1324 101.3
1326 101.3
1333 101.3
1359 101.3
1414 101.3
1422 101.3
1429 101.3
1465 101.3
1483 101.3
1493 101.3
1495 101.3
1545 101.3
1565 101.3
1579 101.3
1593 101.3
1701 101.3
1895 101.3
1945 101.3
1980 101.3
2048 101.3
77 102.3
219 102.3
260 102.3
397 102.3
539 102.3
565 102.3
725 102.3
787 102.3
835 102.3
1201 102.3
1285 102.3
1494 102.3
1497 102.3
1563 102.3
1586 102.3
1686 102.3
1735 102.3
1769 102.3
1829 102.3
1890 102.3
1930 102.3
2184 102.3
2206 102.3
0 103.3
538 103.3
596 103.3
740 103.3
1340 103.3
1363 103.3
1447 103.3
1469 103.3
1514 103.3
1630 103.3
1788 103.3
124 104.3
237 104.3
245 104.3
365 104.3
380 104.3
503 104.3
1159 104.3
1582 104.3
1677 104.3
1988 104.3
2098 104.3
527 105.3
1145 105.3
1522 105.3
1532 105.3
1905 105.3
242 106.3
334 106.3
350 106.3
366 106.3
525 106.3
611 106.3
675 106.3
834 106.3
1257 106.3
1376 106.3
1440 106.3
1467 106.3
1487 106.3
1503 106.3
1540 106.3
1660 106.3
1672 106.3
1750 106.3
2226 106.3
2228 106.3
83 107.3
212 107.3
291 107.3
627 107.3
742 107.3
1158 107.3
1225 107.3
1292 107.3
1296 107.3
1365 107.3
1442 107.3
1446 107.3
1480 107.3
1481 107.3
1496 107.3
1500 107.3
1566 107.3
1568 107.3
1592 107.3
1616 107.3
1698 107.3
1711 107.3
1798 107.3
1836 107.3
1968 107.3
1985 107.3
2068 107.3
2116 107.3
2213 107.3
2224 107.3
71 108.3
294 108.3
338 108.3
351 108.3
466 108.3
696 108.3
702 108.3
791 108.3
825 108.3
944 108.3
1172 108.3
1256 108.3
1260 108.3
1326 108.3
1332 108.3
1356 108.3
1402 108.3
1404 108.3
1435 108.3
1479 108.3
1585 108.3
1643 108.3
1649 108.3
1748 108.3
1891 108.3
1929 108.3
1996 108.3
2128 108.3
168 109.3
185 109.3
263 109.3
376 109.3
876 109.3
1279 109.3
1329 109.3
1350 109.3
1471 109.3
1542 109.3
1555 109.3
2091 109.3
248 110.3
598 110.3
786 110.3
915 110.3
1395 110.3
1418 110.3
1499 110.3
1572 110.3
1598 110.3
1635 110.3
38 111.3
65 111.3
364 111.3
764 111.3
1348 111.3
2021 111.3
2104 111.3
15 112.3
312 112.3
459 112.3
475 112.3
567 112.3
611 112.3
741 112.3
747 112.3
1023 112.3
1159 112.3
1413 112.3
1524 112.3
1678 112.3
1792 112.3
1975 112.3
145 113.3
853 113.3
860 113.3
1204 113.3
1382 113.3
1424 113.3
1429 113.3
1478 113.3
1495 113.3
1517 113.3
1525 113.3
1544 113.3
1584 113.3
1854 113.3
1885 113.3
1887 113.3
1963 113.3
2140 113.3
34 114.3
40 114.3
249 114.3
353 114.3
404 114.3
427 114.3
444 114.3
501 114.3
504 114.3
714 114.3
1137 114.3
1324 114.3
1402 114.3
1406 114.3
1438 114.3
1453 114.3
1469 114.3
1546 114.3
1580 114.3
1591 114.3
1600 114.3
1646 114.3
1690 114.3
1726 114.3
1906 114.3
1909 114.3
2129 114.3
19 115.3
140 115.3
229 115.3
423 115.3
535 115.3
581 115.3
1298 115.3
1340 115.3
1352 115.3
1411 115.3
1433 115.3
1455 115.3
1462 115.3
1482 115.3
1516 115.3
1567 115.3
1602 115.3
1607 115.3
1693 115.3
1866 115.3
1995 115.3
2031 115.3
178 116.3
196 116.3
255 116.3
352 116.3
434 116.3
1285 116.3
1574 116.3
1737 116.3
1742 116.3
1964 116.3
183 117.3
396 117.3
681 117.3
1212 117.3
1319 117.3
1371 117.3
1404 117.3
1445 117.3
1526 117.3
1538 117.3
1651 117.3
1660 117.3
1715 117.3
365 118.3
730 118.3
1310 118.3
1311 118.3
1379 118.3
1522 118.3
1739 118.3
1952 118.3
1969 118.3
1999 118.3
4 119.3
43 119.3
343 119.3
463 119.3
545 119.3
830 119.3
1297 119.3
1351 119.3
1468 119.3
1473 119.3
1537 119.3
1572 119.3
1681 119.3
1809 119.3
1922 119.3
1937 119.3
1972 119.3
2016 119.3
2071 119.3
53 120.3
141 120.3
306 120.3
331 120.3
336 120.3
998 120.3
1262 120.3
1339 120.3
1364 120.3
1454 120.3
1463 120.3
1501 120.3
1545 120.3
1619 120.3
1628 120.3
1647 120.3
1658 120.3
1672 120.3
1759 120.3
1900 120.3
2143 120.3
250 121.3
262 121.3
406 121.3
419 121.3
439 121.3
493 121.3
668 121.3
748 121.3
775 121.3
1291 121.3
1316 121.3
1360 121.3
1389 121.3
1469 121.3
1500 121.3
1509 121.3
1513 121.3
1565 121.3
1568 121.3
1689 121.3
1782 121.3
1785 121.3
1823 121.3
1980 121.3
240 122.3
672 122.3
1259 122.3
1359 122.3
1380 122.3
1462 122.3
1499 122.3
1525 122.3
1820 122.3
2011 122.3
260 123.3
302 123.3
683 123.3
1330 123.3
1465 123.3
1567 123.3
1667 123.3
1764 123.3
1793 123.3
829 124.3
1205 124.3
1490 124.3
1553 124.3
1591 124.3
2021 124.3
26 125.3
723 125.3
750 125.3
1494 125.3
1530 125.3
1750 125.3
1856 125.3
1918 125.3
109 126.3
1185 126.3
1196 126.3
1244 126.3
1301 126.3
1514 126.3
1563 126.3
1581 126.3
1587 126.3
1673 126.3
1693 126.3
1795 126.3
1854 126.3
1888 126.3
2008 126.3
2090 126.3
40 127.3
50 127.3
84 127.3
129 127.3
181 127.3
208 127.3
372 127.3
424 127.3
427 127.3
520 127.3
560 127.3
657 127.3
742 127.3
761 127.3
803 127.3
967 127.3
1022 127.3
1081 127.3
1147 127.3
1207 127.3
1311 127.3
1324 127.3
1352 127.3
1431 127.3
1448 127.3
1463 127.3
1512 127.3
1531 127.3
1597 127.3
1614 127.3
1632 127.3
1639 127.3
1641 127.3
1651 127.3
1757 127.3
1844 127.3
1946 127.3
1984 127.3
2 128.3
8 128.3
98 128.3
430 128.3
566 128.3
816 128.3
823 128.3
831 128.3
838 128.3
997 128.3
1030 128.3
1127 128.3
1308 128.3
1470 128.3
1486 128.3
1532 128.3
1541 128.3
1547 128.3
1685 128.3
1719 128.3
1748 128.3
1772 128.3
1862 128.3
1871 128.3
1883 128.3
2183 128.3
2214 128.3
203 129.3
444 129.3
844 129.3
1439 129.3
1444 129.3
1461 129.3
1535 129.3
1549 129.3
1557 129.3
1666 129.3
1700 129.3
1714 129.3
2031 129.3
272 130.3
353 130.3
570 130.3
1059 130.3
1204 130.3
1222 130.3
1279 130.3
1550 130.3
1595 130.3
1715 130.3
1864 130.3
2024 130.3
2159 130.3
234 131.3
1312 131.3
1636 131.3
1640 131.3
1684 131.3
1696 131.3
1727 131.3
1754 131.3
2126 131.3
2228 131.3
46 132.3
186 132.3
453 132.3
655 132.3
828 132.3
1214 132.3
1239 132.3
1401 132.3
1560 132.3
1616 132.3
1627 132.3
1721 132.3
1766 132.3
1830 132.3
1900 132.3
1913 132.3
1930 132.3
1962 132.3
2087 132.3
2122 132.3
526 133.3
581 133.3
692 133.3
693 133.3
1133 133.3
1186 133.3
1269 133.3
1320 133.3
1520 133.3
1564 133.3
1689 133.3
1741 133.3
1824 133.3
1934 133.3
1983 133.3
33 134.3
76 134.3
248 134.3
416 134.3
437 134.3
451 134.3
460 134.3
537 134.3
604 134.3
619 134.3
713 134.3
753 134.3
800 134.3
875 134.3
931 134.3
1172 134.3
1335 134.3
1350 134.3
1357 134.3
1405 134.3
1469 134.3
1508 134.3
1538 134.3
1555 134.3
1575 134.3
1681 134.3
1693 134.3
1747 134.3
1785 134.3
1831 134.3
1921 134.3
1957 134.3
2032 134.3
2196 134.3
64 135.3
233 135.3
409 135.3
432 135.3
595 135.3
686 135.3
1187 135.3
1391 135.3
1424 135.3
1466 135.3
1670 135.3
1762 135.3
1838 135.3
1911 135.3
1956 135.3
1958 135.3
2180 135.3
68 136.3
229 136.3
244 136.3
328 136.3
486 136.3
584 136.3
769 136.3
1130 136.3
1131 136.3
1232 136.3
1367 136.3
1390 136.3
1531 136.3
1611 136.3
1628 136.3
1728 136.3
1737 136.3
1804 136.3
2162 136.3
25 137.3
351 137.3
422 137.3
1153 137.3
1330 137.3
1586 137.3
1629 137.3
1675 137.3
1701 137.3
1771 137.3
1806 137.3
1813 137.3
1822 137.3
1959 137.3
2194 137.3
100 138.3
322 138.3
403 138.3
571 138.3
634 138.3
1585 138.3
1664 138.3
1768 138.3
1809 138.3
1868 138.3
132 139.3
138 139.3
228 139.3
230 139.3
394 139.3
491 139.3
863 139.3
949 139.3
1147 139.3
1366 139.3
1512 139.3
1639 139.3
1700 139.3
1767 139.3
1832 139.3
1899 139.3
1948 139.3
5 140.3
139 140.3
464 140.3
1193 140.3
1247 140.3
1274 140.3
1423 140.3
1503 140.3
1569 140.3
1615 140.3
1765 140.3
1916 140.3
2019 140.3
2054 140.3
2176 140.3
2221 140.3
48 141.3
121 141.3
156 141.3
446 141.3
554 141.3
647 141.3
687 141.3
711 141.3
894 141.3
1047 141.3
1206 141.3
1271 141.3
1310 141.3
1325 141.3
1363 141.3
1375 141.3
1460 141.3
1497 141.3
1539 141.3
1540 141.3
1637 141.3
1689 141.3
1734 141.3
1753 141.3
1773 141.3
1847 141.3
2094 141.3
2158 141.3
2212 141.3
2233 141.3
333 142.3
676 142.3
1340 142.3
1480 142.3
1618 142.3
1634 142.3
1663 142.3
1707 142.3
1791 142.3
1841 142.3
1978 142.3
417 143.3
651 143.3
1608 143.3
1633 143.3
1779 143.3
3 144.3
433 144.3
609 144.3
871 144.3
1402 144.3
1436 144.3
1544 144.3
1547 144.3
1550 144.3
1632 144.3
1839 144.3
421 145.3
443 145.3
792 145.3
1407 145.3
1469 145.3
1691 145.3
1711 145.3
1732 145.3
1931 145.3
1964 145.3
135 146.3
162 146.3
436 146.3
439 146.3
565 146.3
673 146.3
707 146.3
1059 146.3
1188 146.3
1261 146.3
1355 146.3
1361 146.3
1404 146.3
1514 146.3
1576 146.3
1602 146.3
1706 146.3
1800 146.3
1823 146.3
2038 146.3
2214 146.3
292 147.3
383 147.3
863 147.3
1136 147.3
1209 147.3
1221 147.3
1251 147.3
1398 147.3
1409 147.3
1426 147.3
1442 147.3
1466 147.3
1536 147.3
1540 147.3
1588 147.3
1605 147.3
1674 147.3
1680 147.3
1692 147.3
1694 147.3
1697 147.3
1729 147.3
1764 147.3
1787 147.3
1835 147.3
1888 147.3
1943 147.3
2066 147.3
2117 147.3
130 148.3
232 148.3
237 148.3
254 148.3
293 148.3
303 148.3
375 148.3
380 148.3
453 148.3
486 148.3
894 148.3
1219 148.3
1347 148.3
1383 148.3
1406 148.3
1538 148.3
1594 148.3
1611 148.3
1676 148.3
1754 148.3
1770 148.3
1829 148.3
1870 148.3
2076 148.3
43 149.3
184 149.3
211 149.3
368 149.3
404 149.3
500 149.3
1338 149.3
1507 149.3
1517 149.3
1683 149.3
1792 149.3
1808 149.3
1910 149.3
2073 149.3
2169 149.3
156 150.3
747 150.3
1625 150.3
1913 150.3
2232 150.3
134 151.3
215 151.3
822 151.3
1214 151.3
1617 151.3
1736 151.3
1810 151.3
1869 151.3
1886 151.3
29 152.3
1457 152.3
1512 152.3
1548 152.3
1616 152.3
1715 152.3
1765 152.3
1893 152.3
2006 152.3
2131 152.3
2149 152.3
2235 152.3
176 153.3
372 153.3
441 153.3
628 153.3
767 153.3
1067 153.3
1318 153.3
1368 153.3
1558 153.3
1604 153.3
1606 153.3
1677 153.3
1875 153.3
2112 153.3
0 154.3
32 154.3
36 154.3
112 154.3
129 154.3
195 154.3
380 154.3
463 154.3
474 154.3
692 154.3
832 154.3
848 154.3
1218 154.3
1302 154.3
1429 154.3
1498 154.3
1549 154.3
1567 154.3
1610 154.3
1620 154.3
1622 154.3
1634 154.3
1689 154.3
1707 154.3
1725 154.3
1763 154.3
1846 154.3
1873 154.3
1895 154.3
1935 154.3
1996 154.3
37 155.3
214 155.3
563 155.3
645 155.3
681 155.3
833 155.3
877 155.3
986 155.3
1053 155.3
1199 155.3
1225 155.3
1263 155.3
1305 155.3
1612 155.3
1627 155.3
1656 155.3
1740 155.3
1769 155.3
1770 155.3
1798 155.3
2019 155.3
2232 155.3
231 156.3
418 156.3
488 156.3
511 156.3
862 156.3
1658 156.3
1923 156.3
2220 156.3
221 157.3
792 157.3
1140 157.3
1155 157.3
1497 157.3
1710 157.3
1757 157.3
1827 157.3
1829 157.3
1878 157.3
1915 157.3
2107 157.3
120 158.3
319 158.3
508 158.3
1167 158.3
1423 158.3
1525 158.3
1668 158.3
1672 158.3
1745 158.3
1853 158.3
1925 158.3
2007 158.3
2033 158.3
2062 158.3
2196 158.3
279 159.3
342 159.3
683 159.3
812 159.3
1246 159.3
1592 159.3
1747 159.3
1789 159.3
1797 159.3
1883 159.3
124 160.3
281 160.3
287 160.3
348 160.3
379 160.3
499 160.3
991 160.3
1015 160.3
1125 160.3
1172 160.3
1205 160.3
1216 160.3
1453 160.3
1455 160.3
1488 160.3
1510 160.3
1551 160.3
1564 160.3
1661 160.3
1666 160.3
1704 160.3
1741 160.3
1754 160.3
1897 160.3
1916 160.3
1972 160.3
2039 160.3
42 161.3
45 161.3
129 161.3
406 161.3
1210 161.3
1238 161.3
1275 161.3
1289 161.3
1319 161.3
1358 161.3
1463 161.3
1467 161.3
1492 161.3
1493 161.3
1582 161.3
1636 161.3
1699 161.3
1749 161.3
1752 161.3
1824 161.3
1835 161.3
1840 161.3
1841 161.3
1847 161.3
1856 161.3
1864 161.3
2146 161.3
351 162.3
464 162.3
1322 162.3
1425 162.3
1465 162.3
1489 162.3
1648 162.3
1650 162.3
1718 162.3
1719 162.3
1775 162.3
1948 162.3
2130 162.3
2211 162.3
31 163.3
128 163.3
314 163.3
474 163.3
558 163.3
717 163.3
781 163.3
1322 163.3
1466 163.3
1557 163.3
1659 163.3
1665 163.3
1703 163.3
1753 163.3
1756 163.3
1848 163.3
2179 163.3
2200 163.3
382 164.3
568 164.3
1148 164.3
1200 164.3
1308 164.3
1400 164.3
1544 164.3
1599 164.3
1632 164.3
1786 164.3
1828 164.3
1871 164.3
1949 164.3
2106 164.3
3 165.3
494 165.3
705 165.3
1244 165.3
1259 165.3
1482 165.3
1711 165.3
1779 165.3
1802 165.3
1903 165.3
122 166.3
274 166.3
524 166.3
574 166.3
644 166.3
722 166.3
861 166.3
1267 166.3
1602 166.3
1621 166.3
1662 166.3
1710 166.3
1715 166.3
1782 166.3
1870 166.3
1968 166.3
2060 166.3
2066 166.3
2191 166.3
58 167.3
296 167.3
356 167.3
400 167.3
483 167.3
509 167.3
773 167.3
831 167.3
1113 167.3
1138 167.3
1354 167.3
1381 167.3
1613 167.3
1669 167.3
1670 167.3
1697 167.3
1717 167.3
1762 167.3
1773 167.3
2108 167.3
46 168.3
51 168.3
161 168.3
181 168.3
195 168.3
219 168.3
246 168.3
310 168.3
360 168.3
626 168.3
771 168.3
830 168.3
1152 168.3
1261 168.3
1316 168.3
1376 168.3
1485 168.3
1701 168.3
1740 168.3
1839 168.3
1857 168.3
1867 168.3
1954 168.3
2020 168.3
2052 168.3
2142 168.3
2165 168.3
90 169.3
293 169.3
685 169.3
1126 169.3
1149 169.3
1291 169.3
1605 169.3
1619 169.3
1743 169.3
1806 169.3
1814 169.3
1844 169.3
1893 169.3
1940 169.3
1945 169.3
2047 169.3
2048 169.3
2119 169.3
493 170.3
577 170.3
1159 170.3
1486 170.3
1649 170.3
1711 170.3
1793 170.3
1939 170.3
66 171.3
321 171.3
339 171.3
519 171.3
778 171.3
1268 171.3
1779 171.3
44 172.3
236 172.3
429 172.3
632 172.3
1593 172.3
1596 172.3
1759 172.3
1829 172.3
1896 172.3
1964 172.3
35 173.3
147 173.3
255 173.3
568 173.3
724 173.3
744 173.3
1057 173.3
1217 173.3
1326 173.3
1368 173.3
1423 173.3
1438 173.3
1594 173.3
1597 173.3
1680 173.3
1736 173.3
1791 173.3
1832 173.3
1845 173.3
1908 173.3
1997 173.3
2009 173.3
4 174.3
30 174.3
70 174.3
178 174.3
364 174.3
395 174.3
516 174.3
604 174.3
785 174.3
819 174.3
1218 174.3
1462 174.3
1492 174.3
1545 174.3
1777 174.3
1790 174.3
1797 174.3
1855 174.3
1858 174.3
1949 174.3
2030 174.3
2178 174.3
24 175.3
26 175.3
104 175.3
188 175.3
343 175.3
471 175.3
602 175.3
1354 175.3
1503 175.3
1509 175.3
1512 175.3
1651 175.3
1911 175.3
1970 175.3
2213 175.3
338 176.3
617 176.3
1228 176.3
1388 176.3
1497 176.3
1704 176.3
1737 176.3
1749 176.3
1787 176.3
1801 176.3
1882 176.3
1934 176.3
1954 176.3
2002 176.3
173 177.3
221 177.3
238 177.3
453 177.3
512 177.3
529 177.3
571 177.3
1180 177.3
1699 177.3
1735 177.3
1770 177.3
1872 177.3
1885 177.3
1965 177.3
1994 177.3
14 178.3
59 178.3
114 178.3
543 178.3
581 178.3
734 178.3
948 178.3
1122 178.3
1426 178.3
1697 178.3
1804 178.3
1980 178.3
1983 178.3
1989 178.3
2195 178.3
74 179.3
143 179.3
636 179.3
694 179.3
1237 179.3
1305 179.3
1713 179.3
1717 179.3
1731 179.3
1734 179.3
1744 179.3
1748 179.3
1775 179.3
1788 179.3
1860 179.3
1952 179.3
1975 179.3
1978 179.3
2062 179.3
2196 179.3
46 180.3
63 180.3
90 180.3
129 180.3
166 180.3
204 180.3
224 180.3
448 180.3
526 180.3
593 180.3
601 180.3
696 180.3
834 180.3
1015 180.3
1075 180.3
1175 180.3
1226 180.3
1269 180.3
1270 180.3
1337 180.3
1495 180.3
1526 180.3
1638 180.3
1703 180.3
1724 180.3
1742 180.3
1773 180.3
1789 180.3
1810 180.3
1836 180.3
1846 180.3
1851 180.3
1870 180.3
1908 180.3
1914 180.3
1950 180.3
2036 180.3
2042 180.3
2125 180.3
0 181.3
19 181.3
101 181.3
113 181.3
545 181.3
655 181.3
749 181.3
768 181.3
830 181.3
1259 181.3
1289 181.3
1346 181.3
1464 181.3
1465 181.3
1571 181.3
1572 181.3
1609 181.3
1626 181.3
1644 181.3
1646 181.3
1800 181.3
1826 181.3
1874 181.3
1918 181.3
1923 181.3
1945 181.3
1961 181.3
1969 181.3
2029 181.3
2078 181.3
2094 181.3
2114 181.3
2115 181.3
2130 181.3
2160 181.3
2206 181.3
110 182.3
126 182.3
223 182.3
327 182.3
440 182.3
450 182.3
504 182.3
736 182.3
1032 182.3
1413 182.3
1504 182.3
1557 182.3
1812 182.3
1889 182.3
1901 182.3
1964 182.3
11 183.3
48 183.3
77 183.3
300 183.3
417 183.3
579 183.3
605 183.3
803 183.3
832 183.3
1623 183.3
1728 183.3
1777 183.3
1778 183.3
1783 183.3
2060 183.3
2120 183.3
2221 183.3
71 184.3
557 184.3
666 184.3
826 184.3
1314 184.3
1841 184.3
1926 184.3
10 185.3
83 185.3
266 185.3
317 185.3
636 185.3
763 185.3
1326 185.3
1479 185.3
1514 185.3
1677 185.3
1683 185.3
1702 185.3
1722 185.3
1834 185.3
2188 185.3
60 186.3
247 186.3
262 186.3
797 186.3
1404 186.3
1554 186.3
1766 186.3
1847 186.3
1952 186.3
2136 186.3
2210 186.3
6 187.3
30 187.3
101 187.3
105 187.3
314 187.3
329 187.3
715 187.3
1428 187.3
1481 187.3
1687 187.3
1770 187.3
1809 187.3
1832 187.3
1874 187.3
1899 187.3
1919 187.3
1921 187.3
1993 187.3
36 188.3
126 188.3
134 188.3
169 188.3
245 188.3
415 188.3
442 188.3
590 188.3
641 188.3
1196 188.3
1225 188.3
1256 188.3
1449 188.3
1513 188.3
1610 188.3
1786 188.3
1812 188.3
1857 188.3
1929 188.3
1961 188.3
1995 188.3
2013 188.3
2041 188.3
2049 188.3
278 189.3
322 189.3
490 189.3
710 189.3
974 189.3
1086 189.3
1127 189.3
1284 189.3
1306 189.3
1336 189.3
1342 189.3
1351 189.3
1366 189.3
1788 189.3
1864 189.3
1951 189.3
1976 189.3
1989 189.3
2202 189.3
96 190.3
223 190.3
225 190.3
707 190.3
1488 190.3
1773 190.3
1842 190.3
1951 190.3
1955 190.3
1972 190.3
3 191.3
735 191.3
829 191.3
1638 191.3
1706 191.3
1819 191.3
1861 191.3
1980 191.3
2128 191.3
41 192.3
257 192.3
304 192.3
310 192.3
608 192.3
626 192.3
704 192.3
1290 192.3
1740 192.3
1804 192.3
1852 192.3
1879 192.3
1987 192.3
2217 192.3
52 193.3
122 193.3
194 193.3
359 193.3
1490 193.3
1644 193.3
1655 193.3
1850 193.3
1871 193.3
98 194.3
112 194.3
132 194.3
189 194.3
259 194.3
488 194.3
570 194.3
579 194.3
684 194.3
708 194.3
836 194.3
847 194.3
860 194.3
867 194.3
1168 194.3
1197 194.3
1258 194.3
1297 194.3
1363 194.3
1390 194.3
1408 194.3
1508 194.3
1510 194.3
1561 194.3
1589 194.3
1728 194.3
1790 194.3
1820 194.3
1839 194.3
1868 194.3
1950 194.3
1966 194.3
1985 194.3
2113 194.3
2119 194.3
2158 194.3
2196 194.3
38 195.3
118 195.3
221 195.3
297 195.3
321 195.3
358 195.3
428 195.3
761 195.3
825 195.3
1243 195.3
1405 195.3
1474 195.3
1714 195.3
1755 195.3
1792 195.3
1828 195.3
1882 195.3
2078 195.3
2175 195.3
211 196.3
406 196.3
569 196.3
677 196.3
1272 196.3
1288 196.3
1484 196.3
1869 196.3
32 197.3
123 197.3
186 197.3
356 197.3
557 197.3
605 197.3
1275 197.3
1386 197.3
1478 197.3
1684 197.3
1768 197.3
36 198.3
125 198.3
151 198.3
168 198.3
250 198.3
683 198.3
1198 198.3
1491 198.3
2021 198.3
67 199.3
85 199.3
236 199.3
244 199.3
759 199.3
772 199.3
835 199.3
854 199.3
1224 199.3
1287 199.3
1553 199.3
1566 199.3
1611 199.3
1652 199.3
1694 199.3
1857 199.3
1907 199.3
1943 199.3
1948 199.3
1984 199.3
2006 199.3
2190 199.3
495 201
260 204
2050 204
831 206
2071 206
1464 206
401 211
118 212
1202 212
1319 212
1898 213
509 214
2224 214
1179 214
850 216
1240 217
1414 217
21 219
559 219
1868 219
1362 220
1435 220
236 221
1288 221
1967 221
136 222
537 223
1907 223
184 224
1677 224
2042 225
1743 225
834 227
2034 228
503 229
778 229
588 230
1771 231
1651 232
958 233
1419 233
41 234
285 234
743 234
1196 235
1022 236
2155 237
277 239
2105 240
1710 240
1156 241
1612 241
680 243
722 243
1236 243
287 244
335 245
477 245
1658 245
877 247
231 248
1397 249
1438 250
837 251
2067 251
2114 251
2006 253
1610 254
35 255
208 255
583 255
1357 255
1159 256
1169 256
1486 257
2184 258
1968 258
1285 259
1639 259
27 260
528 262
2164 262
1854 262
524 263
1552 263
592 264
1753 264
837 265
1482 265
1777 265
202 266
356 266
2037 266
1478 266
676 267
66 272
2091 272
154 273
634 273
1475 273
76 274
1494 274
1622 274
1688 274
1734 274
705 275
506 276
1263 276
1557 276
773 277
457 278
751 278
1431 278
558 279
267 280
1521 281
1147 282
1459 283
129 284
421 284
850 285
157 286
567 287
1759 287
370 288
670 288
1188 288
451 289
1155 289
67 290
2170 290
578 291
701 291
1922 291
357 293
479 293
2149 293
2153 293
1692 293
1981 293
397 294
687 294
108 295
115 295
494 295
375 296
639 296
1932 298
2141 299
1799 299
249 300
1845 300
