724 4
262 5
316 5
800 5
593 6
289 7
2090 7
1547 7
1943 7
2047 9
2152 9
1775 9
197 11
1328 11
1846 11
1121 13
102 14
387 15
392 15
465 15
1163 15
1790 17
342 18
2196 18
294 19
1262 19
1603 19
1791 19
1963 19
496 20
717 20
719 20
1919 20
343 21
404 21
1426 21
1557 22
1643 22
1507 23
186 24
1356 24
1936 24
154 26
519 26
860 26
2069 26
2145 26
1254 26
1890 26
1918 28
113 29
1866 29
378 31
172 32
2115 32
802 33
1716 33
1957 33
181 34
202 34
278 34
790 34
2196 35
397 36
738 36
1255 36
1918 36
647 37
2104 37
1834 37
477 38
32 39
335 39
1588 39
487 40
2093 40
2237 40
2099 41
1778 41
556 43
1297 43
1472 44
557 45
709 45
75 46
304 46
552 46
1347 47
1527 47
1650 47
463 48
2096 48
2038 49
1253 49
1565 50
6 51
557 51
1555 51
1324 52
569 53
21 54
602 56
7 59
1697 59
1157 60
1824 61
1870 62
112 63
330 64
2154 64
483 65
640 65
661 65
2131 67
72 69
627 69
1664 69
596 70
1535 72
1498 75
676 77
1135 77
565 78
1193 78
2148 79
1879 79
712 80
1928 80
857 81
193 83
645 84
1528 84
608 85
2214 87
1635 87
1965 88
71 89
1746 89
1943 89
538 90
707 90
738 90
777 90
2190 91
1262 91
1287 91
1498 91
1821 91
1610 92
1944 92
206 93
198 94
1278 96
1995 96
247 97
2079 97
1225 97
1439 97
1634 97
668 99
722 99
1766 99
723 100
2086 100
2191 100
1809 100
1910 100
427 100.7
505 100.7
651 100.7
1187 100.7
1200 100.7
1240 100.7
1403 100.7
1515 100.7
1535 100.7
1655 100.7
2075 100.7
12 101.7
189 101.7
191 101.7
251 101.7
344 101.7
554 101.7
654 101.7
837 101.7
867 101.7
1350 101.7
1537 101.7
1695 101.7
1741 101.7
132 102.7
151 102.7
177 102.7
217 102.7
238 102.7
243 102.7
259 102.7
367 102.7
462 102.7
510 102.7
790 102.7
1128 102.7
1373 102.7
1473 102.7
1860 102.7
1897 102.7
2033 102.7
2098 102.7
2153 102.7
2239 102.7
34 103.7
63 103.7
120 103.7
190 103.7
226 103.7
228 103.7
258 103.7
286 103.7
296 103.7
467 103.7
487 103.7
516 103.7
521 103.7
573 103.7
618 103.7
822 103.7
1127 103.7
1463 103.7
1526 103.7
1634 103.7
1635 103.7
1803 103.7
2208 103.7
2221 103.7
14 104.7
51 104.7
123 104.7
164 104.7
184 104.7
194 104.7
198 104.7
201 104.7
209 104.7
214 104.7
222 104.7
303 104.7
338 104.7
435 104.7
539 104.7
630 104.7
691 104.7
786 104.7
1188 104.7
1193 104.7
1201 104.7
1209 104.7
1213 104.7
1275 104.7
1297 104.7
1323 104.7
1417 104.7
1429 104.7
1442 104.7
1591 104.7
1604 104.7
1639 104.7
1779 104.7
1895 104.7
1976 104.7
2005 104.7
2009 104.7
121 105.7
166 105.7
239 105.7
407 105.7
710 105.7
726 105.7
851 105.7
878 105.7
1121 105.7
1227 105.7
1237 105.7
1258 105.7
1408 105.7
1467 105.7
1652 105.7
1913 105.7
1948 105.7
2108 105.7
2115 105.7
145 106.7
285 106.7
357 106.7
499 106.7
541 106.7
725 106.7
866 106.7
1151 106.7
1522 106.7
1775 106.7
1812 106.7
2070 106.7
155 107.7
236 107.7
430 107.7
455 107.7
507 107.7
562 107.7
1407 107.7
1500 107.7
2161 107.7
219 108.7
322 108.7
391 108.7
392 108.7
411 108.7
438 108.7
470 108.7
483 108.7
553 108.7
1157 108.7
1419 108.7
1579 108.7
1747 108.7
99 109.7
192 109.7
309 109.7
422 109.7
447 109.7
485 109.7
603 109.7
632 109.7
719 109.7
814 109.7
823 109.7
1254 109.7
1294 109.7
1328 109.7
1896 109.7
1918 109.7
2091 109.7
2213 109.7
61 110.7
83 110.7
174 110.7
257 110.7
263 110.7
273 110.7
280 110.7
295 110.7
302 110.7
348 110.7
349 110.7
371 110.7
390 110.7
400 110.7
408 110.7
446 110.7
458 110.7
508 110.7
609 110.7
631 110.7
1281 110.7
1292 110.7
1368 110.7
1398 110.7
1428 110.7
1453 110.7
1572 110.7
1722 110.7
1756 110.7
1850 110.7
1863 110.7
1920 110.7
2164 110.7
89 111.7
109 111.7
210 111.7
318 111.7
346 111.7
533 111.7
593 111.7
605 111.7
712 111.7
1183 111.7
1311 111.7
1479 111.7
1705 111.7
1736 111.7
1849 111.7
1899 111.7
1907 111.7
2072 111.7
128 112.7
171 112.7
209 112.7
296 112.7
366 112.7
556 112.7
682 112.7
756 112.7
856 112.7
1132 112.7
1218 112.7
1534 112.7
1637 112.7
1794 112.7
1801 112.7
2047 112.7
2138 112.7
167 113.7
375 113.7
558 113.7
600 113.7
683 113.7
737 113.7
739 113.7
1613 113.7
1707 113.7
1847 113.7
43 114.7
239 114.7
267 114.7
752 114.7
1063 114.7
1622 114.7
1933 114.7
56 115.7
176 115.7
181 115.7
246 115.7
388 115.7
424 115.7
1189 115.7
1324 115.7
1476 115.7
2165 115.7
2239 115.7
47 116.7
215 116.7
336 116.7
567 116.7
568 116.7
1225 116.7
1391 116.7
1411 116.7
1606 116.7
1609 116.7
1645 116.7
1770 116.7
1943 116.7
2009 116.7
2123 116.7
2228 116.7
224 117.7
283 117.7
325 117.7
328 117.7
335 117.7
359 117.7
396 117.7
406 117.7
435 117.7
514 117.7
553 117.7
607 117.7
621 117.7
643 117.7
824 117.7
889 117.7
1147 117.7
1177 117.7
1317 117.7
1410 117.7
1493 117.7
1583 117.7
1660 117.7
1667 117.7
1739 117.7
1834 117.7
2154 117.7
2159 117.7
2190 117.7
9 118.7
30 118.7
179 118.7
233 118.7
255 118.7
339 118.7
345 118.7
414 118.7
415 118.7
431 118.7
463 118.7
495 118.7
535 118.7
569 118.7
626 118.7
658 118.7
1231 118.7
1272 118.7
1492 118.7
1520 118.7
1587 118.7
1674 118.7
1762 118.7
1850 118.7
1995 118.7
222 119.7
265 119.7
278 119.7
317 119.7
417 119.7
436 119.7
458 119.7
675 119.7
713 119.7
759 119.7
864 119.7
1438 119.7
1455 119.7
1632 119.7
70 120.7
397 120.7
398 120.7
573 120.7
669 120.7
729 120.7
863 120.7
1180 120.7
1299 120.7
1374 120.7
1507 120.7
2088 120.7
2103 120.7
515 121.7
618 121.7
708 121.7
975 121.7
1648 121.7
1757 121.7
1915 121.7
2027 121.7
2168 121.7
56 122.7
194 122.7
242 122.7
290 122.7
326 122.7
422 122.7
428 122.7
441 122.7
531 122.7
647 122.7
733 122.7
1267 122.7
1549 122.7
1927 122.7
2086 122.7
2204 122.7
211 123.7
264 123.7
364 123.7
383 123.7
408 123.7
423 123.7
466 123.7
473 123.7
559 123.7
571 123.7
709 123.7
722 123.7
732 123.7
1169 123.7
1275 123.7
1319 123.7
1331 123.7
1584 123.7
1636 123.7
1816 123.7
2021 123.7
2129 123.7
2150 123.7
3 124.7
82 124.7
170 124.7
193 124.7
343 124.7
351 124.7
355 124.7
389 124.7
429 124.7
478 124.7
481 124.7
577 124.7
585 124.7
596 124.7
652 124.7
685 124.7
701 124.7
803 124.7
828 124.7
836 124.7
870 124.7
1345 124.7
1473 124.7
1505 124.7
1523 124.7
1627 124.7
1702 124.7
1752 124.7
1868 124.7
1884 124.7
1967 124.7
2098 124.7
2212 124.7
54 125.7
155 125.7
289 125.7
292 125.7
381 125.7
415 125.7
450 125.7
469 125.7
711 125.7
808 125.7
842 125.7
1337 125.7
1535 125.7
1579 125.7
1599 125.7
1654 125.7
1790 125.7
1984 125.7
84 126.7
374 126.7
530 126.7
593 126.7
694 126.7
1625 126.7
1753 126.7
1889 126.7
482 127.7
535 127.7
600 127.7
638 127.7
676 127.7
681 127.7
1475 127.7
1605 127.7
1671 127.7
1822 127.7
1890 127.7
1936 127.7
1976 127.7
2123 127.7
2191 127.7
2209 127.7
305 128.7
427 128.7
563 128.7
1123 128.7
1234 128.7
1596 128.7
1602 128.7
141 129.7
347 129.7
379 129.7
578 129.7
762 129.7
772 129.7
1256 129.7
1307 129.7
1400 129.7
1492 129.7
1611 129.7
1713 129.7
1854 129.7
2167 129.7
195 130.7
222 130.7
223 130.7
353 130.7
358 130.7
398 130.7
401 130.7
402 130.7
485 130.7
509 130.7
544 130.7
550 130.7
564 130.7
598 130.7
632 130.7
634 130.7
696 130.7
734 130.7
737 130.7
1163 130.7
1193 130.7
1214 130.7
1397 130.7
1401 130.7
1540 130.7
1574 130.7
1697 130.7
1741 130.7
1894 130.7
1975 130.7
2042 130.7
2206 130.7
252 131.7
437 131.7
445 131.7
515 131.7
644 131.7
705 131.7
892 131.7
1263 131.7
1444 131.7
1673 131.7
1928 131.7
119 132.7
203 132.7
439 132.7
444 132.7
460 132.7
495 132.7
547 132.7
631 132.7
854 132.7
1322 132.7
1365 132.7
1381 132.7
1451 132.7
1694 132.7
1801 132.7
2213 132.7
171 133.7
240 133.7
677 133.7
688 133.7
1764 133.7
1910 133.7
92 134.7
206 134.7
267 134.7
463 134.7
481 134.7
709 134.7
807 134.7
831 134.7
1139 134.7
1488 134.7
1617 134.7
1791 134.7
2205 134.7
314 135.7
332 135.7
416 135.7
436 135.7
555 135.7
560 135.7
699 135.7
755 135.7
1524 135.7
1530 135.7
2044 135.7
2073 135.7
2166 135.7
189 136.7
428 136.7
474 136.7
540 136.7
577 136.7
592 136.7
600 136.7
672 136.7
693 136.7
770 136.7
939 136.7
1137 136.7
1224 136.7
1243 136.7
1455 136.7
1850 136.7
2026 136.7
2041 136.7
2122 136.7
2179 136.7
117 137.7
177 137.7
224 137.7
272 137.7
341 137.7
362 137.7
389 137.7
428 137.7
442 137.7
456 137.7
482 137.7
489 137.7
504 137.7
542 137.7
575 137.7
580 137.7
623 137.7
682 137.7
732 137.7
743 137.7
751 137.7
1167 137.7
1190 137.7
1279 137.7
1325 137.7
1340 137.7
1411 137.7
1563 137.7
2234 137.7
64 138.7
145 138.7
331 138.7
395 138.7
418 138.7
454 138.7
498 138.7
538 138.7
576 138.7
605 138.7
606 138.7
643 138.7
764 138.7
783 138.7
819 138.7
1159 138.7
1181 138.7
1262 138.7
1342 138.7
1540 138.7
1564 138.7
1663 138.7
1729 138.7
1785 138.7
1897 138.7
2076 138.7
2128 138.7
163 139.7
308 139.7
357 139.7
502 139.7
518 139.7
588 139.7
618 139.7
620 139.7
748 139.7
1275 139.7
1407 139.7
1610 139.7
1764 139.7
2033 139.7
2184 139.7
404 140.7
435 140.7
595 140.7
628 140.7
657 140.7
779 140.7
1182 140.7
1366 140.7
1368 140.7
1686 140.7
1809 140.7
1892 140.7
71 141.7
283 141.7
564 141.7
566 141.7
570 141.7
665 141.7
669 141.7
1814 141.7
93 142.7
411 142.7
513 142.7
658 142.7
746 142.7
808 142.7
1195 142.7
1213 142.7
1289 142.7
1520 142.7
1763 142.7
1850 142.7
2069 142.7
2117 142.7
47 143.7
187 143.7
334 143.7
485 143.7
533 143.7
581 143.7
594 143.7
662 143.7
673 143.7
708 143.7
714 143.7
766 143.7
776 143.7
801 143.7
1267 143.7
1339 143.7
1606 143.7
1662 143.7
1786 143.7
2165 143.7
161 144.7
282 144.7
300 144.7
333 144.7
471 144.7
487 144.7
525 144.7
548 144.7
597 144.7
664 144.7
738 144.7
777 144.7
789 144.7
1010 144.7
1242 144.7
1254 144.7
1321 144.7
1381 144.7
1406 144.7
1657 144.7
1859 144.7
1934 144.7
441 145.7
584 145.7
721 145.7
1206 145.7
1257 145.7
1285 145.7
1294 145.7
1306 145.7
1348 145.7
1636 145.7
69 146.7
446 146.7
599 146.7
682 146.7
711 146.7
729 146.7
989 146.7
1669 146.7
1769 146.7
1991 146.7
115 147.7
272 147.7
356 147.7
743 147.7
807 147.7
904 147.7
1176 147.7
1216 147.7
1273 147.7
1714 147.7
322 148.7
447 148.7
520 148.7
588 148.7
828 148.7
847 148.7
1939 148.7
2110 148.7
185 149.7
193 149.7
325 149.7
582 149.7
625 149.7
723 149.7
842 149.7
849 149.7
861 149.7
881 149.7
1383 149.7
1444 149.7
1505 149.7
1573 149.7
1723 149.7
1843 149.7
1933 149.7
2032 149.7
2107 149.7
2131 149.7
2213 149.7
50 150.7
92 150.7
140 150.7
464 150.7
478 150.7
482 150.7
557 150.7
571 150.7
587 150.7
591 150.7
592 150.7
604 150.7
672 150.7
676 150.7
695 150.7
750 150.7
751 150.7
819 150.7
1147 150.7
1214 150.7
1258 150.7
1289 150.7
1352 150.7
1487 150.7
1497 150.7
1643 150.7
1961 150.7
2008 150.7
2094 150.7
2149 150.7
2194 150.7
44 151.7
268 151.7
406 151.7
507 151.7
524 151.7
553 151.7
669 151.7
696 151.7
701 151.7
770 151.7
775 151.7
1191 151.7
1298 151.7
1507 151.7
1523 151.7
1711 151.7
1736 151.7
1824 151.7
2059 151.7
2120 151.7
2141 151.7
2162 151.7
2171 151.7
27 152.7
273 152.7
283 152.7
411 152.7
413 152.7
421 152.7
453 152.7
617 152.7
653 152.7
1238 152.7
1291 152.7
1345 152.7
1422 152.7
1446 152.7
1671 152.7
1790 152.7
1901 152.7
2001 152.7
2061 152.7
2082 152.7
340 153.7
667 153.7
671 153.7
810 153.7
831 153.7
879 153.7
1827 153.7
1942 153.7
2011 153.7
2128 153.7
433 154.7
452 154.7
710 154.7
873 154.7
890 154.7
927 154.7
1229 154.7
1295 154.7
1397 154.7
1448 154.7
1549 154.7
1590 154.7
1998 154.7
115 155.7
736 155.7
824 155.7
826 155.7
837 155.7
1338 155.7
1589 155.7
1886 155.7
1937 155.7
1987 155.7
419 156.7
462 156.7
503 156.7
525 156.7
526 156.7
624 156.7
645 156.7
691 156.7
774 156.7
781 156.7
790 156.7
858 156.7
1203 156.7
1213 156.7
1262 156.7
1410 156.7
1587 156.7
1666 156.7
1675 156.7
2104 156.7
110 157.7
136 157.7
196 157.7
268 157.7
389 157.7
391 157.7
575 157.7
585 157.7
638 157.7
642 157.7
712 157.7
734 157.7
743 157.7
799 157.7
1070 157.7
1142 157.7
1303 157.7
1327 157.7
1458 157.7
1543 157.7
1576 157.7
1678 157.7
1881 157.7
1895 157.7
1988 157.7
1996 157.7
2077 157.7
152 158.7
276 158.7
545 158.7
562 158.7
598 158.7
674 158.7
683 158.7
1441 158.7
1452 158.7
1569 158.7
1598 158.7
1635 158.7
1709 158.7
1909 158.7
2158 158.7
53 159.7
487 159.7
523 159.7
612 159.7
1124 159.7
2023 159.7
2025 159.7
2092 159.7
2209 159.7
321 160.7
397 160.7
1139 160.7
1588 160.7
1948 160.7
4 161.7
40 161.7
619 161.7
636 161.7
654 161.7
1681 161.7
30 162.7
269 162.7
332 162.7
343 162.7
431 162.7
609 162.7
658 162.7
678 162.7
685 162.7
738 162.7
820 162.7
1131 162.7
1140 162.7
1629 162.7
1826 162.7
1926 162.7
2021 162.7
2085 162.7
2143 162.7
16 163.7
70 163.7
307 163.7
439 163.7
443 163.7
578 163.7
586 163.7
646 163.7
732 163.7
756 163.7
784 163.7
891 163.7
1107 163.7
1233 163.7
1265 163.7
1342 163.7
1647 163.7
1684 163.7
1982 163.7
2063 163.7
2237 163.7
31 164.7
39 164.7
226 164.7
393 164.7
414 164.7
464 164.7
478 164.7
535 164.7
550 164.7
662 164.7
727 164.7
748 164.7
852 164.7
999 164.7
1157 164.7
1254 164.7
1258 164.7
1377 164.7
1412 164.7
1590 164.7
1673 164.7
1680 164.7
1700 164.7
1737 164.7
1768 164.7
1890 164.7
1894 164.7
325 165.7
360 165.7
400 165.7
548 165.7
549 165.7
555 165.7
639 165.7
747 165.7
789 165.7
844 165.7
867 165.7
1625 165.7
1698 165.7
2109 165.7
17 166.7
467 166.7
536 166.7
537 166.7
577 166.7
581 166.7
653 166.7
816 166.7
850 166.7
922 166.7
1230 166.7
1237 166.7
1365 166.7
1483 166.7
1771 166.7
1911 166.7
2008 166.7
221 167.7
480 167.7
635 167.7
652 167.7
682 167.7
786 167.7
917 167.7
1030 167.7
1722 167.7
1823 167.7
33 168.7
318 168.7
510 168.7
650 168.7
717 168.7
724 168.7
945 168.7
1389 168.7
1455 168.7
1548 168.7
1613 168.7
1748 168.7
1783 168.7
1913 168.7
2187 168.7
1 169.7
185 169.7
471 169.7
523 169.7
567 169.7
575 169.7
631 169.7
670 169.7
694 169.7
798 169.7
805 169.7
875 169.7
906 169.7
1177 169.7
1403 169.7
1475 169.7
1604 169.7
1784 169.7
1932 169.7
2065 169.7
2128 169.7
111 170.7
278 170.7
365 170.7
375 170.7
481 170.7
545 170.7
584 170.7
655 170.7
664 170.7
677 170.7
739 170.7
812 170.7
815 170.7
839 170.7
840 170.7
1219 170.7
1221 170.7
1297 170.7
1329 170.7
1491 170.7
1512 170.7
1542 170.7
1651 170.7
1686 170.7
1808 170.7
1882 170.7
1943 170.7
2037 170.7
2047 170.7
2198 170.7
67 171.7
128 171.7
143 171.7
302 171.7
348 171.7
357 171.7
436 171.7
660 171.7
667 171.7
742 171.7
745 171.7
799 171.7
801 171.7
867 171.7
928 171.7
1007 171.7
1132 171.7
1235 171.7
1296 171.7
1516 171.7
1555 171.7
1585 171.7
1627 171.7
1798 171.7
1877 171.7
1962 171.7
2214 171.7
313 172.7
439 172.7
524 172.7
527 172.7
569 172.7
618 172.7
678 172.7
848 172.7
884 172.7
1180 172.7
1332 172.7
1441 172.7
1580 172.7
1643 172.7
1923 172.7
2104 172.7
2210 172.7
2228 172.7
220 173.7
381 173.7
399 173.7
507 173.7
622 173.7
752 173.7
807 173.7
1443 173.7
1745 173.7
1765 173.7
1967 173.7
2126 173.7
2209 173.7
504 174.7
748 174.7
776 174.7
889 174.7
1317 174.7
1499 174.7
158 175.7
276 175.7
494 175.7
501 175.7
665 175.7
676 175.7
851 175.7
1121 175.7
1174 175.7
1328 175.7
1494 175.7
1815 175.7
2061 175.7
2116 175.7
291 176.7
296 176.7
331 176.7
338 176.7
412 176.7
485 176.7
548 176.7
704 176.7
727 176.7
755 176.7
764 176.7
800 176.7
820 176.7
861 176.7
872 176.7
1217 176.7
1291 176.7
1413 176.7
1428 176.7
1713 176.7
1757 176.7
2149 176.7
2215 176.7
70 177.7
165 177.7
443 177.7
591 177.7
596 177.7
654 177.7
743 177.7
751 177.7
814 177.7
822 177.7
824 177.7
877 177.7
909 177.7
928 177.7
974 177.7
1061 177.7
1141 177.7
1347 177.7
1415 177.7
1446 177.7
1459 177.7
1464 177.7
1581 177.7
1733 177.7
1906 177.7
1931 177.7
2026 177.7
2039 177.7
2053 177.7
2226 177.7
290 178.7
516 178.7
758 178.7
762 178.7
802 178.7
870 178.7
931 178.7
1254 178.7
1363 178.7
1364 178.7
1515 178.7
1656 178.7
1676 178.7
1682 178.7
1761 178.7
1812 178.7
1819 178.7
2003 178.7
2089 178.7
2096 178.7
2200 178.7
612 179.7
663 179.7
699 179.7
828 179.7
1796 179.7
1863 179.7
2221 179.7
257 180.7
324 180.7
844 180.7
944 180.7
1232 180.7
1704 180.7
2020 180.7
2114 180.7
428 181.7
1070 181.7
1159 181.7
1695 181.7
1934 181.7
67 182.7
429 182.7
473 182.7
520 182.7
564 182.7
632 182.7
685 182.7
703 182.7
712 182.7
756 182.7
785 182.7
809 182.7
827 182.7
863 182.7
891 182.7
908 182.7
958 182.7
1443 182.7
1493 182.7
1617 182.7
1789 182.7
122 183.7
167 183.7
188 183.7
209 183.7
519 183.7
631 183.7
675 183.7
684 183.7
739 183.7
745 183.7
951 183.7
952 183.7
967 183.7
1221 183.7
1258 183.7
1503 183.7
1533 183.7
1588 183.7
1608 183.7
1610 183.7
1940 183.7
1966 183.7
133 184.7
241 184.7
542 184.7
566 184.7
625 184.7
729 184.7
759 184.7
770 184.7
806 184.7
851 184.7
864 184.7
892 184.7
932 184.7
1128 184.7
1255 184.7
1317 184.7
1324 184.7
1381 184.7
1395 184.7
1498 184.7
1598 184.7
1620 184.7
1988 184.7
2236 184.7
407 185.7
449 185.7
487 185.7
497 185.7
575 185.7
601 185.7
634 185.7
740 185.7
836 185.7
856 185.7
867 185.7
979 185.7
1151 185.7
1218 185.7
1292 185.7
1404 185.7
1748 185.7
1790 185.7
104 186.7
488 186.7
493 186.7
510 186.7
726 186.7
798 186.7
817 186.7
925 186.7
934 186.7
1131 186.7
1161 186.7
1471 186.7
1571 186.7
1673 186.7
1761 186.7
1766 186.7
2233 186.7
39 187.7
174 187.7
533 187.7
551 187.7
629 187.7
857 187.7
878 187.7
955 187.7
1263 187.7
1756 187.7
2101 187.7
2137 187.7
24 188.7
221 188.7
355 188.7
387 188.7
422 188.7
449 188.7
561 188.7
656 188.7
683 188.7
749 188.7
789 188.7
997 188.7
1650 188.7
1841 188.7
1926 188.7
419 189.7
509 189.7
550 189.7
713 189.7
819 189.7
882 189.7
1018 189.7
1041 189.7
1081 189.7
1491 189.7
1508 189.7
1811 189.7
1976 189.7
49 190.7
320 190.7
402 190.7
481 190.7
595 190.7
697 190.7
706 190.7
751 190.7
853 190.7
894 190.7
937 190.7
984 190.7
1003 190.7
1067 190.7
1084 190.7
1110 190.7
1174 190.7
1370 190.7
1550 190.7
1613 190.7
1614 190.7
1697 190.7
1728 190.7
1935 190.7
2091 190.7
2114 190.7
2174 190.7
2194 190.7
17 191.7
162 191.7
201 191.7
252 191.7
297 191.7
315 191.7
472 191.7
514 191.7
630 191.7
638 191.7
664 191.7
766 191.7
771 191.7
776 191.7
794 191.7
845 191.7
953 191.7
1017 191.7
1070 191.7
1197 191.7
1288 191.7
1418 191.7
1598 191.7
1842 191.7
1903 191.7
1908 191.7
1929 191.7
1940 191.7
1965 191.7
105 192.7
175 192.7
179 192.7
677 192.7
680 192.7
698 192.7
717 192.7
844 192.7
852 192.7
879 192.7
1047 192.7
1162 192.7
1168 192.7
1968 192.7
1974 192.7
2110 192.7
2158 192.7
438 193.7
790 193.7
803 193.7
837 193.7
867 193.7
908 193.7
1008 193.7
1836 193.7
2075 193.7
25 194.7
97 194.7
353 194.7
477 194.7
747 194.7
1096 194.7
1429 194.7
2221 194.7
6 195.7
99 195.7
254 195.7
584 195.7
649 195.7
723 195.7
915 195.7
954 195.7
1378 195.7
2161 195.7
177 196.7
384 196.7
588 196.7
846 196.7
871 196.7
978 196.7
1053 196.7
1257 196.7
1605 196.7
1834 196.7
1874 196.7
2020 196.7
27 197.7
149 197.7
187 197.7
224 197.7
359 197.7
372 197.7
405 197.7
428 197.7
499 197.7
561 197.7
821 197.7
824 197.7
843 197.7
875 197.7
926 197.7
1090 197.7
1100 197.7
1110 197.7
1135 197.7
1317 197.7
1733 197.7
1813 197.7
1889 197.7
1914 197.7
1930 197.7
1943 197.7
1978 197.7
1993 197.7
53 198.7
558 198.7
639 198.7
782 198.7
802 198.7
971 198.7
1038 198.7
1113 198.7
1377 198.7
1472 198.7
1535 198.7
1588 198.7
1606 198.7
1611 198.7
1690 198.7
1815 198.7
1825 198.7
1896 198.7
1922 198.7
2023 198.7
2158 198.7
345 199.7
373 199.7
515 199.7
656 199.7
734 199.7
892 199.7
1221 199.7
2188 199.7
2192 199.7
2078 201
1154 201
1321 201
2234 202
1203 202
1850 203
760 204
633 205
972 206
1719 209
628 211
874 211
1447 211
625 212
1710 212
1064 213
201 214
686 216
1923 216
680 217
721 217
1215 217
1501 217
2196 218
1428 218
269 219
1617 219
1749 219
566 220
665 220
534 221
684 222
2154 223
1904 223
652 224
736 225
2231 225
321 226
1375 227
222 228
591 228
2047 228
1371 228
1746 228
1812 228
568 229
2029 230
1160 230
1551 230
1536 231
872 232
18 233
72 233
1779 233
2237 234
465 236
1330 236
515 241
2127 241
2137 241
1213 242
1882 242
1496 246
1731 246
1729 247
104 248
2002 248
1182 248
1868 249
1884 249
674 250
1611 250
464 251
540 251
1296 251
1582 251
1163 253
1426 253
2182 255
2050 256
1335 256
1509 256
1915 256
496 257
540 257
1387 257
1890 257
690 258
2228 258
26 259
634 259
1675 261
1255 264
1434 264
470 267
1862 267
2000 268
1661 268
595 269
83 270
188 270
2186 270
1601 270
564 271
2179 271
1305 271
1470 271
1588 271
850 272
1808 272
1752 274
1123 275
2225 276
1627 278
1223 279
428 281
1318 281
1525 281
1821 282
115 284
1154 284
1579 284
158 285
515 286
1271 286
737 288
757 288
1354 288
1396 288
1704 288
1324 289
1906 289
408 292
1706 292
260 293
2132 293
1280 294
1805 294
1668 296
557 297
827 297
948 297
2008 298
1467 298
1562 298
677 299
1128 299
1306 299
