559 1
747 1
2012 1
742 3
1275 3
1643 4
672 5
2021 5
816 6
2124 6
660 7
661 9
2112 9
1533 9
331 10
631 10
695 10
72 11
248 11
460 11
1869 11
643 12
10 13
113 13
670 13
2167 13
1162 13
1304 13
1723 14
1991 14
1261 16
1359 17
1530 17
368 18
2042 18
454 19
1677 19
1120 20
245 21
228 22
599 22
1426 22
457 23
2223 23
514 24
605 26
1790 26
1952 27
2185 28
1576 28
1865 29
1254 30
1659 30
281 31
1305 31
1650 31
1900 31
596 32
1914 32
544 34
1290 34
1393 34
1276 35
1295 35
2125 36
1126 36
2124 37
1525 37
419 38
472 38
741 38
868 38
1523 38
1631 38
384 39
1709 39
1883 40
6 41
250 41
2036 43
2047 43
1199 44
1399 44
1676 44
874 45
1343 45
405 46
1994 46
378 47
2066 47
1513 47
1841 47
830 49
259 50
1669 50
1947 50
247 51
661 51
1358 51
370 53
546 53
291 54
1326 54
1866 54
230 55
1780 56
742 57
2235 57
1264 57
1698 59
95 60
2155 60
1173 60
1123 61
332 62
806 62
2023 62
1634 62
2007 63
1819 68
803 69
276 70
961 71
1052 71
1609 71
2232 73
1417 73
1536 73
413 74
547 74
561 74
280 75
658 77
2192 77
1384 77
2208 78
349 81
698 81
777 81
27 83
702 83
1202 83
1850 83
1887 83
1785 84
1569 85
1232 87
473 88
1603 88
1639 89
1201 91
1867 91
1358 94
1634 95
1686 95
321 96
68 97
858 97
395 99
652 99
1360 99
1396 99
69 101
502 101
1195 101
1292 101
1302 101
1411 101
1477 101
1793 101
2125 101
59 102
214 102
491 102
596 102
812 102
1135 102
1241 102
1314 102
1438 102
1713 102
1782 102
1847 102
1977 102
1990 102
37 103
329 103
433 103
562 103
604 103
1182 103
1358 103
1372 103
1404 103
1570 103
1596 103
1655 103
1968 103
2142 103
2187 103
0 104
1 104
14 104
27 104
83 104
326 104
332 104
429 104
452 104
514 104
600 104
616 104
719 104
753 104
820 104
865 104
1113 104
1119 104
1129 104
1194 104
1251 104
1261 104
1262 104
1287 104
1424 104
1428 104
1485 104
1516 104
1552 104
1671 104
1705 104
1769 104
1785 104
1814 104
1842 104
1849 104
1979 104
2113 104
163 105
279 105
338 105
417 105
461 105
469 105
499 105
525 105
661 105
680 105
788 105
832 105
1038 105
1190 105
1223 105
1228 105
1325 105
1361 105
1420 105
1449 105
1479 105
1503 105
1505 105
1526 105
1538 105
1628 105
1732 105
2054 105
2114 105
100 106
244 106
256 106
644 106
701 106
961 106
1320 106
1344 106
1350 106
1356 106
1397 106
1476 106
1513 106
1527 106
1633 106
1641 106
1931 106
12 107
13 107
314 107
658 107
1160 107
1229 107
1370 107
1425 107
1560 107
1700 107
1701 107
1961 107
507 108
529 108
531 108
1137 108
1296 108
1343 108
1447 108
1480 108
1588 108
1710 108
1712 108
1714 108
2169 108
7 109
81 109
291 109
515 109
1186 109
1525 109
1574 109
1756 109
1781 109
1834 109
2180 109
56 110
503 110
569 110
858 110
1169 110
1208 110
1231 110
1255 110
1259 110
1263 110
1272 110
1311 110
1379 110
1417 110
1420 110
1442 110
1482 110
1579 110
1593 110
1773 110
1886 110
1897 110
1970 110
1974 110
2120 110
2189 110
68 111
189 111
200 111
288 111
409 111
430 111
478 111
497 111
504 111
640 111
805 111
906 111
1061 111
1195 111
1227 111
1249 111
1316 111
1335 111
1352 111
1373 111
1381 111
1387 111
1439 111
1472 111
1488 111
1510 111
1547 111
1663 111
2227 111
79 112
281 112
317 112
446 112
676 112
707 112
804 112
847 112
1168 112
1234 112
1235 112
1287 112
1376 112
1491 112
1512 112
1520 112
1751 112
1851 112
1994 112
2172 112
2194 112
484 113
636 113
765 113
1446 113
1486 113
1626 113
1882 113
43 114
258 114
341 114
381 114
662 114
666 114
809 114
1313 114
1359 114
1448 114
1483 114
1550 114
1565 114
1736 114
1872 114
208 115
567 115
1354 115
1395 115
1502 115
1597 115
1956 115
2171 115
307 116
688 116
1132 116
1239 116
1322 116
1648 116
1874 116
1896 116
66 117
86 117
275 117
334 117
411 117
441 117
449 117
554 117
585 117
716 117
1188 117
1302 117
1321 117
1339 117
1355 117
1357 117
1362 117
1423 117
1714 117
1864 117
1873 117
2082 117
2100 117
2213 117
17 118
158 118
180 118
216 118
305 118
338 118
375 118
473 118
570 118
725 118
814 118
1226 118
1283 118
1290 118
1341 118
1352 118
1371 118
1396 118
1412 118
1429 118
1442 118
1506 118
1537 118
1553 118
1624 118
1812 118
1835 118
1859 118
1962 118
2030 118
2066 118
2096 118
2113 118
69 119
94 119
232 119
779 119
1269 119
1385 119
1434 119
1492 119
1496 119
1499 119
1570 119
1614 119
1674 119
1803 119
1850 119
1890 119
2110 119
111 120
480 120
573 120
597 120
857 120
1184 120
1349 120
1407 120
1425 120
1459 120
1554 120
1589 120
1629 120
1750 120
1823 120
132 121
257 121
483 121
572 121
689 121
712 121
734 121
1216 121
1282 121
1334 121
1376 121
1472 121
1517 121
1671 121
1919 121
2086 121
1401 122
1579 122
1591 122
3 123
432 123
675 123
804 123
1144 123
1289 123
1294 123
1298 123
1399 123
1436 123
1445 123
1524 123
1525 123
1572 123
1876 123
2154 123
16 124
81 124
112 124
141 124
188 124
428 124
499 124
591 124
646 124
678 124
1133 124
1173 124
1202 124
1218 124
1331 124
1359 124
1411 124
1427 124
1428 124
1431 124
1440 124
1531 124
1551 124
1663 124
1665 124
1700 124
1780 124
1819 124
1846 124
2100 124
2107 124
488 125
615 125
629 125
849 125
850 125
949 125
1181 125
1212 125
1226 125
1227 125
1236 125
1259 125
1264 125
1287 125
1299 125
1312 125
1323 125
1367 125
1368 125
1372 125
1390 125
1409 125
1449 125
1462 125
1544 125
1556 125
1562 125
1624 125
1699 125
15 126
264 126
541 126
801 126
1182 126
1224 126
1290 126
1292 126
1435 126
1738 126
1937 126
2086 126
2203 126
230 127
280 127
1068 127
1164 127
1271 127
1967 127
4 128
451 128
758 128
1223 128
1258 128
1276 128
1458 128
1534 128
1626 128
1737 128
1751 128
1999 128
2207 128
64 129
82 129
112 129
179 129
446 129
776 129
820 129
1286 129
1309 129
1370 129
1422 129
1589 129
1987 129
2130 129
0 130
49 130
65 130
131 130
338 130
382 130
466 130
589 130
1193 130
1489 130
1524 130
1656 130
1735 130
1850 130
35 131
92 131
171 131
206 131
366 131
426 131
471 131
490 131
504 131
782 131
1233 131
1274 131
1278 131
1366 131
1400 131
1439 131
1442 131
1465 131
1471 131
1473 131
1505 131
1539 131
1621 131
1728 131
1866 131
1915 131
1940 131
1962 131
2054 131
2199 131
2201 131
207 132
787 132
860 132
1277 132
1497 132
1575 132
1707 132
1776 132
1793 132
1899 132
164 133
231 133
300 133
326 133
407 133
513 133
1137 133
1425 133
1494 133
1522 133
1607 133
1611 133
1716 133
1882 133
32 134
306 134
310 134
352 134
384 134
494 134
1139 134
1316 134
1326 134
1440 134
1452 134
1599 134
1630 134
1883 134
2108 134
174 135
416 135
1131 135
1288 135
1561 135
1623 135
1659 135
1921 135
1964 135
374 136
377 136
485 136
581 136
1101 136
1211 136
1375 136
1414 136
1624 136
1982 136
2012 136
2168 136
2181 136
73 137
83 137
99 137
177 137
210 137
296 137
399 137
631 137
698 137
733 137
736 137
813 137
952 137
1181 137
1188 137
1204 137
1206 137
1330 137
1386 137
1433 137
1470 137
1478 137
1507 137
1551 137
1559 137
1605 137
1613 137
1620 137
1637 137
1792 137
1829 137
2167 137
2209 137
28 138
80 138
245 138
419 138
505 138
640 138
840 138
851 138
1000 138
1253 138
1265 138
1325 138
1381 138
1395 138
1404 138
1529 138
1535 138
1587 138
1588 138
1670 138
1706 138
1876 138
1886 138
1954 138
2 139
817 139
824 139
1239 139
1255 139
1350 139
1426 139
1448 139
1466 139
1552 139
1554 139
1641 139
1663 139
1693 139
1869 139
1998 139
2025 139
22 140
45 140
153 140
204 140
259 140
377 140
1396 140
1519 140
1742 140
106 141
181 141
1180 141
1363 141
1645 141
1669 141
2045 141
14 142
64 142
461 142
593 142
791 142
820 142
827 142
847 142
849 142
1135 142
1317 142
1392 142
1449 142
1564 142
1988 142
2001 142
41 143
96 143
151 143
222 143
685 143
748 143
1319 143
1411 143
1416 143
1541 143
1570 143
1694 143
1819 143
314 144
356 144
571 144
810 144
851 144
866 144
1100 144
1108 144
1145 144
1368 144
1485 144
1546 144
1609 144
1629 144
1671 144
1863 144
1867 144
2047 144
190 145
444 145
629 145
632 145
709 145
729 145
754 145
816 145
828 145
1214 145
1275 145
1420 145
1421 145
1603 145
1658 145
1744 145
1835 145
61 146
137 146
346 146
357 146
463 146
620 146
1328 146
1348 146
1632 146
1690 146
1830 146
1869 146
1899 146
1972 146
2004 146
446 147
753 147
940 147
1240 147
1563 147
1601 147
1716 147
1750 147
1761 147
1966 147
40 148
131 148
289 148
595 148
1355 148
1405 148
1480 148
1606 148
35 149
70 149
93 149
178 149
1132 149
1383 149
1506 149
1665 149
2125 149
115 150
192 150
363 150
425 150
467 150
570 150
858 150
965 150
1088 150
1254 150
1412 150
1471 150
1493 150
1626 150
1679 150
1723 150
1738 150
1787 150
1907 150
2116 150
81 151
123 151
271 151
293 151
406 151
567 151
625 151
633 151
776 151
814 151
969 151
989 151
1046 151
1143 151
1396 151
1473 151
1484 151
1530 151
1531 151
1535 151
1574 151
1592 151
1600 151
1625 151
1642 151
1676 151
1707 151
1722 151
1793 151
1849 151
1884 151
1914 151
1923 151
1967 151
2027 151
2060 151
2061 151
48 152
205 152
262 152
283 152
380 152
523 152
756 152
1386 152
1397 152
1423 152
1447 152
1451 152
1518 152
1594 152
1729 152
1743 152
1814 152
1837 152
1870 152
1980 152
2046 152
2118 152
196 153
208 153
216 153
250 153
359 153
401 153
572 153
864 153
1131 153
1187 153
1269 153
1379 153
1380 153
1382 153
1400 153
1514 153
1658 153
1689 153
1816 153
1817 153
1868 153
164 154
173 154
329 154
413 154
416 154
1198 154
1399 154
1602 154
1714 154
1734 154
1740 154
1745 154
470 155
578 155
869 155
1193 155
1237 155
1369 155
1403 155
1833 155
1842 155
321 156
512 156
667 156
847 156
1407 156
1635 156
1679 156
1861 156
1885 156
7 157
13 157
98 157
217 157
281 157
542 157
708 157
966 157
1145 157
1267 157
1329 157
1356 157
1406 157
1412 157
1465 157
1587 157
1625 157
1632 157
1691 157
1700 157
1751 157
1858 157
8 158
45 158
471 158
577 158
714 158
748 158
1124 158
1518 158
1580 158
1657 158
1723 158
1799 158
1864 158
1874 158
1895 158
2119 158
244 159
578 159
691 159
1464 159
1508 159
1509 159
1644 159
1660 159
1666 159
1722 159
1758 159
1769 159
2200 159
41 160
723 160
737 160
1154 160
1522 160
1582 160
1611 160
1622 160
1633 160
1955 160
2073 160
25 161
837 161
1353 161
1565 161
1639 161
1720 161
1943 161
115 162
129 162
449 162
453 162
645 162
651 162
716 162
766 162
786 162
854 162
1054 162
1575 162
1654 162
1680 162
1786 162
1798 162
1875 162
61 163
346 163
470 163
513 163
673 163
1515 163
1520 163
1710 163
1737 163
1783 163
1827 163
1835 163
2010 163
83 164
340 164
428 164
775 164
1210 164
1236 164
1288 164
1342 164
1413 164
1420 164
1437 164
1438 164
1546 164
1589 164
1664 164
1697 164
1698 164
1738 164
1751 164
1781 164
1809 164
1810 164
1816 164
1857 164
1884 164
149 165
164 165
304 165
336 165
349 165
364 165
385 165
426 165
456 165
467 165
647 165
671 165
799 165
870 165
1251 165
1356 165
1404 165
1411 165
1415 165
1486 165
1496 165
1528 165
1573 165
1637 165
1641 165
1731 165
1732 165
1741 165
1771 165
1779 165
1965 165
2032 165
2122 165
159 166
167 166
250 166
636 166
1225 166
1426 166
1443 166
1499 166
1541 166
1646 166
1656 166
1657 166
1678 166
1686 166
1693 166
1712 166
1834 166
1841 166
1851 166
286 167
397 167
443 167
464 167
507 167
589 167
617 167
641 167
683 167
1001 167
1510 167
1767 167
1969 167
1978 167
49 168
294 168
1477 168
1543 168
1669 168
1733 168
1869 168
2091 168
2143 168
15 169
45 169
268 169
287 169
427 169
1219 169
1542 169
1556 169
1597 169
1603 169
1673 169
1792 169
1919 169
1980 169
1984 169
87 170
178 170
204 170
316 170
441 170
474 170
667 170
785 170
829 170
1211 170
1552 170
1564 170
1689 170
1776 170
1777 170
1808 170
1854 170
1960 170
2042 170
351 171
406 171
488 171
522 171
637 171
795 171
1168 171
1237 171
1244 171
1300 171
1495 171
1518 171
1545 171
1587 171
1609 171
1615 171
1634 171
1655 171
1665 171
1710 171
1728 171
1753 171
1764 171
1794 171
1799 171
1880 171
1900 171
1903 171
2218 171
90 172
179 172
328 172
341 172
478 172
711 172
954 172
1131 172
1228 172
1326 172
1559 172
1571 172
1604 172
1790 172
2140 172
2208 172
102 173
174 173
209 173
528 173
1389 173
1757 173
138 174
464 174
648 174
847 174
1134 174
1292 174
1529 174
1639 174
1736 174
1800 174
1803 174
1909 174
2041 174
238 175
336 175
632 175
731 175
1701 175
1704 175
1732 175
337 176
531 176
783 176
1303 176
1342 176
1539 176
1595 176
1702 176
1760 176
1870 176
1872 176
34 177
293 177
441 177
577 177
675 177
1138 177
1261 177
1392 177
1432 177
1553 177
1579 177
1582 177
1676 177
1742 177
1789 177
1862 177
1886 177
1916 177
1930 177
2023 177
2066 177
2165 177
198 178
269 178
360 178
487 178
504 178
513 178
542 178
635 178
666 178
674 178
768 178
1380 178
1602 178
1662 178
1693 178
1695 178
1707 178
1712 178
1751 178
1923 178
1936 178
2039 178
2046 178
2118 178
2239 178
60 179
205 179
214 179
324 179
422 179
447 179
489 179
523 179
756 179
827 179
1199 179
1411 179
1613 179
1614 179
1716 179
1775 179
1960 179
1975 179
2060 179
2148 179
256 180
792 180
859 180
1210 180
1719 180
1721 180
1882 180
1938 180
2021 180
47 181
164 181
764 181
1298 181
1437 181
1450 181
1455 181
1699 181
1802 181
1812 181
1901 181
1920 181
2040 181
2104 181
139 182
181 182
191 182
354 182
418 182
774 182
836 182
1140 182
1145 182
1266 182
1315 182
1569 182
1594 182
1616 182
1685 182
1786 182
1841 182
2232 182
3 183
69 183
96 183
440 183
561 183
685 183
765 183
1270 183
1425 183
1452 183
1848 183
11 184
31 184
152 184
193 184
340 184
671 184
1141 184
1142 184
1166 184
1330 184
1498 184
1596 184
1635 184
1637 184
1639 184
1673 184
1752 184
1757 184
1851 184
1911 184
1917 184
1979 184
2076 184
7 185
79 185
91 185
174 185
197 185
221 185
223 185
243 185
341 185
448 185
483 185
724 185
741 185
775 185
827 185
1172 185
1396 185
1542 185
1606 185
1626 185
1628 185
1642 185
1735 185
1754 185
1788 185
1801 185
1869 185
1937 185
2162 185
2178 185
2214 185
45 186
307 186
358 186
378 186
389 186
458 186
460 186
545 186
610 186
1411 186
1972 186
38 187
190 187
245 187
272 187
348 187
608 187
651 187
1559 187
1631 187
1664 187
1844 187
1889 187
1948 187
1991 187
2230 187
2234 187
318 188
1746 188
1985 188
2014 188
2048 188
7 189
48 189
212 189
338 189
383 189
1223 189
1227 189
1327 189
1354 189
1580 189
1609 189
1713 189
1722 189
1791 189
1874 189
1912 189
1957 189
2099 189
73 190
86 190
98 190
278 190
536 190
850 190
1397 190
1733 190
1739 190
1744 190
1837 190
1879 190
2115 190
434 191
502 191
631 191
726 191
776 191
863 191
1019 191
1229 191
1278 191
1318 191
1331 191
1486 191
1487 191
1570 191
1588 191
1702 191
1720 191
1723 191
1724 191
1854 191
1896 191
1901 191
1908 191
1917 191
2092 191
2126 191
2180 191
2203 191
2221 191
33 192
83 192
149 192
453 192
465 192
554 192
737 192
799 192
852 192
950 192
1236 192
1418 192
1582 192
1612 192
1645 192
1657 192
1662 192
1667 192
1770 192
1799 192
1810 192
1826 192
2039 192
2146 192
403 193
535 193
1221 193
1254 193
1300 193
1358 193
1363 193
1460 193
1611 193
1617 193
1726 193
1816 193
2165 193
151 194
254 194
302 194
455 194
1984 194
45 195
366 195
439 195
751 195
1139 195
1243 195
1316 195
1516 195
1807 195
1821 195
1882 195
1907 195
9 196
519 196
534 196
740 196
877 196
1346 196
1564 196
1595 196
1615 196
1700 196
1748 196
1787 196
1835 196
1898 196
2072 196
15 197
76 197
121 197
589 197
679 197
708 197
876 197
1172 197
1330 197
1632 197
1689 197
1711 197
1856 197
1866 197
1878 197
1892 197
1931 197
1946 197
1954 197
2017 197
2040 197
2120 197
2137 197
1 198
30 198
150 198
174 198
240 198
281 198
289 198
296 198
312 198
324 198
446 198
608 198
644 198
713 198
763 198
774 198
1065 198
1171 198
1206 198
1226 198
1366 198
1405 198
1601 198
1610 198
1668 198
1692 198
1777 198
1794 198
1890 198
2239 198
7 199
31 199
225 199
228 199
338 199
710 199
1285 199
1466 199
1686 199
1736 199
1771 199
1825 199
1879 199
1920 199
1971 199
1994 199
1998 199
2148 199
57 200
388 200
451 200
531 200
593 200
693 200
761 200
838 200
1307 200
1421 200
1641 200
1837 200
1845 200
1948 200
1968 200
589 203
108 204
706 204
1511 206
1638 206
1305 208
1376 209
1674 209
85 210
103 210
167 211
2210 211
1938 212
2151 215
1389 215
80 217
371 218
765 218
2014 218
804 219
1481 220
1778 221
1942 221
1217 223
1282 223
1228 224
2052 225
1643 225
2118 226
239 227
1454 227
1742 228
331 229
2077 229
1350 230
1979 230
95 231
237 231
877 232
1900 232
153 234
714 234
1585 234
33 235
345 236
137 237
678 237
1669 237
1866 237
164 239
1364 239
619 240
879 240
11 241
323 241
2216 241
1120 241
1546 241
114 242
710 242
1343 244
1452 245
1833 246
445 247
1334 247
187 248
390 248
1674 248
288 249
1471 249
1715 250
702 251
1190 251
1722 253
317 254
185 255
156 256
689 256
647 257
1670 258
255 259
307 259
832 259
1694 259
1659 260
287 261
1648 262
314 263
358 263
572 263
317 265
1558 265
502 266
1193 266
1280 266
1389 269
1982 269
1124 270
1270 270
241 273
1697 273
271 275
574 275
1215 275
1750 275
808 276
45 277
351 277
821 277
2025 279
1814 280
1912 281
202 282
1493 283
218 284
1441 284
1505 286
714 288
1147 289
2083 290
1540 290
579 291
849 291
1856 291
484 292
1108 293
1153 294
150 295
1694 295
1281 297
2038 298
191 299
1639 299
1520 300
1982 300
