253 3
1584 3
204 5
824 6
1624 6
1265 7
498 9
1554 9
1556 9
789 10
1931 10
122 11
558 11
1609 12
595 13
1155 13
258 14
490 14
1861 14
485 15
88 16
1434 16
123 17
1654 18
1513 19
161 20
781 20
14 21
672 21
1208 22
1757 22
2207 23
1314 23
1374 23
1376 23
1923 23
362 24
1558 25
1917 26
2148 28
1335 28
1424 28
1778 28
277 29
780 30
1880 30
116 32
1520 34
2010 36
1142 36
1712 36
34 38
80 38
1194 38
494 39
1119 39
1182 39
1253 39
814 41
1461 41
763 42
2007 42
1279 42
1437 42
1227 43
391 44
551 44
1257 44
2140 47
1116 47
24 48
2127 48
1379 48
2100 50
1916 50
9 51
401 52
402 52
2058 53
1749 53
867 55
1802 55
308 57
379 57
1158 57
127 58
2211 58
1243 58
2097 59
1568 59
399 60
1473 60
1509 60
640 62
1138 62
1499 63
1773 63
537 64
1202 66
1590 66
1890 67
550 68
691 68
2128 69
2057 70
90 71
437 71
1909 71
2172 73
1773 73
141 74
2105 75
1124 75
1811 75
1845 75
2163 78
36 80
488 80
1696 80
1023 81
1537 82
1754 82
1 83
1296 83
1210 84
566 86
2083 86
2199 87
1578 87
1571 89
91 90
1360 90
1938 90
1626 91
1808 91
108 92
573 92
858 92
1731 92
23 93
1146 94
1285 94
1341 94
1359 94
1864 94
1707 95
131 96
1333 97
1706 97
186 98
1812 98
249 99
1740 100
40 101
103 101
133 101
257 101
443 101
512 101
599 101
727 101
860 101
866 101
1161 101
1174 101
1188 101
1333 101
1339 101
1425 101
1444 101
1449 101
1470 101
1481 101
1498 101
1723 101
1798 101
1828 101
2225 101
258 102
341 102
405 102
597 102
622 102
1145 102
1539 102
1548 102
1643 102
1707 102
1735 102
1801 102
1853 102
1946 102
2156 102
162 103
171 103
311 103
529 103
642 103
693 103
1285 103
1450 103
1503 103
1642 103
1810 103
2057 103
2065 103
11 104
267 104
499 104
1747 104
1808 104
1858 104
1930 104
193 105
220 105
344 105
375 105
425 105
469 105
530 105
748 105
1453 105
1484 105
1568 105
1630 105
1741 105
1745 105
1891 105
221 106
369 106
380 106
414 106
515 106
657 106
663 106
669 106
1241 106
1298 106
1455 106
1592 106
1650 106
1703 106
1750 106
1856 106
2197 106
2235 106
2 107
158 107
389 107
421 107
482 107
563 107
574 107
617 107
763 107
1142 107
1290 107
1436 107
1510 107
1518 107
1644 107
1793 107
2019 107
2068 107
2128 107
2138 107
2184 107
2194 107
153 108
376 108
378 108
410 108
418 108
423 108
453 108
586 108
643 108
927 108
1130 108
1132 108
1136 108
1182 108
1202 108
1288 108
1304 108
1309 108
1335 108
1358 108
1483 108
1492 108
1496 108
1519 108
1537 108
1556 108
1563 108
1611 108
1654 108
1687 108
1692 108
1787 108
1829 108
1871 108
1879 108
1929 108
2151 108
2216 108
2218 108
16 109
67 109
110 109
351 109
656 109
1240 109
1639 109
1686 109
1742 109
1784 109
1876 109
129 110
245 110
275 110
772 110
851 110
877 110
1235 110
1278 110
1438 110
1461 110
1529 110
1546 110
1652 110
1699 110
1701 110
1836 110
1843 110
1920 110
228 111
659 111
1054 111
1697 111
1769 111
1893 111
1921 111
477 112
760 112
1148 112
1178 112
1227 112
1347 112
1431 112
1448 112
1481 112
1493 112
1550 112
1597 112
1707 112
1774 112
1850 112
1922 112
2134 112
415 113
1190 113
1272 113
1457 113
1547 113
1585 113
1636 113
1691 113
1711 113
1716 113
1771 113
1848 113
1855 113
162 114
297 114
336 114
394 114
689 114
786 114
800 114
872 114
1243 114
1280 114
1382 114
1387 114
1430 114
1602 114
1613 114
1664 114
1724 114
1743 114
1772 114
1819 114
1824 114
1827 114
1870 114
1875 114
1911 114
1949 114
2145 114
2225 114
2228 114
4 115
96 115
97 115
506 115
553 115
587 115
761 115
1169 115
1255 115
1259 115
1302 115
1328 115
1467 115
1532 115
1622 115
1651 115
1693 115
1751 115
1764 115
1822 115
2104 115
2168 115
202 116
320 116
480 116
511 116
517 116
571 116
1348 116
1464 116
1465 116
1501 116
1655 116
1671 116
1686 116
1750 116
42 117
71 117
91 117
278 117
653 117
1132 117
1478 117
1498 117
1614 117
1654 117
1672 117
1943 117
131 118
509 118
579 118
614 118
716 118
1838 118
1869 118
1968 118
109 119
111 119
306 119
673 119
993 119
1414 119
1443 119
1626 119
1669 119
1749 119
478 120
589 120
640 120
888 120
1149 120
1163 120
1373 120
1421 120
1456 120
1461 120
1466 120
1497 120
1514 120
1676 120
1708 120
1722 120
1860 120
1915 120
2103 120
5 121
188 121
201 121
253 121
595 121
743 121
750 121
792 121
942 121
1071 121
1209 121
1282 121
1364 121
1439 121
1476 121
1517 121
1537 121
1569 121
1579 121
1583 121
1587 121
1595 121
1756 121
1779 121
1832 121
1897 121
2079 121
190 122
234 122
341 122
423 122
577 122
612 122
669 122
676 122
707 122
1138 122
1167 122
1311 122
1332 122
1352 122
1887 122
1898 122
1923 122
1981 122
239 123
313 123
389 123
408 123
568 123
1120 123
1180 123
1320 123
1475 123
1532 123
1594 123
1637 123
1690 123
1853 123
1907 123
2163 123
969 124
1235 124
1252 124
1353 124
1654 124
1713 124
2090 124
9 125
283 125
512 125
872 125
1144 125
1219 125
1601 125
1636 125
1796 125
1829 125
1905 125
1973 125
2081 125
2087 125
81 126
340 126
438 126
578 126
1187 126
1575 126
1664 126
1686 126
1746 126
1845 126
1963 126
275 127
377 127
430 127
542 127
649 127
725 127
824 127
836 127
1405 127
1413 127
1416 127
1514 127
1712 127
1770 127
1787 127
1805 127
1812 127
1819 127
1874 127
1888 127
1926 127
19 128
38 128
187 128
307 128
490 128
499 128
672 128
852 128
1260 128
1338 128
1412 128
1546 128
1577 128
1595 128
1630 128
1716 128
1719 128
1759 128
1764 128
1807 128
1818 128
1872 128
1906 128
1917 128
1933 128
1988 128
2111 128
395 129
665 129
746 129
1174 129
1254 129
1362 129
1453 129
1696 129
1701 129
1749 129
1932 129
1939 129
77 130
184 130
553 130
562 130
811 130
1261 130
1426 130
1523 130
1871 130
2082 130
123 131
169 131
523 131
770 131
1312 131
1436 131
1628 131
1649 131
1732 131
1948 131
74 132
117 132
268 132
281 132
319 132
565 132
735 132
747 132
866 132
869 132
1078 132
1192 132
1448 132
1520 132
382 133
673 133
755 133
844 133
1554 133
1557 133
1692 133
1706 133
1785 133
1861 133
2139 133
2170 133
5 134
35 134
373 134
393 134
469 134
784 134
1173 134
1467 134
1549 134
1571 134
1643 134
1681 134
1775 134
1783 134
1881 134
1887 134
1898 134
1908 134
1911 134
1946 134
1949 134
1994 134
2002 134
2114 134
2219 134
428 135
463 135
464 135
529 135
602 135
674 135
1145 135
1184 135
1218 135
1219 135
1318 135
1367 135
1407 135
1442 135
1466 135
1531 135
1541 135
1637 135
1639 135
1662 135
1707 135
1728 135
1737 135
1848 135
1956 135
1964 135
1987 135
2163 135
29 136
65 136
582 136
854 136
1298 136
1494 136
1539 136
1655 136
1676 136
1687 136
1760 136
1941 136
1944 136
2049 136
2123 136
292 137
368 137
532 137
593 137
1237 137
1308 137
1559 137
1605 137
2069 137
53 138
119 138
178 138
445 138
621 138
629 138
729 138
1182 138
1383 138
1535 138
1677 138
1795 138
1809 138
1855 138
1864 138
1963 138
33 139
398 139
497 139
772 139
836 139
1007 139
1690 139
1773 139
1783 139
1888 139
1958 139
2180 139
251 140
364 140
526 140
739 140
1153 140
1187 140
1342 140
1368 140
1440 140
1521 140
1583 140
1584 140
1714 140
1780 140
1804 140
1814 140
1828 140
1834 140
1974 140
1990 140
2196 140
2211 140
49 141
63 141
126 141
147 141
264 141
557 141
588 141
650 141
703 141
751 141
803 141
1228 141
1312 141
1471 141
1489 141
1506 141
1645 141
1721 141
1802 141
1936 141
1964 141
1993 141
2021 141
2101 141
2169 141
2199 141
6 142
27 142
43 142
84 142
273 142
324 142
437 142
544 142
648 142
652 142
1480 142
1598 142
1685 142
1694 142
1726 142
1835 142
1837 142
1955 142
2186 142
18 143
83 143
280 143
306 143
361 143
389 143
615 143
680 143
707 143
809 143
1024 143
1490 143
1680 143
1723 143
1728 143
1761 143
1868 143
1940 143
1996 143
2004 143
24 144
46 144
85 144
228 144
626 144
636 144
1375 144
1682 144
1746 144
1750 144
1798 144
1901 144
1995 144
133 145
318 145
1253 145
1386 145
1492 145
1495 145
1741 145
1765 145
1859 145
38 146
152 146
316 146
459 146
755 146
1379 146
1632 146
1656 146
1787 146
1811 146
1816 146
1908 146
1924 146
1934 146
29 147
98 147
109 147
126 147
142 147
181 147
427 147
539 147
599 147
730 147
735 147
865 147
1356 147
1388 147
1406 147
1410 147
1641 147
1686 147
1706 147
1724 147
1733 147
1736 147
1777 147
1869 147
1906 147
1913 147
2119 147
2196 147
2225 147
19 148
59 148
65 148
118 148
416 148
582 148
661 148
1138 148
1211 148
1212 148
1216 148
1257 148
1319 148
1417 148
1455 148
1732 148
1766 148
1795 148
1836 148
1864 148
1889 148
1914 148
1916 148
1928 148
1937 148
2008 148
2058 148
10 149
13 149
92 149
99 149
191 149
863 149
1128 149
1202 149
1279 149
1348 149
1585 149
1625 149
1637 149
1759 149
1784 149
1794 149
1903 149
1967 149
1973 149
90 150
91 150
286 150
321 150
343 150
598 150
646 150
1660 150
1707 150
1729 150
64 151
235 151
633 151
644 151
704 151
819 151
1121 151
1191 151
1713 151
1757 151
1834 151
1896 151
1972 151
2062 151
201 152
339 152
341 152
516 152
642 152
1526 152
1711 152
1837 152
1886 152
2015 152
37 153
75 153
139 153
293 153
386 153
592 153
1696 153
1740 153
1894 153
1952 153
82 154
112 154
143 154
335 154
431 154
529 154
581 154
729 154
1229 154
1333 154
1445 154
1454 154
1706 154
1726 154
1735 154
1764 154
1779 154
1819 154
1839 154
1888 154
1900 154
1960 154
2052 154
2053 154
2087 154
2137 154
32 155
43 155
136 155
146 155
159 155
206 155
377 155
393 155
575 155
596 155
632 155
653 155
967 155
1334 155
1714 155
1725 155
1745 155
1848 155
1905 155
1924 155
1985 155
2122 155
2196 155
47 156
59 156
71 156
153 156
184 156
192 156
349 156
634 156
740 156
1077 156
1188 156
1458 156
1461 156
1487 156
1522 156
1746 156
1846 156
1857 156
1982 156
14 157
41 157
617 157
622 157
670 157
1168 157
1793 157
2012 157
277 158
302 158
717 158
859 158
1243 158
1356 158
1488 158
1626 158
1647 158
1673 158
1721 158
1815 158
1912 158
1987 158
2107 158
16 159
18 159
76 159
341 159
649 159
696 159
862 159
1189 159
1258 159
1405 159
1462 159
1679 159
1716 159
1800 159
1803 159
1844 159
1876 159
1929 159
1998 159
2002 159
2037 159
2155 159
2233 159
2234 159
0 160
80 160
186 160
211 160
307 160
435 160
443 160
672 160
692 160
698 160
787 160
788 160
853 160
1259 160
1261 160
1503 160
1510 160
1631 160
1704 160
1747 160
1833 160
1967 160
38 161
42 161
208 161
252 161
688 161
708 161
733 161
1228 161
1283 161
1358 161
1470 161
1627 161
1706 161
1762 161
1805 161
1843 161
1920 161
1959 161
1991 161
2031 161
2190 161
19 162
36 162
55 162
60 162
68 162
194 162
558 162
748 162
758 162
850 162
876 162
1161 162
1282 162
1327 162
1390 162
1464 162
1512 162
1664 162
1684 162
1768 162
1963 162
135 163
185 163
263 163
347 163
375 163
793 163
1155 163
1831 163
1837 163
1902 163
1906 163
1957 163
2006 163
565 164
21 165
128 165
199 165
256 165
1530 165
1671 165
1827 165
44 166
53 166
200 166
286 166
455 166
671 166
1458 166
1761 166
1816 166
1822 166
1915 166
1925 166
2097 166
2125 166
2159 166
1 167
78 167
164 167
167 167
264 167
283 167
472 167
571 167
998 167
1177 167
1180 167
1338 167
1431 167
1593 167
1638 167
1678 167
1720 167
1766 167
1819 167
1833 167
1840 167
88 168
182 168
187 168
251 168
257 168
278 168
292 168
362 168
513 168
563 168
683 168
740 168
1348 168
1400 168
1403 168
1591 168
1857 168
1899 168
1924 168
2045 168
2162 168
2178 168
8 169
33 169
57 169
89 169
121 169
160 169
258 169
276 169
300 169
388 169
585 169
711 169
770 169
878 169
1209 169
1342 169
1540 169
1615 169
1859 169
1866 169
1944 169
1947 169
2019 169
54 170
159 170
214 170
319 170
373 170
427 170
624 170
716 170
718 170
721 170
847 170
1459 170
1898 170
2069 170
67 171
177 171
250 171
610 171
725 171
729 171
862 171
1134 171
1266 171
1317 171
1706 171
1746 171
2020 171
2073 171
65 172
151 172
176 172
195 172
544 172
663 172
691 172
730 172
1241 172
1414 172
1692 172
1989 172
6 173
92 173
125 173
165 173
174 173
259 173
605 173
1139 173
1153 173
1164 173
1204 173
1250 173
1300 173
1670 173
1710 173
1726 173
1885 173
1887 173
1988 173
9 174
13 174
14 174
15 174
37 174
38 174
126 174
205 174
263 174
309 174
330 174
368 174
415 174
433 174
538 174
552 174
695 174
713 174
844 174
1677 174
1728 174
1744 174
1854 174
1864 174
1908 174
1926 174
2092 174
2118 174
2129 174
2192 174
2210 174
2223 174
29 175
32 175
68 175
119 175
127 175
135 175
211 175
238 175
306 175
389 175
478 175
646 175
665 175
771 175
1136 175
1279 175
1296 175
1531 175
1607 175
1631 175
1655 175
1745 175
1797 175
1882 175
1942 175
2040 175
2109 175
2199 175
23 176
43 176
45 176
132 176
182 176
237 176
917 176
1131 176
1594 176
1721 176
1801 176
1817 176
1858 176
2011 176
2208 176
215 177
1169 177
1230 177
1301 177
1409 177
1537 177
1556 177
1730 177
1909 177
2050 177
17 178
270 178
600 178
1461 178
1667 178
1761 178
1826 178
2047 178
188 179
370 179
461 179
600 179
1280 179
1285 179
1340 179
1656 179
1835 179
2164 179
84 180
222 180
265 180
604 180
615 180
801 180
1140 180
1175 180
1374 180
1414 180
1424 180
1463 180
1612 180
1789 180
1847 180
1857 180
2066 180
2122 180
13 181
18 181
113 181
123 181
153 181
158 181
162 181
217 181
223 181
299 181
436 181
443 181
578 181
681 181
812 181
1162 181
1256 181
1338 181
1534 181
1570 181
1609 181
1679 181
1778 181
1818 181
1850 181
1878 181
1902 181
1908 181
1918 181
1922 181
1951 181
1997 181
2007 181
0 182
116 182
128 182
249 182
470 182
1244 182
1488 182
1698 182
1846 182
1934 182
2010 182
2073 182
9 183
21 183
46 183
109 183
156 183
215 183
385 183
512 183
560 183
563 183
1269 183
1366 183
1429 183
1840 183
2085 183
36 184
91 184
220 184
672 184
1160 184
1676 184
1795 184
2028 184
2141 184
29 185
149 185
210 185
469 185
674 185
821 185
1272 185
1520 185
1633 185
1721 185
1764 185
60 186
260 186
310 186
490 186
1128 186
1608 186
1706 186
1826 186
1958 186
2021 186
24 187
61 187
99 187
103 187
193 187
208 187
214 187
246 187
273 187
400 187
513 187
640 187
869 187
1179 187
1195 187
1408 187
1446 187
1545 187
1632 187
1719 187
1811 187
1813 187
1814 187
1950 187
1973 187
2082 187
1 188
3 188
43 188
108 188
232 188
252 188
253 188
350 188
357 188
366 188
377 188
414 188
435 188
503 188
568 188
578 188
626 188
724 188
806 188
860 188
1041 188
1161 188
1211 188
1295 188
1334 188
1335 188
1469 188
1536 188
1689 188
1900 188
1939 188
1955 188
1984 188
2026 188
2181 188
2228 188
49 189
65 189
176 189
256 189
288 189
294 189
295 189
453 189
486 189
551 189
553 189
566 189
931 189
1369 189
1374 189
1745 189
1823 189
1917 189
2197 189
104 190
155 190
169 190
179 190
467 190
646 190
680 190
1147 190
1737 190
1881 190
300 191
565 191
705 191
1071 191
1233 191
1524 191
1732 191
1882 191
1910 191
2147 191
173 192
456 192
632 192
648 192
711 192
820 192
844 192
858 192
1771 192
1839 192
1959 192
2176 192
2185 192
2209 192
2223 192
31 193
53 193
73 193
115 193
258 193
499 193
623 193
891 193
1548 193
1597 193
1919 193
2025 193
11 194
32 194
39 194
45 194
62 194
68 194
92 194
170 194
215 194
224 194
228 194
314 194
320 194
348 194
355 194
527 194
712 194
894 194
907 194
1260 194
1311 194
1366 194
1447 194
1503 194
1515 194
1667 194
1738 194
1764 194
1812 194
1833 194
1836 194
1845 194
2032 194
2180 194
5 195
50 195
81 195
93 195
157 195
194 195
216 195
242 195
261 195
266 195
298 195
336 195
338 195
341 195
422 195
427 195
434 195
462 195
975 195
1051 195
1072 195
1131 195
1150 195
1340 195
1421 195
1441 195
1517 195
1703 195
1885 195
1907 195
1927 195
44 196
52 196
104 196
144 196
250 196
260 196
363 196
630 196
727 196
739 196
823 196
1130 196
1158 196
1269 196
1387 196
1391 196
1609 196
1757 196
1887 196
1958 196
1982 196
66 197
472 197
597 197
775 197
1152 197
1205 197
1239 197
1678 197
1922 197
1974 197
2192 197
2238 197
317 198
332 198
1378 198
1737 198
2160 198
47 199
247 199
256 199
310 199
600 199
763 199
804 199
1031 199
1047 199
1099 199
1188 199
1241 199
1470 199
1853 199
1913 199
2018 199
2057 199
2123 199
140 200
145 200
149 200
163 200
209 200
277 200
696 200
724 200
1276 200
1430 200
1512 200
1622 200
1758 200
1798 200
1855 200
1965 200
1990 200
2008 200
2045 200
2098 200
598 202
835 202
1188 202
1579 202
1689 202
678 203
1553 203
1597 203
175 204
1658 204
1803 204
226 205
234 205
1393 205
1435 205
277 206
360 206
219 207
1470 207
1472 207
1657 207
774 208
1979 209
1625 210
1680 210
1280 211
1617 211
652 213
1548 213
480 214
1192 214
1935 214
1477 215
1908 216
1160 218
1343 218
1684 218
1261 219
211 220
1754 220
709 221
1662 221
257 222
2155 225
1772 225
1891 225
351 226
452 226
88 228
1257 229
1568 229
291 230
2222 231
113 232
8 233
2184 233
1253 233
1228 234
1796 234
410 235
1259 235
1809 235
1627 236
144 237
1641 237
713 238
2118 239
2045 240
1460 240
1522 240
2100 242
205 243
789 243
813 243
171 244
2025 244
1384 244
661 245
675 247
2236 247
1225 248
1362 248
1506 248
762 249
1233 249
789 251
306 252
1792 252
584 254
867 254
473 255
1362 255
338 256
2047 257
674 258
2050 258
2199 258
1471 258
1221 259
1997 259
523 262
638 262
1403 262
1920 262
95 264
194 264
394 264
878 264
1637 264
295 265
1326 265
2220 266
1250 268
573 269
840 269
1556 269
1406 270
216 274
600 274
118 275
502 276
736 276
2116 276
2169 276
1419 276
115 277
874 277
1385 277
1978 278
220 280
399 280
138 281
1663 281
655 282
1497 282
1902 282
2012 283
1578 283
1891 284
933 285
1576 285
1553 286
305 287
1175 287
1176 287
1955 287
74 289
1579 291
32 292
375 292
315 293
2174 293
1367 294
453 295
425 296
2085 296
327 298
612 298
811 298
1506 299
2157 300
