795 1
2049 1
2172 2
1541 2
1944 2
1264 3
1880 3
106 4
427 5
558 5
745 5
2237 6
1858 6
806 7
1792 7
1737 8
265 9
1328 9
710 10
1334 10
1837 10
210 11
624 11
1126 11
475 12
501 12
208 13
1879 13
568 15
768 15
2189 15
1487 15
363 16
413 17
1084 17
1192 17
8 18
451 19
1930 19
1247 20
1517 21
1764 21
876 24
209 25
1607 25
2185 26
1662 26
1241 28
1786 28
1960 29
256 30
1570 32
542 33
585 33
685 33
1537 34
383 35
1161 35
1901 35
499 37
256 38
1377 38
79 39
321 41
472 41
1851 41
1144 42
1336 42
1120 44
373 45
808 45
1563 45
156 46
718 48
1098 48
55 49
1436 49
1749 49
437 50
452 50
1273 50
1865 50
1306 51
2074 52
801 53
229 54
798 54
2143 54
1281 55
1951 55
670 56
1838 56
413 57
788 58
1468 58
1809 58
1866 58
145 60
612 60
1185 60
636 61
1677 63
1274 64
1413 64
206 65
2098 65
2230 66
1516 66
1785 66
2085 67
149 68
348 68
1508 68
395 69
1385 69
1 70
97 70
114 70
1725 70
827 71
2017 71
2119 71
1669 72
224 73
1906 73
56 74
156 75
1187 76
1728 76
1703 77
204 78
2236 78
1896 78
141 79
390 79
707 79
1357 79
1722 79
1192 80
334 81
1847 82
1866 82
593 83
466 86
1208 86
1207 87
585 88
1712 89
1934 89
858 90
431 91
1174 91
1544 91
1747 91
628 93
1705 93
1661 94
162 95
2147 95
72 97
1089 97
1476 97
66 100
2036 100
1864 100
78 101
103 101
156 101
234 101
248 101
310 101
396 101
511 101
779 101
783 101
1013 101
1279 101
1665 101
1980 101
2150 101
97 102
125 102
297 102
364 102
542 102
563 102
620 102
799 102
943 102
1125 102
1162 102
1176 102
1294 102
1582 102
1873 102
1895 102
1982 102
2222 102
76 103
190 103
354 103
427 103
488 103
569 103
731 103
748 103
789 103
823 103
869 103
1204 103
1436 103
1507 103
1609 103
1611 103
1617 103
1667 103
1819 103
1892 103
1905 103
2041 103
119 104
275 104
302 104
346 104
536 104
561 104
562 104
566 104
617 104
654 104
751 104
757 104
766 104
882 104
939 104
1214 104
1329 104
1343 104
1414 104
1417 104
1664 104
1673 104
1719 104
1786 104
1797 104
1818 104
1877 104
1943 104
2188 104
2198 104
2216 104
39 105
135 105
194 105
262 105
319 105
461 105
535 105
557 105
631 105
673 105
686 105
726 105
776 105
861 105
1144 105
1155 105
1395 105
1398 105
1515 105
1531 105
1544 105
1608 105
1702 105
1707 105
1731 105
1987 105
2044 105
2046 105
2106 105
35 106
128 106
628 106
638 106
705 106
754 106
806 106
807 106
922 106
1293 106
1724 106
1832 106
1872 106
616 107
667 107
834 107
884 107
902 107
1550 107
1564 107
1758 107
1938 107
158 108
578 108
662 108
691 108
729 108
1442 108
1445 108
1741 108
1762 108
1981 108
2171 108
192 109
586 109
693 109
852 109
1383 109
1438 109
1918 109
27 110
261 110
473 110
602 110
625 110
665 110
743 110
795 110
825 110
921 110
938 110
1513 110
1711 110
1739 110
1831 110
52 111
105 111
112 111
314 111
320 111
413 111
554 111
555 111
562 111
661 111
675 111
676 111
701 111
715 111
736 111
810 111
842 111
850 111
853 111
857 111
870 111
1240 111
1242 111
1354 111
1411 111
1431 111
1443 111
1659 111
1841 111
1854 111
1963 111
2095 111
2186 111
85 112
142 112
220 112
292 112
400 112
575 112
626 112
687 112
768 112
782 112
846 112
873 112
907 112
917 112
1228 112
1256 112
1547 112
1587 112
1647 112
1960 112
2043 112
2116 112
452 113
463 113
654 113
702 113
750 113
756 113
792 113
1028 113
1243 113
1638 113
2033 113
46 114
54 114
309 114
396 114
523 114
715 114
730 114
752 114
864 114
1127 114
1272 114
1429 114
1658 114
2006 114
2083 114
230 115
497 115
561 115
664 115
757 115
855 115
856 115
891 115
920 115
1305 115
1331 115
1611 115
2039 115
103 116
135 116
651 116
781 116
815 116
838 116
863 116
1121 116
1229 116
1369 116
1432 116
1455 116
1518 116
1649 116
1730 116
1835 116
1936 116
2042 116
43 117
75 117
282 117
370 117
465 117
719 117
721 117
773 117
799 117
875 117
877 117
933 117
1232 117
1570 117
1694 117
1734 117
1861 117
2000 117
2022 117
2034 117
2172 117
2219 117
82 118
87 118
149 118
205 118
239 118
291 118
357 118
393 118
508 118
514 118
596 118
608 118
688 118
747 118
760 118
845 118
852 118
872 118
900 118
914 118
937 118
942 118
1192 118
1492 118
1557 118
1797 118
1851 118
1874 118
1875 118
1876 118
1947 118
2013 118
2138 118
2146 118
2204 118
2220 118
2232 118
29 119
219 119
330 119
582 119
601 119
620 119
672 119
675 119
697 119
729 119
803 119
807 119
847 119
1179 119
1309 119
1434 119
1781 119
1845 119
20 120
174 120
640 120
680 120
751 120
806 120
871 120
911 120
983 120
995 120
1008 120
1507 120
1538 120
1679 120
1682 120
1723 120
1850 120
1890 120
2011 120
2036 120
2221 120
56 121
554 121
648 121
835 121
1359 121
1381 121
1532 121
1821 121
1990 121
25 122
28 122
199 122
235 122
671 122
861 122
862 122
880 122
1173 122
1284 122
1448 122
1610 122
1902 122
1943 122
566 123
586 123
625 123
734 123
774 123
799 123
844 123
848 123
877 123
915 123
966 123
1023 123
1191 123
1419 123
1494 123
1932 123
1977 123
1988 123
2117 123
2209 123
99 124
158 124
333 124
372 124
375 124
438 124
444 124
558 124
591 124
753 124
811 124
813 124
869 124
899 124
938 124
967 124
980 124
990 124
1002 124
1150 124
1219 124
1296 124
1335 124
1366 124
1382 124
1449 124
1724 124
1761 124
1840 124
1944 124
1945 124
2006 124
53 125
65 125
115 125
187 125
287 125
306 125
636 125
698 125
709 125
761 125
796 125
820 125
843 125
849 125
913 125
1029 125
1043 125
1210 125
1265 125
1674 125
1967 125
2018 125
2031 125
22 126
139 126
596 126
689 126
700 126
792 126
834 126
883 126
979 126
1200 126
1221 126
1300 126
1380 126
1767 126
1774 126
1976 126
635 127
707 127
717 127
769 127
977 127
1345 127
1821 127
1866 127
229 128
525 128
565 128
822 128
832 128
970 128
1876 128
220 129
415 129
605 129
629 129
764 129
824 129
854 129
1037 129
1381 129
1421 129
1425 129
1571 129
1631 129
1805 129
1818 129
41 130
156 130
263 130
445 130
472 130
740 130
845 130
876 130
941 130
942 130
954 130
1071 130
1154 130
1214 130
1649 130
1944 130
2053 130
2183 130
21 131
126 131
185 131
206 131
403 131
522 131
640 131
653 131
744 131
745 131
761 131
775 131
802 131
826 131
844 131
855 131
874 131
898 131
929 131
947 131
959 131
991 131
1041 131
1048 131
1101 131
1182 131
1193 131
1258 131
1362 131
1377 131
1464 131
1529 131
1560 131
1648 131
1743 131
1750 131
1751 131
1769 131
1807 131
1828 131
1859 131
2040 131
2086 131
2099 131
2163 131
2188 131
216 132
247 132
308 132
534 132
699 132
765 132
869 132
881 132
1021 132
1077 132
1139 132
1183 132
1504 132
1903 132
1964 132
211 133
309 133
750 133
757 133
857 133
872 133
948 133
1064 133
1510 133
1864 133
2037 133
2077 133
2116 133
2191 133
52 134
669 134
894 134
1270 134
1845 134
1856 134
2044 134
2151 134
11 135
314 135
347 135
588 135
749 135
777 135
990 135
1136 135
1351 135
1762 135
1794 135
1829 135
2186 135
20 136
452 136
489 136
545 136
712 136
813 136
818 136
871 136
910 136
1116 136
1152 136
1255 136
1506 136
1569 136
1694 136
0 137
64 137
193 137
275 137
673 137
766 137
801 137
806 137
814 137
819 137
835 137
918 137
922 137
936 137
979 137
1001 137
1142 137
1256 137
1257 137
1375 137
1508 137
1521 137
1800 137
1850 137
1858 137
1939 137
1957 137
2029 137
2177 137
2194 137
14 138
201 138
324 138
540 138
593 138
627 138
659 138
764 138
890 138
958 138
978 138
1012 138
1253 138
1369 138
1406 138
1413 138
1422 138
1434 138
1449 138
1644 138
1765 138
1990 138
2148 138
2231 138
9 139
18 139
286 139
823 139
833 139
940 139
1128 139
1442 139
1509 139
1665 139
1969 139
30 140
42 140
646 140
679 140
698 140
703 140
735 140
920 140
1130 140
1337 140
1340 140
1608 140
1788 140
1865 140
357 141
641 141
642 141
725 141
741 141
832 141
834 141
980 141
1438 141
37 142
204 142
483 142
549 142
687 142
897 142
1040 142
1117 142
1173 142
1437 142
1463 142
1676 142
1955 142
73 143
162 143
390 143
701 143
809 143
828 143
870 143
1020 143
1024 143
1055 143
1100 143
1195 143
1485 143
1907 143
1986 143
2042 143
2172 143
15 144
16 144
79 144
194 144
372 144
582 144
619 144
660 144
736 144
910 144
949 144
971 144
976 144
1009 144
1033 144
1079 144
1082 144
1106 144
1122 144
1142 144
1165 144
1286 144
1375 144
1388 144
1443 144
1557 144
1645 144
1660 144
1720 144
1851 144
1874 144
1890 144
1924 144
2020 144
2037 144
12 145
29 145
227 145
247 145
282 145
461 145
831 145
891 145
925 145
1081 145
1101 145
1167 145
1258 145
1274 145
1430 145
1498 145
1628 145
1657 145
1769 145
1921 145
1956 145
969 146
1104 146
1617 146
1826 146
2030 146
2074 146
2221 146
244 147
286 147
562 147
909 147
1807 147
91 148
471 148
957 148
963 148
1072 148
1086 148
1135 148
1175 148
1376 148
1714 148
2000 148
2216 148
123 149
654 149
708 149
1000 149
1146 149
1598 149
1681 149
1731 149
1814 149
1822 149
1944 149
2198 149
536 150
655 150
716 150
757 150
779 150
784 150
1091 150
1123 150
1208 150
1229 150
1273 150
1275 150
1385 150
1608 150
1958 150
108 151
113 151
160 151
240 151
293 151
385 151
413 151
417 151
512 151
771 151
802 151
939 151
1027 151
1065 151
1117 151
1130 151
1212 151
1324 151
1411 151
1483 151
1545 151
1594 151
1691 151
1724 151
1744 151
1791 151
230 152
270 152
308 152
467 152
778 152
869 152
995 152
1043 152
1201 152
1224 152
1463 152
1565 152
1573 152
1835 152
1844 152
2025 152
2151 152
189 153
927 153
1041 153
1048 153
1115 153
1150 153
1153 153
1210 153
1340 153
1550 153
1582 153
1636 153
1996 153
2072 153
397 154
720 154
878 154
971 154
1426 154
1854 154
540 155
649 155
1452 155
1629 155
1912 155
1994 155
2106 155
2238 155
25 156
205 156
842 156
1044 156
1280 156
1296 156
1409 156
1925 156
2129 156
2191 156
59 157
185 157
484 157
875 157
985 157
1060 157
1106 157
1114 157
1140 157
1173 157
1188 157
1260 157
1417 157
1451 157
1452 157
1465 157
1531 157
1883 157
1978 157
1979 157
2143 157
2158 157
211 158
222 158
454 158
481 158
568 158
814 158
938 158
974 158
977 158
1008 158
1010 158
1017 158
1047 158
1100 158
1282 158
1329 158
1345 158
1496 158
1784 158
1834 158
1946 158
2174 158
275 159
377 159
446 159
539 159
559 159
907 159
943 159
1070 159
1212 159
1322 159
1331 159
1728 159
1895 159
1954 159
1967 159
176 160
257 160
267 160
565 160
792 160
1045 160
1081 160
1112 160
1117 160
1215 160
1240 160
1303 160
1407 160
1659 160
1720 160
2112 160
2121 160
2149 160
2226 160
98 161
505 161
567 161
1147 161
1955 161
2036 161
23 162
155 162
196 162
292 162
651 162
973 162
1023 162
1179 162
1257 162
1427 162
1863 162
2043 162
2051 162
2083 162
246 163
458 163
563 163
570 163
598 163
918 163
927 163
959 163
994 163
1005 163
1037 163
1040 163
1237 163
1292 163
1294 163
1304 163
1341 163
1497 163
1727 163
1730 163
1735 163
2065 163
62 164
248 164
370 164
456 164
486 164
594 164
653 164
778 164
844 164
890 164
965 164
1027 164
1041 164
1121 164
1124 164
1138 164
1173 164
1189 164
1254 164
1291 164
1348 164
1395 164
1406 164
1612 164
1667 164
1795 164
1913 164
2076 164
2101 164
173 165
194 165
251 165
427 165
430 165
626 165
696 165
701 165
799 165
831 165
847 165
958 165
999 165
1061 165
1154 165
1169 165
1224 165
1310 165
1325 165
1352 165
1383 165
1400 165
1418 165
1591 165
1709 165
1881 165
1993 165
236 166
386 166
561 166
669 166
874 166
1216 166
1733 166
1986 166
89 167
421 167
828 167
969 167
1029 167
1136 167
1668 167
2061 167
2094 167
2213 167
333 168
553 168
808 168
956 168
1603 168
61 169
434 169
633 169
646 169
796 169
986 169
1245 169
2000 169
11 170
73 170
216 170
298 170
496 170
1071 170
1079 170
1092 170
1102 170
1153 170
1178 170
1248 170
1260 170
1389 170
1525 170
1680 170
1857 170
1899 170
90 171
178 171
224 171
268 171
442 171
460 171
526 171
635 171
640 171
836 171
862 171
972 171
1223 171
1253 171
1292 171
1312 171
1358 171
1369 171
1442 171
1506 171
1626 171
1903 171
2142 171
34 172
179 172
266 172
664 172
982 172
1227 172
1234 172
1244 172
1308 172
1339 172
1469 172
1579 172
2041 172
2078 172
2193 172
2216 172
311 173
378 173
515 173
692 173
720 173
831 173
1017 173
1142 173
1199 173
1201 173
1235 173
1238 173
1487 173
1675 173
1877 173
1966 173
2081 173
337 174
353 174
368 174
476 174
859 174
1090 174
1187 174
1296 174
1383 174
1669 174
37 175
416 175
580 175
638 175
703 175
1033 175
100 176
259 176
415 176
499 176
602 176
657 176
850 176
1004 176
1047 176
1111 176
1156 176
1205 176
1210 176
1264 176
1326 176
1417 176
20 177
89 177
127 177
212 177
292 177
294 177
606 177
632 177
634 177
699 177
760 177
789 177
947 177
1009 177
1082 177
1120 177
1146 177
1150 177
1156 177
1668 177
1673 177
1870 177
2084 177
69 178
227 178
244 178
291 178
431 178
568 178
576 178
693 178
777 178
845 178
1049 178
1139 178
1200 178
1221 178
1231 178
1250 178
1252 178
1324 178
1443 178
1444 178
1485 178
1595 178
1815 178
1843 178
2183 178
2219 178
383 179
450 179
569 179
615 179
819 179
1195 179
1215 179
1339 179
1807 179
1878 179
1940 179
287 180
562 180
670 180
793 180
1284 180
1484 180
1498 180
1645 180
2107 180
257 181
317 181
342 181
514 181
1091 181
1189 181
1205 181
1228 181
1276 181
1291 181
1378 181
1451 181
1704 181
1761 181
375 182
471 182
519 182
578 182
751 182
1137 182
1164 182
1207 182
1233 182
1266 182
1392 182
336 183
353 183
449 183
452 183
579 183
600 183
691 183
825 183
920 183
933 183
1098 183
1162 183
1253 183
1268 183
1285 183
1384 183
1437 183
1489 183
1768 183
1921 183
72 184
263 184
469 184
568 184
583 184
683 184
711 184
794 184
844 184
875 184
1097 184
1149 184
1150 184
1166 184
1167 184
1191 184
1256 184
1359 184
1547 184
1656 184
1784 184
1865 184
2048 184
2086 184
2087 184
296 185
306 185
327 185
333 185
373 185
574 185
684 185
723 185
801 185
963 185
1011 185
1145 185
1155 185
1216 185
1247 185
1272 185
1278 185
1280 185
1284 185
1286 185
1315 185
1428 185
1432 185
1549 185
1702 185
2085 185
59 186
115 186
201 186
477 186
487 186
598 186
601 186
734 186
1147 186
1186 186
1224 186
1351 186
1358 186
1381 186
1391 186
1807 186
1815 186
1885 186
1903 186
2063 186
2094 186
328 187
534 187
1130 187
1243 187
1308 187
1517 187
1914 187
2104 187
2161 187
92 188
98 188
434 188
630 188
1140 188
1531 188
1541 188
1687 188
224 189
800 189
917 189
1073 189
1225 189
1670 189
1872 189
2129 189
156 190
307 190
614 190
639 190
823 190
1148 190
1193 190
1246 190
1259 190
1311 190
1405 190
1616 190
1947 190
2014 190
2214 190
25 191
60 191
193 191
248 191
486 191
555 191
753 191
1008 191
1178 191
1194 191
1213 191
1226 191
1275 191
1352 191
1354 191
1362 191
1378 191
1424 191
1433 191
1438 191
1592 191
1615 191
1693 191
1704 191
1772 191
1843 191
1959 191
2131 191
182 192
300 192
308 192
319 192
400 192
407 192
573 192
715 192
756 192
1015 192
1105 192
1206 192
1255 192
1258 192
1347 192
1363 192
1367 192
1395 192
1543 192
1741 192
1745 192
1966 192
2148 192
63 193
203 193
233 193
1177 193
1218 193
1237 193
1261 193
1269 193
1296 193
1399 193
1454 193
1534 193
1762 193
1777 193
1849 193
1859 193
94 194
839 194
893 194
1116 194
1232 194
1271 194
1831 194
2093 194
95 195
499 195
1088 195
1090 195
1162 195
1196 195
1256 195
1567 195
1721 195
1864 195
1992 195
2066 195
2210 195
270 196
297 196
608 196
646 196
760 196
848 196
1064 196
1077 196
1087 196
1132 196
1158 196
1278 196
1280 196
1309 196
1323 196
1409 196
1696 196
1705 196
1928 196
2171 196
30 197
428 197
452 197
455 197
583 197
828 197
877 197
948 197
1015 197
1070 197
1100 197
1107 197
1149 197
1257 197
1314 197
1326 197
1333 197
1377 197
1466 197
1513 197
1570 197
1806 197
2025 197
2070 197
2075 197
15 198
180 198
247 198
381 198
695 198
750 198
1183 198
1231 198
1264 198
1276 198
1368 198
1389 198
1390 198
1407 198
1445 198
1500 198
1522 198
1588 198
1670 198
1795 198
2157 198
2190 198
2228 198
2 199
55 199
71 199
84 199
240 199
363 199
1359 199
1385 199
2104 199
2211 199
91 200
319 200
382 200
1310 200
1379 200
1476 200
1506 200
1510 200
1516 200
1535 200
1634 200
1649 200
1859 200
1920 200
435 201
1190 201
252 202
2101 202
102 203
1313 203
656 204
1416 204
1777 204
4 206
680 206
1790 207
119 208
188 208
579 209
1551 209
2 211
195 211
629 212
834 212
1187 212
1950 212
1585 213
1762 215
1404 216
1604 216
49 217
137 217
857 217
1555 217
555 221
261 223
727 223
752 224
876 224
1958 224
679 225
2097 225
2184 225
1809 225
1439 226
416 227
691 228
1176 228
36 229
700 229
316 230
182 231
211 231
496 231
1922 231
51 232
1250 232
503 233
1418 233
1565 233
2000 234
2216 234
521 235
1168 235
613 238
230 239
815 239
525 240
2218 240
963 241
465 242
2103 242
2183 242
1163 243
1462 243
1520 243
2176 244
2192 244
1440 244
19 245
328 246
329 246
616 246
1359 246
778 247
1450 247
309 248
1142 248
1270 248
575 249
1571 249
313 250
403 251
1513 251
2187 256
1208 256
101 257
356 258
1132 258
1315 258
143 259
2065 259
1367 259
1460 259
222 260
2037 260
29 261
90 262
517 266
1165 266
73 267
2112 268
1649 268
11 269
94 269
1363 269
1569 270
1744 270
611 271
623 271
1735 272
194 273
1237 273
1422 273
1309 277
1695 277
2191 278
775 279
2005 279
1152 279
1241 279
1812 281
1809 286
1230 287
1889 287
1499 289
1811 290
868 291
1526 291
61 292
1428 292
1571 292
261 294
1440 295
1635 295
67 297
2217 297
1860 297
1982 297
80 298
359 298
741 298
354 299
1379 299
1516 300
