746 1
1293 3
1805 4
89 5
2009 5
1165 6
1426 7
1916 7
1340 8
1363 8
1607 8
1896 8
67 9
1181 10
1316 10
1943 10
343 12
745 12
568 13
1201 13
1836 13
1289 14
1784 14
1512 15
340 16
1125 16
1615 16
1838 16
501 19
2017 19
337 20
629 22
316 23
226 24
2106 24
592 25
46 27
1122 27
552 28
1454 28
1284 29
473 30
1130 30
788 31
2063 33
1872 33
190 34
534 35
729 36
1413 36
1996 36
510 37
700 38
835 38
1606 38
2055 39
1644 40
1682 40
40 42
742 42
1496 42
1701 43
715 45
819 45
1703 45
593 46
46 47
1412 47
1668 47
1663 49
1807 50
835 51
1527 51
547 52
1310 52
1389 52
355 53
766 53
1604 54
374 55
502 56
1826 56
1398 57
1749 57
845 58
206 59
445 59
1659 59
2023 60
1315 60
1205 61
877 62
250 63
1511 64
183 65
1494 65
450 66
2024 68
1249 68
1286 69
206 70
438 70
1489 70
327 71
635 71
1551 71
1980 71
1530 72
222 73
786 73
1422 73
73 74
130 74
147 74
262 74
1902 74
1307 75
740 76
587 77
1014 77
1520 77
636 78
854 78
504 79
823 79
2226 79
1725 79
1555 81
1637 81
1685 81
184 83
227 83
1469 84
752 85
1361 86
565 87
793 87
873 87
1241 87
202 88
1439 89
781 90
1404 92
467 93
2032 93
2046 93
1818 94
807 96
141 98
1410 98
1688 98
225 99
2130 99
1503 99
282 100
43 101
60 101
106 101
130 101
195 101
205 101
302 101
575 101
1143 101
1238 101
1284 101
1308 101
1550 101
1609 101
1623 101
1627 101
1665 101
1672 101
1676 101
1731 101
1733 101
1747 101
1789 101
1815 101
1847 101
1890 101
1959 101
1973 101
2084 101
2207 101
65 102
90 102
188 102
273 102
478 102
618 102
794 102
1244 102
1397 102
1517 102
1759 102
1908 102
1909 102
1964 102
2140 102
2229 102
47 103
343 103
513 103
530 103
731 103
783 103
1602 103
1718 103
1877 103
1891 103
1923 103
1941 103
176 104
401 104
1396 104
1406 104
1630 104
1632 104
1797 104
216 105
501 105
1281 105
1414 105
1570 105
1681 105
1905 105
1918 105
2034 105
2234 105
11 106
45 106
362 106
492 106
555 106
561 106
842 106
857 106
1331 106
1343 106
1382 106
1727 106
1799 106
1851 106
2224 106
23 107
71 107
162 107
253 107
352 107
511 107
525 107
535 107
582 107
707 107
712 107
717 107
852 107
853 107
863 107
1063 107
1413 107
1418 107
1546 107
1671 107
1703 107
1745 107
1774 107
1871 107
1875 107
1879 107
2109 107
2126 107
9 108
42 108
95 108
161 108
237 108
304 108
375 108
393 108
549 108
577 108
611 108
619 108
670 108
690 108
807 108
1324 108
1440 108
1591 108
1611 108
1675 108
1729 108
1751 108
1752 108
1802 108
1824 108
1827 108
1831 108
1931 108
2029 108
28 109
632 109
803 109
1088 109
1749 109
1800 109
1850 109
1985 109
2063 109
19 110
37 110
56 110
1325 110
1373 110
1767 110
1805 110
2010 110
2045 110
2167 110
85 111
93 111
104 111
385 111
1339 111
1379 111
1567 111
1685 111
1698 111
1815 111
1 112
130 112
199 112
266 112
784 112
1141 112
1708 112
1757 112
1861 112
1878 112
1888 112
13 113
39 113
174 113
319 113
359 113
649 113
1188 113
1230 113
1337 113
1571 113
1696 113
1741 113
1977 113
2064 113
87 114
342 114
373 114
425 114
457 114
510 114
559 114
589 114
758 114
1149 114
1151 114
1210 114
1306 114
1480 114
1581 114
1628 114
1630 114
1680 114
1789 114
1811 114
1817 114
1840 114
1929 114
1980 114
1987 114
1995 114
3 115
54 115
105 115
118 115
151 115
207 115
500 115
540 115
663 115
677 115
877 115
957 115
1241 115
1258 115
1416 115
1435 115
1490 115
1692 115
1747 115
1753 115
1764 115
1770 115
1785 115
1826 115
1848 115
1934 115
1948 115
1949 115
1982 115
1989 115
2151 115
18 116
83 116
109 116
134 116
156 116
166 116
216 116
358 116
417 116
584 116
808 116
913 116
962 116
1289 116
1344 116
1354 116
1596 116
1688 116
1721 116
1940 116
1965 116
2108 116
44 117
205 117
722 117
1152 117
1265 117
1287 117
1335 117
1781 117
2140 117
2175 117
6 118
43 118
113 118
189 118
231 118
331 118
770 118
1348 118
1504 118
1740 118
1875 118
1955 118
2222 118
73 119
237 119
243 119
848 119
1380 119
1592 119
1602 119
1607 119
1643 119
1744 119
1863 119
13 120
178 120
486 120
563 120
1153 120
1308 120
1984 120
2115 120
23 121
30 121
94 121
152 121
164 121
180 121
186 121
719 121
737 121
782 121
845 121
1290 121
1550 121
1663 121
1674 121
1709 121
1725 121
1794 121
1835 121
1885 121
1974 121
1976 121
2168 121
2235 121
57 122
194 122
281 122
343 122
852 122
1444 122
1623 122
1748 122
1921 122
2180 122
263 123
575 123
784 123
1232 123
1319 123
1752 123
1935 123
215 124
498 124
1261 124
1323 124
1775 124
1821 124
11 125
105 125
363 125
390 125
1136 125
1293 125
1374 125
1405 125
1739 125
1950 125
2037 125
2131 125
2203 125
107 126
155 126
346 126
449 126
453 126
749 126
1680 126
1751 126
1770 126
1871 126
1986 126
1988 126
2195 126
2232 126
124 127
177 127
179 127
282 127
347 127
357 127
369 127
501 127
505 127
536 127
558 127
636 127
757 127
847 127
931 127
1227 127
1273 127
1289 127
1468 127
1578 127
1736 127
1756 127
1834 127
2089 127
13 128
16 128
52 128
98 128
103 128
118 128
229 128
359 128
367 128
426 128
533 128
619 128
624 128
693 128
699 128
703 128
711 128
731 128
764 128
768 128
1128 128
1192 128
1206 128
1217 128
1310 128
1428 128
1541 128
1560 128
1724 128
1822 128
1910 128
1911 128
1930 128
1931 128
1936 128
1947 128
1968 128
1970 128
2028 128
2092 128
2136 128
2159 128
44 129
91 129
102 129
137 129
195 129
204 129
243 129
358 129
609 129
714 129
722 129
816 129
1130 129
1339 129
1383 129
1394 129
1618 129
1817 129
1979 129
2083 129
2160 129
126 130
202 130
327 130
365 130
615 130
762 130
811 130
823 130
1355 130
1389 130
2050 130
95 131
427 131
520 131
534 131
1499 131
1714 131
1786 131
1867 131
2005 131
11 132
21 132
241 132
634 132
874 132
1955 132
2115 132
2210 132
27 133
75 133
335 133
672 133
876 133
1655 133
1820 133
1844 133
1845 133
1919 133
2092 133
2130 133
77 134
93 134
183 134
198 134
439 134
446 134
542 134
688 134
1342 134
1503 134
1707 134
1722 134
1807 134
1910 134
14 135
86 135
336 135
430 135
553 135
575 135
667 135
735 135
814 135
832 135
1341 135
1360 135
1460 135
1480 135
1546 135
1555 135
1654 135
1720 135
1872 135
1899 135
1938 135
1962 135
2081 135
53 136
115 136
170 136
210 136
718 136
726 136
755 136
871 136
1293 136
1537 136
1609 136
1682 136
1894 136
2175 136
50 137
98 137
244 137
249 137
500 137
501 137
1376 137
1778 137
1876 137
1904 137
2026 137
2225 137
74 138
142 138
199 138
202 138
308 138
326 138
798 138
1278 138
1321 138
1326 138
1712 138
1786 138
1856 138
1929 138
1994 138
117 139
743 139
1287 139
1432 139
1453 139
1576 139
1698 139
1730 139
1884 139
1912 139
1992 139
44 140
54 140
112 140
114 140
154 140
615 140
620 140
653 140
680 140
903 140
1253 140
1523 140
1547 140
1550 140
1783 140
113 141
141 141
172 141
216 141
269 141
524 141
733 141
864 141
1221 141
1354 141
1517 141
1678 141
1696 141
1822 141
1836 141
2004 141
2007 141
2049 141
2183 141
145 142
262 142
341 142
369 142
408 142
612 142
738 142
833 142
1273 142
1327 142
1777 142
1832 142
1901 142
1939 142
1941 142
1985 142
1996 142
2155 142
10 143
33 143
89 143
122 143
129 143
148 143
240 143
244 143
394 143
456 143
482 143
650 143
720 143
741 143
779 143
791 143
1077 143
1310 143
1405 143
1690 143
1756 143
1835 143
1890 143
2152 143
24 144
29 144
70 144
1607 144
1716 144
1920 144
17 145
76 145
250 145
1003 145
2117 145
2192 145
37 146
96 146
120 146
125 146
139 146
208 146
241 146
297 146
421 146
630 146
1126 146
1136 146
1146 146
1315 146
1465 146
1817 146
1849 146
1856 146
2010 146
2141 146
15 147
131 147
138 147
179 147
198 147
202 147
315 147
452 147
472 147
524 147
655 147
708 147
715 147
797 147
829 147
1252 147
1331 147
1340 147
1353 147
1650 147
1710 147
1733 147
1797 147
1853 147
1906 147
1972 147
1974 147
1975 147
2031 147
2091 147
2134 147
2178 147
1 148
4 148
137 148
162 148
164 148
178 148
183 148
204 148
205 148
451 148
470 148
574 148
628 148
800 148
827 148
902 148
932 148
1128 148
1135 148
1253 148
1334 148
1515 148
1614 148
1811 148
1881 148
1899 148
1953 148
2000 148
2097 148
2123 148
19 149
90 149
159 149
174 149
256 149
258 149
339 149
561 149
653 149
733 149
739 149
765 149
794 149
796 149
1246 149
1343 149
1466 149
1681 149
1871 149
1933 149
1989 149
2034 149
2045 149
95 150
177 150
213 150
214 150
218 150
231 150
237 150
556 150
587 150
646 150
828 150
1886 150
2016 150
2096 150
20 151
61 151
124 151
1393 151
1495 151
1628 151
1791 151
1806 151
1942 151
2237 151
105 152
106 152
221 152
390 152
392 152
598 152
647 152
770 152
791 152
809 152
861 152
2027 152
67 153
116 153
239 153
269 153
320 153
359 153
500 153
663 153
696 153
1145 153
1221 153
1367 153
1565 153
1573 153
1583 153
1598 153
1601 153
1640 153
1725 153
1790 153
1976 153
2131 153
59 154
101 154
152 154
168 154
181 154
187 154
224 154
259 154
323 154
384 154
671 154
707 154
734 154
742 154
800 154
1249 154
1322 154
1328 154
1369 154
1409 154
1622 154
1712 154
1931 154
1960 154
1978 154
1993 154
2070 154
14 155
46 155
84 155
151 155
199 155
368 155
408 155
458 155
504 155
549 155
627 155
786 155
801 155
1123 155
1157 155
1188 155
1231 155
1365 155
1398 155
1505 155
1627 155
1772 155
1792 155
1796 155
1980 155
2077 155
2090 155
2136 155
2185 155
12 156
19 156
236 156
292 156
315 156
624 156
1220 156
1325 156
1404 156
1582 156
1688 156
1767 156
1788 156
1832 156
1874 156
1985 156
1994 156
2176 156
816 157
1285 157
1330 157
1648 157
2113 157
104 158
411 158
446 158
529 158
1295 158
1395 158
1543 158
1625 158
1812 158
1844 158
127 159
136 159
153 159
195 159
232 159
670 159
1215 159
1308 159
1715 159
2006 159
4 160
138 160
185 160
203 160
318 160
546 160
703 160
755 160
1247 160
1511 160
1616 160
1644 160
1950 160
2097 160
2112 160
2170 160
2193 160
2 161
86 161
144 161
172 161
211 161
241 161
395 161
422 161
696 161
777 161
794 161
817 161
1129 161
1134 161
1145 161
1167 161
1234 161
1259 161
1303 161
1568 161
1747 161
1854 161
1894 161
2063 161
131 162
142 162
171 162
183 162
186 162
343 162
353 162
441 162
645 162
708 162
956 162
1170 162
1791 162
1821 162
1855 162
1905 162
1959 162
2053 162
2104 162
2192 162
5 163
36 163
226 163
244 163
324 163
340 163
423 163
448 163
554 163
642 163
1565 163
1569 163
1752 163
1765 163
1898 163
46 164
391 164
1344 164
1508 164
1662 164
2061 164
275 165
351 165
360 165
569 165
660 165
837 165
1249 165
1518 165
1676 165
295 166
309 166
329 166
519 166
827 166
1261 166
1412 166
1470 166
1517 166
1548 166
1592 166
1786 166
1848 166
1990 166
2042 166
7 167
41 167
54 167
97 167
134 167
136 167
271 167
302 167
332 167
365 167
427 167
429 167
463 167
490 167
627 167
697 167
869 167
1059 167
1146 167
1161 167
1422 167
1428 167
1500 167
1681 167
1907 167
2207 167
4 168
105 168
207 168
287 168
301 168
317 168
326 168
330 168
373 168
426 168
461 168
474 168
853 168
873 168
1172 168
1349 168
1452 168
1615 168
1620 168
1630 168
1647 168
1754 168
1823 168
1851 168
1932 168
1940 168
1976 168
2043 168
60 169
96 169
164 169
243 169
313 169
404 169
432 169
442 169
566 169
698 169
711 169
874 169
1302 169
1605 169
1639 169
1747 169
1928 169
2201 169
126 170
154 170
202 170
257 170
281 170
298 170
338 170
513 170
581 170
583 170
744 170
1156 170
1282 170
1320 170
1324 170
1571 170
1710 170
1834 170
2220 170
356 171
642 171
774 171
1273 171
1704 171
1762 171
1888 171
2082 171
2221 171
76 172
91 172
172 172
229 172
314 172
328 172
462 172
668 172
716 172
1281 172
1321 172
1330 172
2219 172
20 173
21 173
111 173
195 173
293 173
300 173
349 173
421 173
447 173
472 173
740 173
1154 173
1243 173
1288 173
1329 173
1460 173
1734 173
1744 173
1768 173
1802 173
1939 173
1982 173
2212 173
33 174
86 174
129 174
148 174
153 174
192 174
213 174
245 174
254 174
304 174
320 174
375 174
573 174
735 174
1132 174
1205 174
1267 174
1370 174
1413 174
1447 174
1454 174
1693 174
1712 174
1735 174
1819 174
1919 174
1935 174
2027 174
2070 174
2098 174
2137 174
6 175
8 175
29 175
142 175
191 175
212 175
217 175
249 175
253 175
333 175
358 175
376 175
381 175
402 175
430 175
650 175
655 175
758 175
1120 175
1233 175
1276 175
2049 175
2071 175
88 176
107 176
112 176
202 176
263 176
345 176
508 176
1216 176
1227 176
1347 176
1526 176
2054 176
332 177
371 177
585 177
727 177
814 177
828 177
937 177
1199 177
1319 177
1553 177
1569 177
1736 177
1840 177
1846 177
178 178
293 178
343 178
675 178
827 178
831 178
1198 178
1218 178
1920 178
134 179
215 179
259 179
277 179
391 179
418 179
524 179
548 179
838 179
1448 179
67 180
77 180
93 180
99 180
127 180
222 180
236 180
380 180
466 180
476 180
1313 180
1428 180
1589 180
2128 180
2166 180
120 181
175 181
184 181
198 181
224 181
252 181
274 181
285 181
316 181
326 181
327 181
330 181
417 181
427 181
429 181
443 181
461 181
523 181
631 181
1185 181
1339 181
1425 181
1579 181
1585 181
1605 181
1626 181
1811 181
2029 181
2076 181
2165 181
187 182
220 182
331 182
556 182
756 182
1272 182
1287 182
1324 182
1535 182
1598 182
1625 182
1915 182
1998 182
2205 182
7 183
344 183
368 183
500 183
542 183
1202 183
1405 183
1630 183
1897 183
208 184
414 184
810 184
1268 184
1491 184
1587 184
2095 184
435 185
484 185
877 185
1331 185
1769 185
1965 185
151 186
191 186
369 186
410 186
590 186
742 186
778 186
1482 186
1936 186
1971 186
2036 186
2154 186
2164 186
2208 186
109 187
241 187
297 187
400 187
415 187
516 187
569 187
582 187
613 187
627 187
645 187
763 187
839 187
1068 187
1125 187
1236 187
1320 187
1400 187
1534 187
1545 187
1594 187
1829 187
1883 187
1886 187
1915 187
1917 187
1919 187
2125 187
2211 187
34 188
71 188
76 188
165 188
190 188
256 188
273 188
274 188
301 188
356 188
371 188
387 188
424 188
429 188
447 188
459 188
467 188
472 188
487 188
510 188
618 188
632 188
647 188
751 188
873 188
1120 188
1200 188
1217 188
1238 188
1267 188
1341 188
1749 188
1958 188
26 189
104 189
149 189
207 189
240 189
370 189
492 189
521 189
577 189
906 189
1124 189
1126 189
1348 189
1473 189
1602 189
1995 189
2004 189
2093 189
1141 190
1199 190
1245 190
1287 190
1393 190
1408 190
1498 190
1584 190
1736 190
1773 190
1954 190
114 191
351 191
451 191
514 191
1130 191
1514 191
1800 191
1959 191
321 192
368 192
434 192
441 192
446 192
469 192
802 192
874 192
164 193
225 193
242 193
266 193
322 193
718 193
801 193
813 193
1192 193
1369 193
1444 193
1508 193
1877 193
1919 193
2170 193
210 194
233 194
326 194
367 194
380 194
398 194
418 194
419 194
431 194
462 194
506 194
541 194
649 194
689 194
691 194
796 194
829 194
998 194
1274 194
1291 194
1318 194
1383 194
1433 194
1560 194
1596 194
1605 194
1704 194
1744 194
1755 194
1994 194
2111 194
2200 194
14 195
64 195
79 195
95 195
170 195
175 195
181 195
212 195
265 195
306 195
345 195
347 195
427 195
475 195
509 195
556 195
578 195
592 195
626 195
658 195
715 195
788 195
836 195
1129 195
1160 195
1321 195
1377 195
1591 195
1651 195
1654 195
2147 195
2224 195
37 196
194 196
231 196
244 196
276 196
314 196
375 196
392 196
552 196
723 196
805 196
1372 196
1375 196
1481 196
1737 196
1822 196
2101 196
2138 196
387 197
524 197
837 197
974 197
1205 197
1410 197
1511 197
1533 197
1619 197
101 198
356 198
374 198
463 198
595 198
1223 198
1392 198
1479 198
1672 198
281 199
309 199
746 199
828 199
852 199
1131 199
1339 199
1500 199
1909 199
2062 199
2086 199
2103 199
192 200
236 200
257 200
381 200
390 200
457 200
491 200
521 200
551 200
557 200
585 200
670 200
817 200
1348 200
1805 200
1816 200
1956 200
1979 200
2185 200
2212 200
574 202
1130 202
1441 204
1372 205
1727 205
76 207
429 207
1907 208
201 210
469 210
1560 210
1447 212
1965 212
1914 213
1760 214
164 215
503 215
1779 215
240 216
1315 216
1441 216
230 217
308 217
1745 217
356 218
1255 218
1136 219
367 220
573 220
661 220
34 221
1393 222
1527 222
1791 224
1247 225
1361 225
1745 225
1786 225
390 226
351 227
2070 228
1176 229
1205 229
727 231
1124 232
520 233
2012 233
548 234
569 234
1780 234
1823 234
1709 236
492 237
2040 237
1500 237
1632 238
698 239
2147 240
811 242
190 243
1498 243
1630 243
708 244
1715 244
1796 244
737 245
1533 245
141 246
2181 246
2223 246
1493 246
481 247
696 247
128 248
1247 249
1778 249
612 250
1551 251
426 252
2007 252
1330 252
1560 253
2239 254
1968 254
158 255
479 255
1238 255
281 256
2021 256
811 257
2150 257
133 258
1294 258
624 259
1168 259
312 260
535 260
2204 260
1866 260
101 261
684 261
2029 261
1148 261
1293 261
1654 261
1789 261
2018 262
1791 262
8 263
581 264
946 264
1241 264
1955 264
229 265
266 265
2020 266
43 268
1898 268
1673 269
156 270
650 270
2239 270
29 271
409 272
402 273
2187 273
1553 273
1614 275
446 277
1832 277
506 279
711 279
1497 279
1294 280
828 281
2181 281
1283 281
1355 281
2111 282
762 285
1282 285
156 286
625 286
1623 286
1840 286
1175 288
1754 288
13 289
1288 289
1637 289
626 290
2085 290
1313 290
701 291
721 291
853 292
684 293
2113 293
1559 293
1696 293
147 294
2223 295
709 298
2029 299
1378 299
632 300
1747 300
