535 1
1506 1
17 3
312 3
301 4
369 4
1713 4
183 5
2192 5
1464 5
73 6
696 6
1993 6
119 7
1617 8
307 9
1359 9
1551 9
677 10
60 11
1287 11
280 12
1436 12
575 15
1971 15
1920 16
710 18
18 19
821 19
1409 19
566 20
422 21
2119 21
784 22
1408 23
524 24
667 24
1784 24
139 25
1929 25
1946 25
1153 26
1869 26
1193 27
1271 27
1540 27
161 28
1573 29
704 30
2069 30
2142 30
4 31
401 31
861 31
96 32
133 33
195 34
869 34
1225 34
1344 36
1495 36
2207 37
1329 37
1551 37
431 40
2179 41
515 42
20 43
143 45
1952 45
189 46
1243 46
833 47
1692 47
200 48
1145 49
1799 49
724 50
2035 50
1445 50
1584 50
1586 51
815 52
1192 52
1312 52
1148 53
1529 53
1737 54
1274 55
1498 55
643 56
1912 56
321 57
1975 57
1366 58
1143 59
1515 59
168 60
1845 60
470 61
2157 61
543 62
640 62
842 62
2014 64
1673 64
1730 65
1248 66
446 67
610 67
1179 67
841 68
2177 68
763 69
2060 69
1283 69
755 70
1293 70
1672 70
1851 70
1237 72
745 73
1925 73
1247 74
195 75
1912 75
622 76
647 76
652 76
1369 76
164 77
85 78
2144 78
1359 78
846 80
2078 81
1820 81
349 82
334 84
1784 84
474 85
647 85
1599 85
503 86
2185 86
2204 86
1130 86
1535 86
1707 87
321 88
492 88
522 89
571 89
638 89
1235 89
1753 89
1515 90
1559 90
419 91
794 91
2131 91
1426 91
1512 91
209 95
334 95
682 95
1207 96
1416 96
2020 98
36 99
655 100
1427 100
535 100.3
817 100.3
1402 100.3
1493 100.3
1748 100.3
1786 100.3
1905 100.3
1920 100.3
1986 100.3
2104 100.3
54 101.3
184 101.3
809 101.3
844 101.3
1136 101.3
1167 101.3
1180 101.3
1187 101.3
1419 101.3
1624 101.3
1664 101.3
1743 101.3
1912 101.3
1948 101.3
2150 101.3
80 102.3
91 102.3
584 102.3
624 102.3
665 102.3
686 102.3
769 102.3
816 102.3
1802 102.3
1923 102.3
1927 102.3
2069 102.3
2135 102.3
85 103.3
147 103.3
367 103.3
505 103.3
521 103.3
583 103.3
645 103.3
860 103.3
1228 103.3
1246 103.3
1289 103.3
1315 103.3
1401 103.3
1408 103.3
1463 103.3
1536 103.3
1721 103.3
1752 103.3
1769 103.3
1836 103.3
1979 103.3
1982 103.3
1987 103.3
76 104.3
222 104.3
325 104.3
415 104.3
556 104.3
736 104.3
738 104.3
739 104.3
755 104.3
1001 104.3
1254 104.3
1362 104.3
1535 104.3
1622 104.3
1653 104.3
1662 104.3
1690 104.3
1776 104.3
1888 104.3
1889 104.3
1937 104.3
2183 104.3
2223 104.3
37 105.3
55 105.3
89 105.3
117 105.3
130 105.3
520 105.3
634 105.3
839 105.3
864 105.3
876 105.3
1021 105.3
1368 105.3
1541 105.3
1674 105.3
1685 105.3
1689 105.3
1775 105.3
1784 105.3
1820 105.3
1868 105.3
86 106.3
114 106.3
273 106.3
295 106.3
357 106.3
431 106.3
460 106.3
814 106.3
901 106.3
1182 106.3
1385 106.3
1681 106.3
1778 106.3
1787 106.3
1816 106.3
1830 106.3
1840 106.3
1864 106.3
1942 106.3
1977 106.3
2175 106.3
6 107.3
31 107.3
60 107.3
192 107.3
248 107.3
251 107.3
687 107.3
694 107.3
1155 107.3
1404 107.3
1477 107.3
1733 107.3
1831 107.3
1906 107.3
1959 107.3
1968 107.3
2030 107.3
25 108.3
64 108.3
1799 108.3
24 109.3
68 109.3
94 109.3
122 109.3
228 109.3
285 109.3
442 109.3
569 109.3
813 109.3
872 109.3
1081 109.3
1237 109.3
1295 109.3
1346 109.3
1627 109.3
1735 109.3
1880 109.3
1936 109.3
1964 109.3
2144 109.3
98 110.3
305 110.3
333 110.3
538 110.3
596 110.3
801 110.3
1145 110.3
1190 110.3
1252 110.3
1380 110.3
1568 110.3
1597 110.3
1616 110.3
1745 110.3
1751 110.3
1758 110.3
1916 110.3
1966 110.3
1988 110.3
2039 110.3
2111 110.3
2139 110.3
2167 110.3
34 111.3
54 111.3
66 111.3
181 111.3
229 111.3
335 111.3
341 111.3
367 111.3
489 111.3
782 111.3
835 111.3
989 111.3
1088 111.3
1158 111.3
1178 111.3
1497 111.3
1620 111.3
1739 111.3
1761 111.3
1814 111.3
1887 111.3
1928 111.3
1938 111.3
1994 111.3
2163 111.3
2179 111.3
2208 111.3
28 112.3
33 112.3
51 112.3
162 112.3
172 112.3
185 112.3
232 112.3
307 112.3
421 112.3
444 112.3
625 112.3
648 112.3
761 112.3
1199 112.3
1883 112.3
1905 112.3
1958 112.3
1983 112.3
1995 112.3
187 113.3
235 113.3
462 113.3
537 113.3
589 113.3
726 113.3
1148 113.3
1486 113.3
1782 113.3
1938 113.3
2150 113.3
81 114.3
781 114.3
1311 114.3
1586 114.3
1713 114.3
57 115.3
93 115.3
234 115.3
254 115.3
1298 115.3
1548 115.3
1565 115.3
1768 115.3
1793 115.3
2082 115.3
2211 115.3
61 116.3
160 116.3
180 116.3
211 116.3
263 116.3
473 116.3
728 116.3
822 116.3
1221 116.3
1392 116.3
1412 116.3
1692 116.3
1813 116.3
1959 116.3
1970 116.3
1981 116.3
3 117.3
20 117.3
23 117.3
63 117.3
95 117.3
97 117.3
124 117.3
126 117.3
134 117.3
186 117.3
274 117.3
405 117.3
417 117.3
478 117.3
543 117.3
559 117.3
580 117.3
758 117.3
852 117.3
1140 117.3
1393 117.3
1394 117.3
1582 117.3
1659 117.3
1697 117.3
1735 117.3
1771 117.3
1812 117.3
1827 117.3
1844 117.3
1853 117.3
1891 117.3
1915 117.3
1916 117.3
1930 117.3
1992 117.3
2012 117.3
5 118.3
21 118.3
39 118.3
91 118.3
120 118.3
151 118.3
158 118.3
169 118.3
176 118.3
242 118.3
279 118.3
639 118.3
759 118.3
849 118.3
1213 118.3
1286 118.3
1296 118.3
1381 118.3
1826 118.3
1857 118.3
1914 118.3
1982 118.3
2176 118.3
2226 118.3
90 119.3
92 119.3
105 119.3
155 119.3
519 119.3
562 119.3
578 119.3
777 119.3
1308 119.3
1350 119.3
1705 119.3
1780 119.3
1835 119.3
1924 119.3
2199 119.3
88 120.3
230 120.3
238 120.3
324 120.3
616 120.3
638 120.3
934 120.3
944 120.3
1338 120.3
1831 120.3
14 121.3
146 121.3
330 121.3
432 121.3
465 121.3
706 121.3
1080 121.3
1234 121.3
1302 121.3
1441 121.3
1759 121.3
1929 121.3
1933 121.3
1979 121.3
1986 121.3
181 122.3
206 122.3
688 122.3
770 122.3
839 122.3
1028 122.3
1489 122.3
1491 122.3
1751 122.3
1837 122.3
1987 122.3
4 123.3
65 123.3
121 123.3
266 123.3
285 123.3
544 123.3
589 123.3
653 123.3
1152 123.3
1171 123.3
1195 123.3
1237 123.3
1322 123.3
1449 123.3
1519 123.3
1748 123.3
1901 123.3
2026 123.3
2041 123.3
2064 123.3
2175 123.3
60 124.3
100 124.3
162 124.3
175 124.3
237 124.3
471 124.3
483 124.3
558 124.3
734 124.3
754 124.3
832 124.3
1267 124.3
1276 124.3
1341 124.3
1668 124.3
1770 124.3
1808 124.3
1821 124.3
1893 124.3
1921 124.3
1960 124.3
2032 124.3
2059 124.3
2156 124.3
25 125.3
56 125.3
143 125.3
217 125.3
252 125.3
299 125.3
303 125.3
619 125.3
651 125.3
1198 125.3
1205 125.3
1298 125.3
1495 125.3
1597 125.3
1629 125.3
1716 125.3
1865 125.3
1917 125.3
1943 125.3
1955 125.3
1956 125.3
2071 125.3
2236 125.3
82 126.3
168 126.3
179 126.3
411 126.3
440 126.3
463 126.3
526 126.3
566 126.3
715 126.3
749 126.3
766 126.3
854 126.3
1155 126.3
1219 126.3
1412 126.3
1426 126.3
1442 126.3
1848 126.3
1907 126.3
1908 126.3
1948 126.3
1969 126.3
2019 126.3
5 127.3
74 127.3
98 127.3
115 127.3
328 127.3
516 127.3
800 127.3
1148 127.3
1596 127.3
1836 127.3
88 128.3
101 128.3
249 128.3
472 128.3
509 128.3
597 128.3
614 128.3
1160 128.3
1183 128.3
1325 128.3
1344 128.3
1383 128.3
2130 128.3
129 129.3
141 129.3
186 129.3
247 129.3
255 129.3
269 129.3
276 129.3
278 129.3
287 129.3
495 129.3
1565 129.3
1602 129.3
1709 129.3
1812 129.3
1868 129.3
1905 129.3
2039 129.3
2054 129.3
2225 129.3
10 130.3
33 130.3
90 130.3
124 130.3
204 130.3
210 130.3
214 130.3
239 130.3
291 130.3
307 130.3
314 130.3
435 130.3
459 130.3
582 130.3
617 130.3
822 130.3
972 130.3
1121 130.3
1143 130.3
1417 130.3
1419 130.3
1448 130.3
1467 130.3
1546 130.3
1676 130.3
1699 130.3
1724 130.3
1741 130.3
1757 130.3
1833 130.3
1835 130.3
1882 130.3
1897 130.3
1966 130.3
1988 130.3
3 131.3
17 131.3
47 131.3
127 131.3
134 131.3
150 131.3
172 131.3
211 131.3
212 131.3
323 131.3
460 131.3
471 131.3
521 131.3
752 131.3
770 131.3
782 131.3
1191 131.3
1195 131.3
1599 131.3
1693 131.3
1720 131.3
1792 131.3
1809 131.3
1828 131.3
1831 131.3
1989 131.3
301 132.3
302 132.3
391 132.3
486 132.3
612 132.3
725 132.3
875 132.3
1221 132.3
1323 132.3
1559 132.3
1572 132.3
1707 132.3
1845 132.3
1851 132.3
68 133.3
95 133.3
114 133.3
194 133.3
306 133.3
334 133.3
546 133.3
665 133.3
694 133.3
767 133.3
1224 133.3
1414 133.3
1909 133.3
48 134.3
101 134.3
136 134.3
140 134.3
215 134.3
646 134.3
1429 134.3
1721 134.3
2035 134.3
2221 134.3
18 135.3
64 135.3
67 135.3
76 135.3
89 135.3
106 135.3
156 135.3
644 135.3
671 135.3
764 135.3
995 135.3
1144 135.3
1431 135.3
1510 135.3
1661 135.3
2138 135.3
61 136.3
93 136.3
162 136.3
168 136.3
404 136.3
430 136.3
458 136.3
467 136.3
706 136.3
757 136.3
1140 136.3
1313 136.3
1423 136.3
1496 136.3
1543 136.3
1568 136.3
1574 136.3
1749 136.3
1891 136.3
1956 136.3
1964 136.3
2126 136.3
6 137.3
120 137.3
126 137.3
167 137.3
181 137.3
184 137.3
188 137.3
191 137.3
199 137.3
240 137.3
307 137.3
321 137.3
353 137.3
454 137.3
544 137.3
567 137.3
714 137.3
772 137.3
871 137.3
1091 137.3
1290 137.3
1344 137.3
1385 137.3
1505 137.3
1615 137.3
1645 137.3
1664 137.3
1769 137.3
1894 137.3
1994 137.3
2060 137.3
33 138.3
121 138.3
198 138.3
223 138.3
269 138.3
358 138.3
363 138.3
398 138.3
480 138.3
481 138.3
584 138.3
762 138.3
869 138.3
872 138.3
1146 138.3
1187 138.3
1248 138.3
1252 138.3
1382 138.3
1414 138.3
1604 138.3
1728 138.3
1783 138.3
1928 138.3
2077 138.3
2096 138.3
2195 138.3
2199 138.3
7 139.3
25 139.3
73 139.3
239 139.3
271 139.3
349 139.3
1122 139.3
1200 139.3
1286 139.3
1370 139.3
1752 139.3
1985 139.3
2217 139.3
71 140.3
88 140.3
137 140.3
166 140.3
171 140.3
192 140.3
253 140.3
294 140.3
563 140.3
1213 140.3
1363 140.3
1413 140.3
1595 140.3
155 141.3
232 141.3
421 141.3
627 141.3
673 141.3
1312 141.3
1484 141.3
1674 141.3
1740 141.3
1761 141.3
1782 141.3
1917 141.3
2007 141.3
29 142.3
304 142.3
533 142.3
703 142.3
726 142.3
877 142.3
1368 142.3
1541 142.3
1576 142.3
1688 142.3
1852 142.3
2051 142.3
2155 142.3
16 143.3
23 143.3
118 143.3
147 143.3
229 143.3
516 143.3
799 143.3
1299 143.3
1556 143.3
1566 143.3
1889 143.3
1910 143.3
1973 143.3
1999 143.3
2002 143.3
2070 143.3
2104 143.3
48 144.3
63 144.3
83 144.3
131 144.3
221 144.3
259 144.3
263 144.3
376 144.3
393 144.3
443 144.3
592 144.3
792 144.3
1122 144.3
1158 144.3
1427 144.3
1478 144.3
1610 144.3
1732 144.3
1935 144.3
1947 144.3
1972 144.3
1994 144.3
2128 144.3
85 145.3
132 145.3
262 145.3
303 145.3
352 145.3
386 145.3
389 145.3
498 145.3
657 145.3
688 145.3
710 145.3
722 145.3
781 145.3
812 145.3
1217 145.3
1239 145.3
1482 145.3
1559 145.3
1571 145.3
1684 145.3
1688 145.3
1857 145.3
1859 145.3
1900 145.3
1904 145.3
2089 145.3
2221 145.3
150 146.3
163 146.3
369 146.3
372 146.3
441 146.3
510 146.3
524 146.3
681 146.3
1257 146.3
1418 146.3
1468 146.3
1930 146.3
1970 146.3
1982 146.3
2018 146.3
2126 146.3
28 147.3
142 147.3
199 147.3
253 147.3
278 147.3
312 147.3
1125 147.3
1366 147.3
1542 147.3
1961 147.3
1978 147.3
1 148.3
81 148.3
187 148.3
188 148.3
191 148.3
223 148.3
368 148.3
409 148.3
557 148.3
561 148.3
775 148.3
1128 148.3
1435 148.3
1474 148.3
1953 148.3
2206 148.3
2214 148.3
139 149.3
240 149.3
380 149.3
407 149.3
424 149.3
1331 149.3
1379 149.3
1456 149.3
1573 149.3
1671 149.3
1700 149.3
1706 149.3
1795 149.3
2117 149.3
99 150.3
133 150.3
134 150.3
252 150.3
265 150.3
276 150.3
290 150.3
316 150.3
429 150.3
489 150.3
530 150.3
813 150.3
818 150.3
867 150.3
868 150.3
1146 150.3
1232 150.3
1317 150.3
1410 150.3
1413 150.3
1467 150.3
1568 150.3
1587 150.3
1589 150.3
1600 150.3
1735 150.3
1743 150.3
1745 150.3
1995 150.3
2021 150.3
2051 150.3
2092 150.3
44 151.3
67 151.3
70 151.3
129 151.3
282 151.3
301 151.3
357 151.3
374 151.3
375 151.3
463 151.3
705 151.3
831 151.3
839 151.3
1086 151.3
1161 151.3
1518 151.3
1733 151.3
1760 151.3
1778 151.3
1811 151.3
1989 151.3
2002 151.3
2025 151.3
53 152.3
78 152.3
91 152.3
119 152.3
173 152.3
339 152.3
340 152.3
385 152.3
417 152.3
633 152.3
723 152.3
1272 152.3
1312 152.3
1538 152.3
1669 152.3
1820 152.3
1895 152.3
1955 152.3
1968 152.3
2028 152.3
2059 152.3
49 153.3
196 153.3
309 153.3
713 153.3
779 153.3
1634 153.3
1691 153.3
1928 153.3
232 154.3
411 154.3
419 154.3
470 154.3
540 154.3
714 154.3
1073 154.3
1142 154.3
1153 154.3
1236 154.3
1525 154.3
1557 154.3
1643 154.3
2026 154.3
2181 154.3
31 155.3
46 155.3
171 155.3
172 155.3
184 155.3
208 155.3
229 155.3
235 155.3
243 155.3
247 155.3
272 155.3
351 155.3
483 155.3
567 155.3
620 155.3
697 155.3
1174 155.3
1806 155.3
2129 155.3
2217 155.3
57 156.3
175 156.3
180 156.3
234 156.3
336 156.3
346 156.3
389 156.3
453 156.3
517 156.3
1300 156.3
1344 156.3
1415 156.3
1671 156.3
2228 156.3
126 157.3
310 157.3
322 157.3
634 157.3
640 157.3
686 157.3
737 157.3
775 157.3
832 157.3
1366 157.3
1395 157.3
1612 157.3
1628 157.3
1692 157.3
1751 157.3
1836 157.3
1914 157.3
2049 157.3
2123 157.3
2132 157.3
35 158.3
88 158.3
130 158.3
131 158.3
199 158.3
213 158.3
265 158.3
278 158.3
298 158.3
305 158.3
325 158.3
387 158.3
578 158.3
680 158.3
776 158.3
851 158.3
1337 158.3
1468 158.3
1681 158.3
1759 158.3
1841 158.3
1897 158.3
1982 158.3
63 159.3
183 159.3
193 159.3
364 159.3
378 159.3
428 159.3
628 159.3
853 159.3
1154 159.3
1567 159.3
1752 159.3
1870 159.3
1907 159.3
2122 159.3
2226 159.3
21 160.3
161 160.3
204 160.3
457 160.3
495 160.3
1208 160.3
1234 160.3
1248 160.3
1255 160.3
1298 160.3
1591 160.3
1617 160.3
1656 160.3
1904 160.3
51 161.3
61 161.3
289 161.3
332 161.3
409 161.3
441 161.3
638 161.3
1108 161.3
1162 161.3
1355 161.3
1637 161.3
1750 161.3
12 162.3
43 162.3
47 162.3
210 162.3
242 162.3
376 162.3
379 162.3
407 162.3
508 162.3
516 162.3
532 162.3
539 162.3
636 162.3
1458 162.3
1611 162.3
1788 162.3
1860 162.3
1889 162.3
1988 162.3
2023 162.3
28 163.3
166 163.3
179 163.3
264 163.3
273 163.3
444 163.3
484 163.3
507 163.3
734 163.3
833 163.3
896 163.3
1278 163.3
1299 163.3
1341 163.3
1373 163.3
1452 163.3
1620 163.3
1794 163.3
1843 163.3
1950 163.3
2196 163.3
152 164.3
162 164.3
377 164.3
385 164.3
509 164.3
554 164.3
765 164.3
835 164.3
890 164.3
1214 164.3
1241 164.3
1451 164.3
1556 164.3
1565 164.3
1927 164.3
1949 164.3
95 165.3
160 165.3
167 165.3
282 165.3
471 165.3
479 165.3
524 165.3
598 165.3
669 165.3
779 165.3
797 165.3
1042 165.3
1457 165.3
1482 165.3
1938 165.3
2067 165.3
2109 165.3
90 166.3
300 166.3
342 166.3
427 166.3
606 166.3
1294 166.3
1453 166.3
1478 166.3
1554 166.3
125 167.3
126 167.3
128 167.3
210 167.3
221 167.3
315 167.3
404 167.3
618 167.3
807 167.3
1321 167.3
1340 167.3
2191 167.3
30 168.3
202 168.3
278 168.3
380 168.3
443 168.3
1040 168.3
2110 168.3
196 169.3
292 169.3
341 169.3
522 169.3
557 169.3
575 169.3
684 169.3
1329 169.3
1504 169.3
1630 169.3
1671 169.3
1686 169.3
1783 169.3
1803 169.3
1831 169.3
1913 169.3
2076 169.3
26 170.3
83 170.3
86 170.3
92 170.3
104 170.3
150 170.3
163 170.3
165 170.3
197 170.3
209 170.3
307 170.3
311 170.3
320 170.3
338 170.3
410 170.3
416 170.3
454 170.3
552 170.3
588 170.3
624 170.3
647 170.3
832 170.3
1159 170.3
1221 170.3
1247 170.3
1311 170.3
1371 170.3
1801 170.3
1899 170.3
1978 170.3
2008 170.3
2138 170.3
42 171.3
156 171.3
161 171.3
229 171.3
255 171.3
272 171.3
275 171.3
298 171.3
332 171.3
360 171.3
430 171.3
530 171.3
570 171.3
829 171.3
1163 171.3
1272 171.3
1473 171.3
1559 171.3
1587 171.3
1614 171.3
2071 171.3
118 172.3
123 172.3
239 172.3
356 172.3
363 172.3
493 172.3
556 172.3
567 172.3
793 172.3
881 172.3
1124 172.3
1357 172.3
1823 172.3
1938 172.3
1995 172.3
427 173.3
433 173.3
438 173.3
865 173.3
871 173.3
1511 173.3
57 174.3
240 174.3
244 174.3
254 174.3
403 174.3
424 174.3
456 174.3
459 174.3
469 174.3
543 174.3
785 174.3
1434 174.3
1866 174.3
1919 174.3
1948 174.3
1967 174.3
2165 174.3
102 175.3
221 175.3
308 175.3
309 175.3
349 175.3
425 175.3
455 175.3
843 175.3
1234 175.3
1384 175.3
1459 175.3
1556 175.3
1777 175.3
2214 175.3
95 176.3
219 176.3
243 176.3
316 176.3
347 176.3
371 176.3
387 176.3
475 176.3
742 176.3
1137 176.3
1196 176.3
1678 176.3
1750 176.3
1963 176.3
1997 176.3
2027 176.3
2066 176.3
2224 176.3
97 177.3
225 177.3
236 177.3
302 177.3
390 177.3
402 177.3
447 177.3
450 177.3
453 177.3
485 177.3
513 177.3
558 177.3
572 177.3
597 177.3
622 177.3
836 177.3
980 177.3
1079 177.3
1108 177.3
1316 177.3
1351 177.3
1379 177.3
1467 177.3
1470 177.3
1694 177.3
1846 177.3
1910 177.3
1947 177.3
1952 177.3
2040 177.3
2051 177.3
2068 177.3
2126 177.3
2178 177.3
2212 177.3
146 178.3
166 178.3
365 178.3
406 178.3
411 178.3
419 178.3
481 178.3
537 178.3
569 178.3
668 178.3
817 178.3
1519 178.3
1586 178.3
1594 178.3
1873 178.3
21 179.3
120 179.3
191 179.3
357 179.3
415 179.3
445 179.3
804 179.3
834 179.3
876 179.3
1134 179.3
1305 179.3
1309 179.3
1429 179.3
1481 179.3
144 180.3
278 180.3
281 180.3
422 180.3
1324 180.3
1401 180.3
211 181.3
423 181.3
563 181.3
613 181.3
1374 181.3
1417 181.3
1614 181.3
1661 181.3
2208 181.3
253 182.3
340 182.3
385 182.3
421 182.3
505 182.3
587 182.3
609 182.3
674 182.3
719 182.3
808 182.3
1010 182.3
1120 182.3
1611 182.3
1810 182.3
1967 182.3
69 183.3
164 183.3
173 183.3
346 183.3
442 183.3
456 183.3
489 183.3
557 183.3
823 183.3
841 183.3
869 183.3
969 183.3
1135 183.3
1154 183.3
1238 183.3
1592 183.3
1746 183.3
2048 183.3
2127 183.3
2179 183.3
84 184.3
88 184.3
339 184.3
395 184.3
424 184.3
459 184.3
535 184.3
604 184.3
709 184.3
712 184.3
833 184.3
1178 184.3
1234 184.3
1253 184.3
1263 184.3
1302 184.3
1657 184.3
1697 184.3
1839 184.3
1850 184.3
1943 184.3
1970 184.3
1982 184.3
2008 184.3
2111 184.3
2114 184.3
2183 184.3
251 185.3
343 185.3
381 185.3
394 185.3
403 185.3
412 185.3
502 185.3
780 185.3
1236 185.3
1265 185.3
1285 185.3
1530 185.3
1566 185.3
1631 185.3
1675 185.3
2112 185.3
43 186.3
247 186.3
252 186.3
309 186.3
367 186.3
396 186.3
482 186.3
509 186.3
531 186.3
597 186.3
742 186.3
832 186.3
1730 186.3
36 187.3
122 187.3
230 187.3
480 187.3
544 187.3
654 187.3
847 187.3
237 188.3
258 188.3
327 188.3
337 188.3
377 188.3
401 188.3
434 188.3
553 188.3
675 188.3
805 188.3
867 188.3
1053 188.3
1274 188.3
1409 188.3
1492 188.3
1541 188.3
1865 188.3
2142 188.3
51 189.3
159 189.3
303 189.3
348 189.3
362 189.3
386 189.3
387 189.3
433 189.3
455 189.3
469 189.3
515 189.3
517 189.3
574 189.3
657 189.3
831 189.3
1397 189.3
1991 189.3
2011 189.3
18 190.3
63 190.3
74 190.3
133 190.3
210 190.3
288 190.3
332 190.3
343 190.3
353 190.3
356 190.3
382 190.3
514 190.3
520 190.3
523 190.3
630 190.3
643 190.3
711 190.3
855 190.3
864 190.3
1129 190.3
1303 190.3
1304 190.3
1313 190.3
1403 190.3
1446 190.3
1570 190.3
1711 190.3
1738 190.3
1834 190.3
1934 190.3
2039 190.3
2227 190.3
84 191.3
88 191.3
128 191.3
170 191.3
200 191.3
202 191.3
258 191.3
261 191.3
292 191.3
397 191.3
400 191.3
419 191.3
429 191.3
441 191.3
485 191.3
497 191.3
632 191.3
719 191.3
804 191.3
856 191.3
897 191.3
1226 191.3
1252 191.3
1253 191.3
1268 191.3
1293 191.3
1683 191.3
1689 191.3
1751 191.3
1758 191.3
1981 191.3
2101 191.3
4 192.3
179 192.3
272 192.3
475 192.3
570 192.3
578 192.3
635 192.3
637 192.3
677 192.3
1388 192.3
1442 192.3
1569 192.3
1687 192.3
1732 192.3
49 193.3
109 193.3
306 193.3
486 193.3
569 193.3
697 193.3
787 193.3
875 193.3
1582 193.3
1625 193.3
1740 193.3
1888 193.3
316 194.3
411 194.3
416 194.3
879 194.3
2148 194.3
415 195.3
1037 195.3
1159 195.3
1243 195.3
1349 195.3
1404 195.3
1473 195.3
2095 195.3
1 196.3
82 196.3
307 196.3
355 196.3
359 196.3
391 196.3
448 196.3
455 196.3
526 196.3
539 196.3
584 196.3
631 196.3
662 196.3
680 196.3
866 196.3
1323 196.3
1334 196.3
1421 196.3
1696 196.3
43 197.3
195 197.3
256 197.3
321 197.3
352 197.3
373 197.3
477 197.3
518 197.3
523 197.3
545 197.3
550 197.3
597 197.3
608 197.3
625 197.3
629 197.3
686 197.3
734 197.3
1108 197.3
1196 197.3
1207 197.3
1244 197.3
1306 197.3
1504 197.3
1675 197.3
1743 197.3
1830 197.3
1831 197.3
1948 197.3
1991 197.3
2049 197.3
2051 197.3
2143 197.3
2213 197.3
13 198.3
128 198.3
144 198.3
245 198.3
252 198.3
281 198.3
293 198.3
336 198.3
364 198.3
503 198.3
513 198.3
650 198.3
689 198.3
738 198.3
780 198.3
808 198.3
1437 198.3
1486 198.3
1698 198.3
1757 198.3
2017 198.3
2205 198.3
19 199.3
56 199.3
297 199.3
335 199.3
345 199.3
422 199.3
445 199.3
596 199.3
618 199.3
642 199.3
1121 199.3
1152 199.3
1378 199.3
1424 199.3
1435 199.3
1450 199.3
1456 199.3
1460 199.3
1550 199.3
1608 199.3
1627 199.3
1702 199.3
1800 199.3
2065 199.3
331 201
1273 202
1238 203
1770 204
1887 205
509 207
2182 207
1752 207
1990 207
734 209
1981 210
78 212
801 212
1286 212
1312 212
1394 214
248 215
2037 216
71 217
454 217
1804 217
1384 218
1422 218
1395 219
642 220
597 221
1469 221
1480 221
2145 222
119 225
234 225
1538 227
1978 227
682 228
1162 228
2142 229
1537 230
1157 232
1406 232
593 233
1250 233
1666 233
234 234
1363 234
1580 234
720 235
1332 236
592 237
1524 237
1150 238
1839 238
485 239
1213 239
237 241
245 241
1813 242
1718 245
194 246
1380 246
1515 246
1837 247
205 248
619 248
2214 248
1828 248
1129 249
495 250
1283 250
1507 251
1804 251
593 252
211 253
628 253
2076 253
1249 253
1589 255
172 256
265 256
101 257
539 257
2178 257
229 258
2127 258
3 259
488 259
526 259
69 261
198 262
737 263
833 263
1378 263
1160 265
1490 266
1600 266
1820 266
2043 267
812 268
1171 268
1786 268
107 269
723 269
1273 269
1851 270
785 272
849 272
1759 273
217 274
2016 276
1200 276
1783 276
1956 276
2009 279
1931 279
1282 280
2110 281
1767 282
470 283
814 284
1708 284
1871 285
1198 286
606 289
486 290
867 290
2091 290
37 292
432 292
1913 292
430 293
1364 295
207 297
753 297
1889 297
779 298
1571 299
1267 300
1344 300
