105 1
11 1
59 1
132 2
178 2
35 4
36 4
14 5
54 5
47 6
61 6
176 7
80 8
85 8
62 8
118 9
12 10
54 10
124 11
149 11
52 11
8 12
71 13
179 14
82 15
40 15
56 16
197 17
3 17
135 18
12 18
39 18
131 19
45 19
115 21
147 21
144 22
168 22
28 22
36 22
94 24
191 27
23 28
65 28
180 29
31 29
130 30
182 33
38 33
46 33
118 34
157 34
178 34
2 34
48 34
68 34
91 35
50 35
62 35
97 36
82 37
5 39
24 40
87 41
101 42
77 42
124 43
127 43
129 43
53 43
13 44
74 44
169 45
57 45
47 46
137 47
23 47
10 49
37 52
57 52
152 53
191 53
45 53
75 53
101 54
84 55
24 55
55 55
68 55
172 57
60 58
72 58
164 59
75 59
193 60
30 60
61 60
74 60
123 61
59 61
11 62
157 63
127 64
12 65
29 66
54 67
91 68
116 68
69 68
86 69
77 69
88 70
9 70
24 71
67 72
94 74
135 74
158 74
111 75
1 75
159 76
141 77
28 77
59 77
35 79
65 79
181 80
13 80
15 80
37 80
44 80
8 81
93 82
30 82
174 84
146 85
55 85
0 86
73 87
127 88
51 88
91 89
104 91
12 91
70 91
74 91
50 92
172 93
193 94
11 94
22 94
71 94
9 95
77 95
36 96
142 97
198 97
53 97
132 98
19 98
37 98
23 99
10 100
33 100
38 100.7
70 100.7
100 101.7
123 101.7
143 102.7
177 102.7
33 102.7
44 102.7
68 102.7
141 103.7
157 103.7
166 103.7
179 103.7
9 103.7
50 103.7
76 103.7
89 104.7
142 104.7
172 104.7
193 104.7
0 104.7
30 104.7
72 104.7
120 105.7
6 105.7
126 106.7
156 106.7
52 106.7
56 106.7
69 106.7
22 107.7
188 108.7
18 108.7
66 108.7
10 109.7
13 109.7
23 109.7
62 109.7
119 110.7
147 110.7
183 110.7
185 110.7
198 110.7
0 110.7
4 110.7
14 110.7
17 110.7
47 110.7
49 110.7
64 110.7
176 111.7
195 111.7
34 111.7
77 111.7
60 112.7
89 113.7
102 113.7
124 113.7
20 113.7
67 114.7
190 115.7
193 115.7
19 115.7
58 115.7
138 116.7
181 116.7
33 116.7
36 116.7
91 117.7
115 117.7
2 117.7
3 117.7
21 117.7
64 117.7
78 117.7
150 118.7
159 118.7
195 118.7
15 118.7
22 118.7
29 118.7
143 119.7
32 119.7
51 119.7
59 119.7
99 120.7
117 120.7
8 120.7
62 120.7
68 120.7
109 121.7
85 122.7
125 122.7
149 122.7
180 122.7
186 122.7
73 122.7
185 123.7
43 123.7
46 123.7
58 123.7
61 123.7
86 124.7
131 124.7
159 124.7
9 124.7
10 124.7
11 124.7
18 124.7
63 124.7
4 125.7
19 125.7
28 125.7
83 126.7
87 126.7
6 126.7
75 126.7
104 127.7
130 127.7
188 127.7
156 128.7
45 128.7
64 128.7
71 128.7
74 128.7
85 129.7
92 129.7
167 129.7
0 129.7
88 130.7
108 130.7
149 130.7
187 130.7
5 130.7
24 130.7
68 130.7
93 131.7
154 131.7
22 131.7
35 131.7
69 131.7
70 131.7
96 132.7
153 132.7
155 132.7
160 132.7
179 132.7
2 132.7
50 132.7
58 132.7
60 132.7
17 134.7
21 134.7
57 134.7
129 135.7
23 135.7
75 135.7
119 136.7
130 136.7
148 136.7
162 136.7
174 136.7
184 136.7
1 136.7
41 136.7
53 136.7
89 137.7
6 137.7
9 137.7
11 137.7
24 137.7
26 137.7
43 137.7
116 138.7
127 138.7
138 138.7
161 138.7
189 138.7
13 138.7
32 138.7
151 139.7
78 139.7
141 140.7
90 141.7
33 142.7
55 142.7
79 142.7
83 143.7
174 143.7
0 143.7
8 143.7
17 143.7
29 143.7
30 143.7
32 143.7
35 143.7
57 143.7
144 144.7
157 144.7
165 144.7
38 144.7
70 144.7
91 145.7
103 145.7
108 145.7
1 145.7
121 146.7
139 146.7
188 146.7
53 146.7
8 147.7
48 147.7
183 148.7
23 148.7
36 148.7
85 149.7
151 149.7
180 149.7
22 149.7
35 149.7
41 149.7
99 150.7
110 150.7
26 150.7
45 150.7
47 150.7
59 150.7
68 150.7
88 151.7
148 151.7
174 151.7
15 151.7
61 151.7
69 151.7
102 152.7
195 152.7
14 152.7
20 152.7
49 152.7
73 152.7
142 153.7
166 153.7
194 153.7
4 153.7
13 153.7
21 153.7
27 153.7
53 153.7
54 153.7
79 153.7
51 154.7
76 154.7
84 155.7
87 155.7
3 155.7
6 155.7
23 155.7
29 155.7
148 156.7
55 156.7
65 156.7
70 156.7
109 157.7
132 157.7
173 157.7
24 157.7
120 158.7
123 158.7
136 158.7
153 158.7
0 158.7
19 158.7
22 158.7
58 158.7
14 159.7
44 159.7
57 159.7
107 160.7
34 160.7
68 160.7
84 161.7
115 161.7
28 162.7
30 162.7
61 162.7
122 163.7
125 163.7
189 163.7
11 163.7
25 163.7
74 163.7
75 163.7
135 164.7
11 164.7
26 164.7
31 164.7
33 164.7
53 164.7
59 164.7
101 165.7
167 165.7
193 165.7
7 165.7
60 165.7
79 165.7
136 166.7
6 166.7
63 166.7
7 167.7
35 167.7
121 168.7
173 168.7
140 169.7
158 169.7
1 169.7
36 169.7
54 169.7
83 170.7
89 170.7
106 170.7
135 170.7
146 170.7
148 170.7
152 170.7
22 170.7
38 170.7
57 170.7
74 170.7
98 171.7
115 171.7
144 171.7
162 171.7
13 171.7
40 171.7
47 171.7
58 171.7
63 171.7
64 171.7
71 171.7
109 172.7
142 172.7
14 172.7
24 172.7
181 173.7
0 173.7
3 173.7
75 173.7
11 174.7
15 174.7
23 174.7
27 174.7
33 174.7
124 175.7
177 175.7
2 175.7
55 175.7
167 176.7
174 176.7
190 176.7
5 176.7
42 176.7
78 176.7
135 177.7
189 177.7
6 177.7
29 177.7
31 177.7
65 177.7
71 177.7
159 178.7
187 178.7
197 178.7
4 178.7
51 178.7
59 178.7
74 178.7
82 179.7
95 179.7
60 179.7
111 180.7
155 180.7
25 180.7
44 180.7
113 182.7
133 182.7
196 182.7
13 182.7
20 182.7
62 182.7
76 182.7
124 183.7
141 183.7
185 183.7
37 183.7
115 184.7
22 184.7
33 184.7
39 184.7
57 184.7
84 185.7
120 185.7
67 186.7
171 187.7
28 187.7
83 188.7
166 188.7
188 188.7
4 188.7
17 188.7
78 188.7
85 189.7
102 189.7
6 189.7
32 189.7
43 189.7
142 190.7
5 190.7
44 190.7
45 190.7
75 190.7
76 190.7
116 191.7
125 191.7
129 191.7
176 191.7
182 191.7
16 191.7
25 191.7
49 191.7
61 191.7
64 191.7
65 191.7
69 191.7
73 191.7
138 192.7
26 192.7
31 192.7
131 193.7
195 193.7
157 194.7
53 194.7
59 194.7
189 196.7
14 196.7
50 196.7
60 196.7
77 196.7
78 196.7
159 197.7
173 197.7
199 197.7
18 197.7
68 197.7
75 197.7
8 198.7
31 198.7
34 198.7
36 198.7
37 198.7
71 198.7
74 198.7
101 199.7
158 199.7
166 199.7
13 199.7
19 199.7
23 199.7
1 201
88 202
8 204
49 204
151 206
23 207
35 207
75 207
76 207
105 208
114 209
14 209
64 209
166 211
15 212
59 213
69 213
31 216
77 216
151 219
12 219
24 219
52 219
68 219
195 220
180 221
0 221
197 222
141 223
184 223
196 223
55 223
70 223
178 225
56 225
59 225
66 225
19 227
82 229
74 229
86 230
107 230
60 230
67 230
138 231
160 231
126 233
177 233
13 233
58 233
124 234
130 234
24 234
75 234
137 236
15 236
48 236
21 237
3 238
148 241
13 242
76 242
68 243
126 244
183 244
5 244
67 244
146 246
59 246
60 247
71 247
0 248
54 248
142 249
82 250
152 251
25 251
70 251
13 252
107 253
28 253
5 254
10 255
65 256
163 257
64 257
132 258
93 259
71 259
17 260
7 261
41 261
57 261
18 262
21 262
85 263
13 263
24 263
26 263
180 264
73 264
140 265
43 265
19 266
72 266
193 267
52 267
191 268
90 269
34 270
76 271
126 272
142 272
31 272
189 273
29 273
39 273
61 273
136 274
65 274
116 275
159 276
37 276
38 277
86 278
109 278
47 278
53 278
113 279
196 279
1 279
28 279
101 281
8 281
19 282
31 282
48 282
99 283
82 284
184 284
46 284
26 286
55 286
76 286
80 287
108 287
69 287
178 288
59 288
122 289
140 289
2 289
54 289
42 290
66 290
123 291
190 291
194 291
134 292
195 293
23 293
78 293
98 294
55 294
60 294
6 295
110 296
184 296
182 298
88 299
37 299
57 299
197 300
