83 1
74 1
139 2
84 5
60 5
104 6
141 6
112 8
133 8
6 8
14 8
175 9
153 10
51 10
28 11
184 12
54 12
71 12
58 15
10 16
38 16
154 17
25 17
126 18
158 18
75 18
53 19
61 19
1 20
73 20
3 22
11 22
13 22
54 23
63 23
82 25
32 26
17 27
27 27
44 27
68 27
47 28
195 29
197 29
198 29
38 29
77 29
157 30
50 30
155 31
166 32
179 33
4 34
105 35
129 35
66 36
24 38
88 41
177 41
26 41
199 42
18 42
39 42
142 43
3 44
24 45
53 45
182 47
34 48
20 49
131 50
71 50
26 51
67 51
168 52
3 52
197 53
51 55
129 57
1 59
11 59
22 59
27 59
164 60
143 61
189 61
15 64
36 64
44 64
72 64
191 66
46 66
61 66
140 67
153 67
31 67
159 69
68 69
189 70
32 71
37 71
42 71
190 72
165 73
1 74
38 76
163 77
167 78
63 78
113 79
25 80
34 80
45 81
3 82
132 83
83 84
103 84
123 84
178 85
59 85
162 86
61 86
161 87
37 88
85 89
183 89
164 90
0 90
50 91
97 92
54 92
105 94
29 95
18 96
67 96
21 97
25 97
53 97
182 98
197 98
7 98
65 98
73 98
100 99
171 99
175 99
11 99
19 99
0 100.7
29 100.7
143 101.7
168 101.7
181 101.7
18 101.7
116 102.7
9 102.7
13 102.7
54 102.7
80 103.7
189 103.7
63 103.7
76 103.7
82 104.7
121 104.7
158 104.7
159 104.7
179 104.7
6 104.7
27 104.7
30 104.7
35 104.7
38 104.7
47 104.7
48 104.7
55 104.7
56 104.7
131 105.7
2 105.7
16 105.7
69 105.7
199 106.7
14 106.7
22 106.7
42 106.7
177 107.7
198 107.7
40 107.7
51 108.7
68 108.7
84 109.7
114 109.7
122 109.7
138 110.7
160 110.7
161 110.7
163 110.7
0 110.7
26 110.7
57 110.7
73 110.7
167 111.7
168 111.7
171 111.7
183 111.7
50 111.7
159 113.7
181 113.7
17 113.7
90 114.7
36 114.7
111 115.7
120 115.7
192 115.7
25 115.7
28 115.7
32 115.7
45 115.7
147 116.7
157 116.7
158 116.7
10 116.7
11 116.7
24 116.7
26 116.7
34 116.7
38 116.7
46 116.7
100 117.7
102 117.7
123 117.7
145 117.7
151 117.7
171 117.7
8 117.7
20 117.7
35 117.7
51 117.7
65 117.7
7 118.7
27 118.7
52 118.7
70 118.7
81 119.7
94 119.7
140 119.7
141 119.7
165 119.7
166 119.7
199 119.7
9 119.7
44 119.7
53 119.7
54 119.7
75 119.7
33 120.7
194 121.7
31 121.7
115 122.7
162 122.7
32 122.7
41 122.7
55 122.7
63 122.7
86 123.7
114 123.7
125 123.7
56 123.7
60 123.7
68 123.7
85 124.7
154 124.7
159 124.7
167 124.7
52 124.7
87 125.7
117 125.7
146 125.7
6 125.7
37 125.7
42 125.7
61 125.7
137 126.7
47 127.7
116 128.7
157 128.7
50 128.7
27 129.7
113 130.7
150 130.7
155 130.7
11 130.7
23 130.7
26 130.7
44 130.7
62 130.7
78 130.7
168 131.7
177 131.7
10 131.7
17 131.7
33 131.7
49 131.7
65 131.7
69 131.7
176 132.7
15 132.7
51 132.7
57 132.7
59 132.7
63 132.7
70 132.7
125 133.7
128 133.7
141 133.7
179 133.7
190 133.7
79 133.7
88 134.7
170 134.7
39 134.7
156 135.7
21 135.7
34 135.7
35 135.7
55 135.7
82 136.7
121 136.7
152 136.7
7 136.7
28 136.7
40 136.7
80 137.7
106 137.7
108 137.7
160 137.7
37 137.7
68 137.7
73 137.7
75 137.7
102 138.7
182 138.7
183 138.7
2 138.7
42 138.7
51 139.7
168 140.7
195 140.7
67 140.7
107 141.7
29 141.7
72 141.7
109 142.7
137 142.7
154 142.7
164 142.7
49 142.7
84 143.7
88 143.7
89 143.7
131 143.7
148 143.7
152 143.7
6 143.7
27 143.7
39 143.7
52 143.7
69 143.7
85 144.7
87 144.7
118 144.7
26 144.7
35 144.7
41 144.7
115 145.7
128 145.7
12 145.7
47 145.7
90 146.7
98 146.7
172 146.7
65 146.7
91 147.7
171 147.7
18 147.7
68 147.7
183 148.7
22 148.7
76 148.7
145 149.7
157 149.7
165 149.7
25 149.7
48 149.7
70 149.7
71 149.7
112 150.7
4 150.7
7 150.7
43 150.7
58 150.7
75 150.7
155 151.7
41 151.7
61 151.7
108 152.7
121 152.7
144 152.7
179 152.7
18 152.7
34 152.7
37 152.7
96 153.7
186 153.7
5 153.7
6 153.7
45 153.7
67 153.7
30 154.7
46 154.7
79 154.7
190 155.7
191 155.7
42 155.7
51 155.7
123 156.7
147 156.7
149 156.7
169 156.7
24 156.7
70 156.7
73 156.7
87 157.7
168 157.7
2 157.7
19 157.7
44 157.7
59 157.7
162 158.7
13 158.7
35 158.7
89 159.7
74 159.7
164 160.7
199 160.7
77 160.7
163 161.7
48 161.7
135 163.7
138 163.7
151 163.7
30 163.7
38 163.7
103 164.7
112 164.7
143 164.7
156 164.7
160 164.7
39 164.7
40 164.7
41 164.7
43 164.7
45 164.7
85 165.7
140 165.7
144 165.7
174 165.7
7 165.7
31 165.7
68 165.7
1 167.7
2 167.7
49 167.7
70 167.7
182 168.7
62 168.7
28 169.7
42 169.7
53 169.7
79 169.7
141 170.7
15 170.7
17 170.7
18 170.7
29 170.7
32 170.7
109 171.7
127 171.7
139 171.7
167 171.7
198 171.7
199 171.7
8 171.7
54 171.7
71 171.7
95 172.7
179 172.7
16 172.7
56 172.7
90 173.7
145 173.7
26 173.7
130 174.7
132 174.7
136 174.7
165 174.7
20 174.7
6 175.7
39 175.7
93 176.7
128 176.7
194 176.7
14 176.7
24 176.7
57 176.7
65 176.7
75 176.7
118 177.7
171 177.7
172 177.7
2 177.7
3 177.7
19 177.7
23 177.7
31 177.7
34 177.7
67 177.7
77 177.7
116 178.7
161 178.7
168 178.7
13 178.7
74 178.7
41 179.7
55 179.7
102 180.7
27 180.7
66 180.7
144 181.7
30 181.7
62 181.7
157 182.7
37 182.7
70 182.7
77 182.7
119 183.7
155 183.7
162 183.7
166 183.7
185 183.7
189 183.7
199 183.7
17 183.7
31 183.7
42 183.7
52 183.7
73 183.7
81 184.7
114 184.7
174 184.7
184 184.7
22 184.7
28 184.7
126 185.7
153 185.7
44 185.7
45 185.7
61 185.7
183 186.7
9 186.7
20 186.7
69 186.7
136 187.7
142 187.7
197 187.7
58 187.7
59 187.7
143 188.7
8 188.7
11 188.7
65 188.7
115 189.7
132 189.7
161 189.7
180 189.7
5 189.7
7 189.7
36 189.7
40 189.7
46 189.7
70 189.7
99 190.7
145 190.7
175 190.7
21 190.7
22 190.7
61 190.7
164 191.7
196 191.7
1 191.7
6 191.7
24 191.7
28 191.7
60 191.7
96 192.7
156 192.7
10 192.7
77 192.7
87 193.7
71 193.7
23 194.7
74 194.7
131 195.7
132 195.7
157 195.7
12 195.7
19 195.7
45 195.7
89 196.7
111 196.7
119 196.7
44 196.7
46 196.7
123 197.7
126 197.7
129 197.7
169 197.7
36 197.7
63 197.7
66 197.7
154 198.7
40 198.7
56 198.7
141 199.7
165 199.7
24 199.7
75 199.7
7 202
30 202
185 205
50 205
15 207
2 208
66 208
64 209
9 210
134 211
78 211
75 212
86 213
89 213
171 213
46 214
50 214
56 214
3 215
98 216
30 216
6 218
56 218
142 219
95 220
48 220
62 221
179 222
15 222
50 222
16 224
76 224
138 225
33 225
130 227
59 229
135 230
1 230
32 230
56 230
4 231
36 232
49 232
190 235
193 235
70 235
19 236
46 236
88 237
33 237
123 238
53 239
65 239
57 241
75 241
177 243
195 243
26 243
192 244
40 244
51 244
159 245
173 248
59 248
44 249
98 250
133 250
136 250
8 250
23 250
195 251
73 251
61 252
66 252
117 253
0 254
24 254
110 256
14 256
37 256
74 256
65 258
57 259
11 260
63 260
145 261
53 261
43 262
161 264
23 266
60 266
166 267
179 267
34 267
105 269
186 270
174 272
37 273
133 275
0 275
17 276
91 277
168 277
71 279
83 281
147 281
161 281
192 281
75 281
67 282
3 283
60 283
39 286
28 287
84 289
139 289
153 289
186 290
68 290
73 290
2 292
172 295
13 295
61 295
72 295
148 296
140 298
144 298
165 298
14 299
40 300
