166 1
110 3
10 4
30 4
130 5
196 5
41 5
14 7
55 10
14 12
76 12
53 13
91 16
84 19
78 20
188 21
161 22
14 22
49 22
73 22
123 23
16 23
85 24
6 24
25 24
41 26
75 26
24 27
27 27
61 27
180 28
199 28
21 28
47 28
142 29
173 29
55 29
59 33
125 36
25 36
82 37
135 37
110 38
137 39
77 40
117 41
50 41
126 42
194 42
185 44
181 45
70 45
131 46
133 46
35 46
99 47
118 47
170 47
1 47
14 47
55 47
62 48
87 49
4 49
67 49
28 50
161 51
133 52
5 52
42 52
113 53
84 54
129 54
29 54
39 54
57 54
16 57
105 58
171 59
167 60
67 60
157 62
2 62
17 62
194 63
76 63
57 64
92 68
57 68
104 69
8 69
114 72
0 72
19 73
120 74
176 74
143 77
183 77
23 77
170 78
9 78
90 79
134 79
34 80
26 81
68 81
101 82
15 82
83 83
5 83
172 85
139 90
100 93
20 94
53 94
33 95
62 95
11 96
38 96
74 96
1 97
40 97
75 97
174 98
55 99
60 99
92 100
188 100
180 100.7
39 100.7
22 101.7
52 101.7
53 101.7
63 101.7
68 101.7
72 101.7
119 102.7
178 102.7
26 102.7
58 102.7
77 102.7
84 103.7
137 103.7
152 103.7
50 103.7
81 104.7
107 104.7
185 104.7
9 104.7
28 104.7
48 104.7
155 105.7
27 105.7
49 105.7
115 106.7
147 106.7
38 106.7
44 106.7
125 107.7
54 107.7
67 107.7
105 108.7
121 108.7
128 108.7
134 108.7
169 108.7
25 108.7
26 108.7
32 108.7
46 108.7
78 108.7
177 109.7
3 109.7
8 109.7
187 110.7
23 110.7
180 111.7
68 111.7
175 112.7
183 112.7
192 112.7
38 112.7
69 112.7
73 112.7
108 113.7
138 113.7
9 113.7
22 113.7
130 114.7
186 114.7
197 114.7
4 114.7
67 114.7
77 114.7
133 115.7
181 115.7
20 115.7
49 115.7
52 115.7
96 116.7
127 116.7
132 116.7
140 116.7
176 116.7
7 116.7
27 116.7
64 116.7
147 117.7
166 117.7
0 117.7
57 117.7
182 118.7
11 118.7
75 118.7
149 119.7
165 119.7
172 119.7
4 119.7
48 119.7
194 120.7
6 120.7
33 120.7
58 120.7
61 120.7
89 121.7
188 121.7
1 121.7
12 121.7
30 121.7
32 121.7
62 121.7
63 121.7
67 121.7
71 121.7
72 121.7
142 122.7
177 122.7
43 122.7
47 122.7
56 122.7
59 122.7
86 123.7
14 124.7
26 124.7
28 124.7
29 125.7
41 125.7
50 125.7
146 126.7
157 126.7
3 126.7
44 126.7
95 127.7
109 127.7
112 127.7
2 127.7
23 127.7
39 127.7
53 127.7
73 127.7
93 128.7
139 128.7
145 128.7
147 128.7
178 128.7
8 128.7
12 128.7
18 128.7
64 128.7
78 128.7
185 129.7
38 129.7
45 129.7
54 129.7
74 129.7
76 129.7
77 129.7
162 130.7
196 130.7
6 130.7
49 130.7
52 130.7
75 130.7
140 131.7
13 131.7
46 131.7
55 131.7
59 131.7
88 133.7
92 133.7
141 133.7
31 133.7
33 133.7
43 133.7
63 133.7
70 133.7
192 134.7
194 134.7
16 134.7
60 134.7
99 135.7
104 135.7
110 135.7
182 135.7
2 135.7
15 135.7
20 135.7
28 135.7
41 135.7
61 135.7
68 135.7
83 136.7
121 136.7
153 136.7
188 137.7
55 138.7
56 138.7
67 138.7
27 139.7
91 140.7
23 140.7
36 140.7
120 141.7
157 141.7
39 141.7
63 141.7
66 141.7
86 142.7
100 142.7
113 142.7
126 142.7
140 142.7
146 142.7
199 142.7
22 142.7
44 142.7
51 142.7
57 142.7
75 142.7
76 142.7
94 143.7
42 143.7
74 143.7
80 144.7
93 144.7
14 144.7
46 144.7
48 144.7
79 144.7
4 145.7
11 145.7
117 146.7
125 146.7
54 146.7
111 147.7
118 147.7
181 147.7
13 147.7
21 147.7
23 147.7
155 148.7
159 148.7
161 148.7
168 148.7
184 148.7
193 148.7
9 148.7
17 148.7
26 148.7
34 148.7
65 148.7
95 149.7
27 149.7
35 149.7
53 149.7
67 149.7
18 150.7
70 150.7
73 150.7
29 151.7
39 151.7
174 152.7
25 152.7
56 152.7
117 153.7
130 153.7
143 153.7
150 153.7
191 153.7
61 153.7
69 153.7
86 154.7
92 154.7
112 154.7
158 154.7
189 154.7
40 154.7
43 154.7
62 154.7
63 154.7
66 154.7
84 155.7
87 155.7
101 155.7
108 155.7
140 155.7
153 155.7
178 155.7
54 155.7
100 156.7
147 156.7
176 156.7
16 156.7
30 156.7
38 156.7
55 156.7
68 156.7
116 157.7
119 158.7
0 158.7
12 158.7
50 158.7
73 158.7
124 159.7
134 159.7
26 159.7
61 159.7
83 160.7
94 160.7
135 160.7
21 160.7
33 160.7
41 160.7
76 160.7
98 161.7
110 161.7
156 161.7
177 161.7
9 161.7
10 161.7
31 161.7
51 161.7
79 161.7
1 162.7
17 162.7
29 162.7
35 162.7
151 163.7
173 163.7
180 163.7
193 163.7
16 163.7
30 163.7
42 163.7
53 163.7
57 163.7
65 163.7
82 164.7
109 164.7
121 164.7
171 164.7
175 164.7
199 164.7
7 165.7
24 165.7
31 166.7
55 166.7
67 166.7
130 167.7
155 167.7
187 167.7
59 167.7
101 168.7
158 168.7
25 168.7
48 168.7
54 168.7
63 168.7
91 169.7
23 169.7
78 169.7
151 170.7
198 170.7
30 170.7
40 170.7
46 170.7
60 170.7
3 171.7
11 171.7
27 171.7
66 171.7
116 172.7
160 172.7
176 172.7
8 172.7
29 172.7
74 172.7
169 173.7
26 173.7
39 173.7
99 174.7
153 174.7
19 174.7
33 174.7
51 174.7
71 174.7
85 175.7
88 175.7
98 175.7
138 175.7
186 175.7
84 176.7
89 176.7
107 176.7
126 176.7
192 176.7
24 176.7
30 176.7
41 176.7
133 177.7
23 177.7
34 178.7
38 178.7
51 178.7
157 179.7
173 179.7
0 179.7
22 179.7
29 179.7
103 180.7
130 180.7
165 180.7
55 180.7
57 180.7
60 180.7
102 181.7
149 181.7
160 181.7
162 181.7
188 181.7
191 181.7
17 181.7
32 181.7
35 181.7
127 182.7
167 182.7
10 182.7
31 182.7
45 182.7
49 182.7
65 182.7
75 182.7
50 183.7
64 184.7
79 184.7
138 185.7
7 185.7
56 185.7
84 186.7
151 186.7
171 186.7
22 186.7
28 186.7
36 186.7
41 186.7
42 186.7
76 186.7
116 187.7
166 187.7
9 187.7
62 187.7
72 187.7
121 188.7
146 188.7
162 188.7
182 188.7
183 188.7
3 188.7
71 188.7
23 189.7
34 189.7
105 190.7
50 190.7
117 191.7
131 191.7
172 191.7
175 191.7
192 191.7
47 191.7
2 192.7
32 192.7
60 192.7
95 193.7
195 193.7
198 193.7
54 193.7
111 194.7
8 194.7
35 194.7
59 194.7
64 194.7
152 195.7
4 195.7
28 195.7
37 195.7
39 195.7
41 195.7
76 195.7
114 196.7
130 196.7
150 196.7
5 196.7
27 196.7
48 196.7
49 196.7
58 196.7
65 196.7
75 196.7
78 196.7
15 197.7
77 197.7
93 198.7
26 198.7
44 198.7
147 199.7
155 199.7
157 199.7
196 199.7
3 199.7
56 201
75 201
100 204
137 204
79 205
27 206
63 206
129 207
2 207
6 207
39 208
40 208
59 208
93 210
157 211
159 211
14 211
13 212
26 212
193 214
68 215
69 215
139 216
135 218
11 218
18 218
29 218
146 221
38 221
1 223
150 224
48 225
139 229
18 230
120 231
26 231
55 231
7 232
88 233
116 233
191 235
35 235
150 236
198 236
27 238
68 238
156 240
9 240
44 240
51 241
74 241
100 242
92 244
103 245
121 245
134 247
80 248
113 249
157 250
176 250
14 250
91 251
92 253
10 253
28 253
124 255
27 255
194 256
125 257
167 257
0 257
62 258
15 259
168 261
191 261
7 261
46 261
179 263
42 265
54 266
194 267
75 267
2 268
153 269
30 270
41 271
79 271
87 273
6 273
110 274
46 274
144 275
32 276
47 276
60 276
16 277
17 278
3 279
63 279
177 280
8 280
171 282
97 283
136 283
56 283
52 285
14 286
145 287
159 287
39 289
48 289
62 289
65 289
131 290
140 290
157 290
41 291
37 292
52 292
3 293
25 293
21 294
66 294
90 295
15 296
35 297
73 297
123 298
20 298
34 298
11 299
155 300
